0 0.046046 0.355132 0.054375 0.055288
0 0.105919 0.346130 0.039099 0.035433
0 0.179225 0.340625 0.052536 0.050697
0 0.196641 0.372392 0.030541 0.033606
0 0.230547 0.350096 0.033594 0.058654
0 0.266737 0.351160 0.045517 0.058954
0 0.304315 0.349790 0.035745 0.056214
0 0.365252 0.351773 0.051322 0.060781
0 0.418251 0.349483 0.037560 0.056202
0 0.452001 0.353762 0.032993 0.051322
0 0.494309 0.361701 0.036959 0.047656
0 0.538906 0.344447 0.038798 0.049784
0 0.583047 0.349183 0.043377 0.060481
0 0.645667 0.347350 0.021382 0.021382
0 0.701719 0.349026 0.043077 0.054688
0 0.740511 0.351923 0.054675 0.053149
0 0.781593 0.307482 0.031767 0.019243
0 0.820391 0.300613 0.043978 0.039712
0 0.852157 0.309165 0.034219 0.059868
0 0.900877 0.340475 0.046130 0.075445
0 0.056430 0.494423 0.047043 0.065673
0 0.100114 0.496256 0.028113 0.060781
0 0.127151 0.490607 0.029014 0.060493
0 0.150517 0.505883 0.023221 0.028714
0 0.169459 0.503894 0.025048 0.033293
0 0.196028 0.518101 0.049483 0.044591
0 0.234213 0.516725 0.049483 0.093786
0 0.291178 0.495186 0.036346 0.061094
0 0.262470 0.509850 0.026575 0.026262
0 0.326310 0.507410 0.024135 0.036046
0 0.355168 0.508786 0.032380 0.025962
0 0.412139 0.501298 0.047957 0.030553
0 0.471707 0.492740 0.060168 0.057428
0 0.510649 0.509243 0.028101 0.026274
0 0.534020 0.500385 0.027175 0.054375
0 0.568846 0.492590 0.043678 0.064459
0 0.613444 0.501755 0.041238 0.040024
0 0.656202 0.506490 0.043077 0.028101
0 0.690721 0.527873 0.054688 0.086130
0 0.795799 0.507254 0.036959 0.036959
0 0.838570 0.494880 0.055288 0.056202
0 0.879195 0.500234 0.034519 0.041238
0 0.914165 0.502061 0.042151 0.041839
0 0.760980 0.488011 0.040012 0.057127
0 0.052392 0.637007 0.022668 0.048173
0 0.073323 0.637794 0.021719 0.050998
0 0.093155 0.642674 0.018570 0.044387
0 0.119916 0.630397 0.032428 0.055721
0 0.176418 0.642049 0.026442 0.034315
0 0.204123 0.643936 0.028966 0.031791
0 0.220493 0.654796 0.048486 0.117115
0 0.349093 0.629141 0.050685 0.056358
0 0.392855 0.645986 0.033065 0.039038
0 0.427638 0.648023 0.034627 0.037464
0 0.464946 0.639213 0.038089 0.056983
0 0.503822 0.643149 0.030216 0.032115
0 0.534044 0.645192 0.030228 0.033053
0 0.568678 0.648185 0.045962 0.033365
0 0.614639 0.630709 0.033990 0.059495
0 0.648011 0.644093 0.020781 0.051623
0 0.676653 0.642987 0.023930 0.040613
0 0.704988 0.642362 0.022668 0.043137
0 0.728281 0.644724 0.022668 0.035264
0 0.760240 0.636382 0.038726 0.048798
0 0.805571 0.646923 0.048161 0.035264
0 0.846496 0.642206 0.030541 0.040925
0 0.878606 0.634020 0.043750 0.066743
0 0.910403 0.648341 0.041863 0.041250
0 0.954321 0.645823 0.044700 0.043762
