0 0.029748 0.196869 0.031154 0.065373
0 0.048221 0.207103 0.024135 0.054063
0 0.074952 0.211376 0.025649 0.038185
0 0.100150 0.244826 0.024748 0.101406
0 0.123516 0.211839 0.025661 0.044591
0 0.149946 0.211833 0.024748 0.042151
0 0.174231 0.251088 0.035433 0.129820
0 0.234399 0.198245 0.038486 0.071779
0 0.268762 0.202518 0.022909 0.047344
0 0.295950 0.206184 0.028413 0.036959
0 0.358576 0.199159 0.029627 0.076058
0 0.390036 0.215805 0.027188 0.038486
0 0.420276 0.200535 0.034519 0.068425
0 0.449904 0.222374 0.024135 0.032680
0 0.476172 0.215048 0.024748 0.037572
0 0.491779 0.243786 0.030216 0.094447
0 0.518696 0.212855 0.018882 0.043906
0 0.541833 0.196803 0.024555 0.066587
0 0.567332 0.209081 0.021731 0.035421
0 0.590938 0.207422 0.026442 0.050060
0 0.617620 0.210258 0.024087 0.040613
0 0.645956 0.209315 0.025974 0.041562
0 0.676178 0.210024 0.026923 0.037308
0 0.709465 0.210258 0.028329 0.038714
0 0.741340 0.244255 0.062800 0.107668
0 0.029243 0.344135 0.030697 0.067524
0 0.058756 0.348852 0.026454 0.051478
0 0.083786 0.340823 0.016995 0.071310
0 0.132416 0.340589 0.042500 0.065168
0 0.166184 0.347200 0.032584 0.045337
0 0.190036 0.344129 0.019832 0.062800
0 0.215529 0.340120 0.030216 0.074615
0 0.241502 0.352873 0.030216 0.049111
0 0.271490 0.353107 0.034471 0.042031
0 0.317290 0.342242 0.042969 0.061863
0 0.351052 0.352163 0.037776 0.047692
0 0.389309 0.357350 0.040613 0.042969
0 0.475090 0.340691 0.048906 0.063377
0 0.501641 0.340907 0.039459 0.071358
0 0.531971 0.354754 0.025817 0.037776
0 0.555998 0.370499 0.049952 0.074291
0 0.595451 0.350138 0.026863 0.045757
0 0.622740 0.355703 0.020986 0.032536
0 0.649393 0.354651 0.040300 0.050168
0 0.717494 0.350240 0.026647 0.044279
0 0.742157 0.350349 0.029387 0.048269
0 0.770072 0.336917 0.024351 0.071358
0 0.791797 0.350451 0.024555 0.040925
0 0.820751 0.352969 0.027488 0.033365
0 0.867975 0.341010 0.032103 0.060240
0 0.893053 0.348041 0.021827 0.034832
0 0.918552 0.351923 0.040925 0.039255
0 0.022458 0.488065 0.024243 0.069038
0 0.045066 0.490583 0.013978 0.053089
0 0.067686 0.504237 0.028185 0.040637
0 0.090409 0.499213 0.032115 0.111430
0 0.110397 0.483810 0.021851 0.066202
0 0.125577 0.500192 0.017260 0.031683
0 0.147103 0.500084 0.022284 0.043269
0 0.166106 0.496376 0.014856 0.045445
0 0.218546 0.492656 0.026226 0.054615
0 0.241052 0.483371 0.016166 0.067512
0 0.262680 0.495607 0.032764 0.047849
0 0.289880 0.488942 0.024687 0.043269
0 0.309213 0.491130 0.022728 0.038894
0 0.371923 0.494952 0.024471 0.041298
0 0.398468 0.497794 0.028618 0.037800
0 0.428834 0.487308 0.034303 0.066635
0 0.453744 0.495607 0.023377 0.039988
0 0.481599 0.503582 0.017909 0.035841
0 0.504105 0.493750 0.022728 0.043269
0 0.530102 0.494075 0.029267 0.039543
0 0.599904 0.516905 0.033870 0.099195
0 0.629291 0.488071 0.026226 0.045877
0 0.649940 0.476160 0.017260 0.070565
0 0.668834 0.494075 0.024904 0.043918
0 0.698444 0.482608 0.030805 0.061178
0 0.726304 0.490577 0.025781 0.044351
0 0.754375 0.493966 0.027740 0.036707
0 0.780703 0.490469 0.023594 0.043702
0 0.811178 0.491022 0.039543 0.036923
0 0.869736 0.488065 0.034303 0.071226
0 0.893438 0.480968 0.031899 0.069267
0 0.910258 0.492548 0.023161 0.040865
0 0.925114 0.501947 0.035829 0.073630
0 0.954940 0.488065 0.024687 0.051562
0 0.979303 0.494075 0.031466 0.044784
0 0.027698 0.632812 0.029050 0.050913
0 0.055775 0.637620 0.021406 0.038245
0 0.074129 0.635108 0.027536 0.112740
0 0.098816 0.665691 0.024026 0.109243
0 0.123395 0.636526 0.021623 0.040865
0 0.148522 0.639369 0.023822 0.040421
0 0.178239 0.638930 0.023377 0.035168
0 0.207951 0.625493 0.033858 0.063798
0 0.276226 0.628113 0.029279 0.073846
0 0.302879 0.633359 0.021839 0.041070
0 0.323852 0.636526 0.020541 0.037788
0 0.374213 0.636857 0.027752 0.049820
0 0.408840 0.639153 0.041070 0.050469
0 0.440631 0.629754 0.016382 0.060950
0 0.459639 0.636526 0.022067 0.037788
0 0.480288 0.633690 0.021418 0.046971
0 0.501587 0.621779 0.024255 0.068173
0 0.524639 0.636749 0.020529 0.045661
0 0.552494 0.639802 0.030373 0.048281
0 0.621208 0.619267 0.025781 0.068389
0 0.645787 0.634778 0.020757 0.037368
0 0.673095 0.624507 0.030805 0.059207
0 0.702590 0.631502 0.027752 0.045673
0 0.724549 0.637296 0.021406 0.034087
0 0.744651 0.667338 0.029279 0.106839
0 0.769117 0.630625 0.023161 0.043918
0 0.792392 0.632927 0.027740 0.038450
0 0.028131 0.776472 0.032392 0.057200
0 0.052133 0.776244 0.011478 0.053065
0 0.074189 0.781070 0.025276 0.032861
0 0.100379 0.766941 0.026190 0.066166
0 0.127488 0.777157 0.023438 0.040204
0 0.150006 0.782332 0.026190 0.031250
0 0.179183 0.768317 0.033077 0.059736
0 0.209279 0.777392 0.018389 0.036058
0 0.231563 0.782788 0.031707 0.037212
0 0.299796 0.766713 0.033077 0.065709
0 0.324495 0.782674 0.026875 0.036070
0 0.353672 0.759934 0.031478 0.069147
0 0.365505 0.793131 0.036755 0.118089
0 0.396172 0.768774 0.024123 0.064784
0 0.416160 0.778197 0.029171 0.051010
