0 0.022915 0.490300 0.026575 0.065673
0 0.053918 0.479153 0.038486 0.101406
0 0.091334 0.502668 0.030240 0.045817
0 0.133642 0.507103 0.040938 0.041851
0 0.165865 0.510919 0.045505 0.145397
0 0.193510 0.510919 0.028101 0.047656
0 0.227416 0.507254 0.040312 0.049483
0 0.320126 0.515655 0.038185 0.110276
0 0.353263 0.503588 0.030541 0.053762
0 0.378317 0.513972 0.017716 0.031767
0 0.421995 0.513972 0.029327 0.037873
0 0.453762 0.503588 0.031154 0.065974
0 0.491641 0.510313 0.040325 0.047043
0 0.532266 0.511683 0.042151 0.043678
0 0.569681 0.500078 0.026575 0.066286
0 0.604814 0.516719 0.065060 0.117909
0 0.646352 0.510613 0.020469 0.054375
0 0.666514 0.538413 0.037572 0.091034
0 0.703780 0.510156 0.030252 0.036346
0 0.787169 0.499922 0.039411 0.066599
0 0.828257 0.510919 0.037260 0.039700
0 0.850859 0.520234 0.034219 0.098666
0 0.872392 0.508173 0.015577 0.048269
0 0.896827 0.514279 0.024135 0.048870
0 0.922951 0.506641 0.020156 0.056815
0 0.947386 0.502524 0.024435 0.073005
0 0.976094 0.513215 0.035433 0.044291
