0 0.018558 0.489519 0.024928 0.064135
0 0.039615 0.495403 0.014687 0.045998
0 0.060811 0.504267 0.022993 0.032692
0 0.087746 0.502746 0.023401 0.036839
0 0.148347 0.492566 0.029916 0.053329
0 0.175841 0.503780 0.022019 0.028113
0 0.199603 0.502879 0.020505 0.032416
0 0.224531 0.494435 0.020505 0.050697
0 0.252236 0.490691 0.024663 0.053185
0 0.272043 0.496100 0.012187 0.044603
0 0.292476 0.502470 0.024231 0.035180
0 0.321076 0.505240 0.028810 0.033798
0 0.413816 0.484459 0.032272 0.053462
0 0.439026 0.497963 0.023413 0.031166
0 0.459940 0.483630 0.021755 0.054567
0 0.515487 0.502326 0.027007 0.034075
0 0.542843 0.502398 0.027151 0.031719
0 0.596172 0.493462 0.031022 0.055409
0 0.625258 0.498522 0.023546 0.039207
0 0.647422 0.500042 0.025757 0.033930
0 0.697356 0.487855 0.032548 0.055541
0 0.727284 0.487091 0.019255 0.054303
0 0.753876 0.496719 0.020084 0.035601
0 0.773888 0.482800 0.014123 0.055962
0 0.789405 0.482662 0.014675 0.052079
0 0.809423 0.496238 0.023966 0.040721
0 0.868011 0.495541 0.030060 0.032404
0 0.888233 0.528990 0.023413 0.037813
0 0.934982 0.498101 0.022993 0.033942
0 0.955487 0.489099 0.011358 0.043077
0 0.974531 0.496581 0.022861 0.032825
