0 0.039615 0.471280 0.034063 0.035877
0 0.075865 0.463960 0.020865 0.053450
0 0.100944 0.471647 0.032224 0.030024
0 0.137374 0.469453 0.025998 0.035877
0 0.170150 0.473840 0.032224 0.037344
0 0.212987 0.458468 0.034411 0.056382
0 0.256923 0.470553 0.036611 0.032957
0 0.287861 0.474760 0.028197 0.033317
0 0.325757 0.472194 0.038077 0.034050
0 0.447500 0.473113 0.041370 0.039543
0 0.487963 0.474393 0.035877 0.034050
0 0.532266 0.470006 0.041743 0.043570
0 0.614465 0.472933 0.036238 0.034784
0 0.644489 0.489952 0.031863 0.031490
0 0.673960 0.469633 0.024171 0.023065
0 0.705823 0.464507 0.048329 0.053822
0 0.785270 0.461581 0.014651 0.050901
0 0.815294 0.468900 0.037344 0.028185
0 0.886514 0.474026 0.041370 0.092644
0 0.920198 0.459387 0.024531 0.064808
0 0.948023 0.470553 0.031118 0.032957
0 0.970907 0.463407 0.027103 0.070661
0 0.053341 0.544141 0.039543 0.041743
0 0.089778 0.546520 0.025998 0.027464
0 0.117969 0.543227 0.028197 0.025998
0 0.151286 0.547073 0.031851 0.029291
0 0.232939 0.537374 0.051623 0.053089
0 0.262049 0.549820 0.025637 0.034063
0 0.302145 0.544507 0.046502 0.031490
0 0.342963 0.545974 0.029291 0.027091
0 0.371893 0.540667 0.031478 0.039916
0 0.470385 0.551833 0.043197 0.027825
0 0.502608 0.542314 0.021226 0.040998
0 0.527139 0.549087 0.023438 0.021611
0 0.557897 0.535355 0.034423 0.056382
0 0.590300 0.537740 0.028197 0.050889
0 0.673966 0.541581 0.036611 0.027825
0 0.709663 0.539567 0.022332 0.021611
0 0.726502 0.537188 0.017212 0.039543
0 0.748840 0.529681 0.024531 0.050901
0 0.794429 0.545060 0.038810 0.031851
0 0.822987 0.538287 0.015373 0.037344
0 0.850078 0.541214 0.026358 0.021971
0 0.883401 0.533714 0.041010 0.052356
