0 0.113107 0.473486 0.054892 0.034111
0 0.211695 0.468425 0.050625 0.057019
0 0.253269 0.478552 0.050625 0.038906
0 0.293233 0.468960 0.021851 0.058089
0 0.320944 0.476683 0.047440 0.050096
0 0.373702 0.468690 0.068750 0.070337
0 0.427524 0.479345 0.048486 0.036238
0 0.466424 0.471887 0.023978 0.057548
0 0.499201 0.476418 0.034099 0.037837
0 0.545294 0.469225 0.052752 0.061815
0 0.604718 0.465493 0.049026 0.067139
0 0.654279 0.461767 0.054351 0.066082
0 0.701442 0.472422 0.053822 0.053281
0 0.741142 0.480144 0.050096 0.041034
0 0.774712 0.467091 0.046899 0.074615
0 0.214363 0.538233 0.057019 0.037837
0 0.286833 0.538504 0.061286 0.063954
0 0.341460 0.544363 0.050084 0.040505
0 0.386761 0.542500 0.023450 0.064471
0 0.420859 0.548894 0.039435 0.047428
0 0.463498 0.539297 0.054351 0.064483
0 0.507194 0.545962 0.040493 0.044760
0 0.550361 0.554495 0.058630 0.057548
0 0.605517 0.547831 0.042091 0.039964
0 0.651082 0.537440 0.054351 0.069279
0 0.688113 0.543564 0.034639 0.045300
0 0.719561 0.536905 0.030373 0.065012
0 0.760060 0.535300 0.057019 0.062885
0 0.803221 0.544369 0.037837 0.045829
0 0.849056 0.543834 0.062344 0.046899
0 0.896214 0.537704 0.047957 0.059159
