0 0.099832 0.514832 0.034471 0.031611
0 0.146899 0.497067 0.024159 0.056490
0 0.176929 0.494760 0.045829 0.057548
0 0.216358 0.527091 0.041563 0.063942
0 0.062704 0.497776 0.064663 0.070697
0 0.293984 0.510397 0.022031 0.036947
0 0.331112 0.503822 0.040853 0.061466
0 0.370373 0.504706 0.043341 0.060397
0 0.419399 0.502224 0.056130 0.056130
0 0.461857 0.503642 0.039435 0.057548
0 0.490096 0.531887 0.029135 0.041562
0 0.513185 0.489075 0.029135 0.019183
0 0.592061 0.505775 0.024868 0.031262
0 0.624567 0.500799 0.038005 0.055421
0 0.700950 0.514477 0.035168 0.035180
0 0.671460 0.499201 0.071406 0.060757
0 0.750511 0.496178 0.034099 0.056130
0 0.786214 0.500625 0.047260 0.056490
0 0.820679 0.527446 0.030901 0.056839
0 0.962608 0.499910 0.056130 0.071406
