0 0.039417 0.312079 0.043786 0.065313
0 0.070817 0.327512 0.025481 0.030865
0 0.096298 0.331460 0.029784 0.032296
0 0.128954 0.332356 0.034087 0.033365
0 0.165385 0.319615 0.030144 0.048077
0 0.194627 0.331635 0.025481 0.039111
0 0.223696 0.334327 0.031935 0.033726
0 0.264249 0.339712 0.028353 0.036611
0 0.290264 0.333786 0.024399 0.034808
0 0.316280 0.332175 0.024772 0.025841
0 0.341220 0.331815 0.026550 0.033726
0 0.363113 0.329129 0.015072 0.036959
0 0.384645 0.334327 0.022248 0.029423
0 0.408684 0.324105 0.026550 0.047728
0 0.438113 0.330024 0.024399 0.035168
0 0.465030 0.334688 0.027272 0.027981
0 0.501809 0.332350 0.029075 0.032656
0 0.535186 0.332897 0.031214 0.030865
0 0.561556 0.354069 0.043065 0.073209
0 0.625078 0.317284 0.033017 0.064952
0 0.662584 0.322127 0.030505 0.054543
0 0.684111 0.322308 0.034808 0.056346
0 0.716587 0.317999 0.030144 0.049171
0 0.751575 0.323203 0.031226 0.048810
0 0.782800 0.320517 0.025481 0.080024
0 0.559044 0.456340 0.033017 0.048810
0 0.605162 0.459207 0.040541 0.055264
0 0.642668 0.461364 0.035168 0.059579
0 0.676214 0.463522 0.034808 0.055986
0 0.720715 0.466749 0.039844 0.052392
0 0.756244 0.457957 0.023329 0.075000
0 0.489069 0.496172 0.046647 0.083257
0 0.457127 0.473029 0.035168 0.031226
0 0.420349 0.475180 0.033365 0.034808
0 0.392356 0.476082 0.024760 0.034447
0 0.360240 0.471412 0.028702 0.040901
0 0.271424 0.465853 0.016142 0.049159
0 0.296004 0.471593 0.027993 0.036959
0 0.328299 0.460469 0.038762 0.061370
0 0.247560 0.474285 0.018654 0.033017
0 0.222440 0.473209 0.023678 0.028702
0 0.199297 0.473029 0.022608 0.034087
0 0.181707 0.469621 0.016154 0.031575
0 0.163588 0.462079 0.016502 0.050962
0 0.147260 0.466214 0.019736 0.054904
0 0.122500 0.472127 0.034808 0.034447
0 0.093612 0.476076 0.027993 0.083978
0 0.070282 0.474285 0.026550 0.034459
0 0.033498 0.463335 0.039111 0.057055
0 0.032602 0.601677 0.038762 0.053834
0 0.061310 0.602218 0.022260 0.057776
0 0.079970 0.603293 0.024411 0.060649
0 0.105090 0.608678 0.029435 0.036971
0 0.130571 0.611905 0.022969 0.026190
0 0.156406 0.612626 0.020096 0.039123
0 0.223516 0.615499 0.029435 0.033377
0 0.253480 0.613341 0.024050 0.029063
0 0.289724 0.608678 0.045577 0.052043
0 0.342837 0.597915 0.029063 0.048450
0 0.372800 0.618546 0.027284 0.030144
0 0.425553 0.612085 0.038029 0.044507
0 0.463774 0.611190 0.036250 0.050601
0 0.505397 0.599531 0.021178 0.050240
0 0.529982 0.607242 0.019387 0.044147
0 0.561202 0.608498 0.033005 0.049519
0 0.594219 0.611725 0.019375 0.043065
0 0.620956 0.609399 0.023329 0.049880
0 0.646791 0.597554 0.030505 0.067825
0 0.673888 0.603828 0.022248 0.058137
0 0.694159 0.608672 0.019014 0.042704
0 0.719459 0.612446 0.020096 0.038041
0 0.739375 0.613882 0.024038 0.040192
0 0.763239 0.618005 0.030853 0.034808
0 0.788179 0.612266 0.019026 0.041262
0 0.808636 0.606526 0.013281 0.056346
0 0.826400 0.610475 0.021526 0.032656
0 0.848287 0.602578 0.021526 0.057055
0 0.868564 0.610829 0.026190 0.039111
0 0.893504 0.611364 0.028714 0.027272
0 0.922933 0.609934 0.025841 0.030853
0 0.950204 0.606160 0.029423 0.037680
0 0.970661 0.643311 0.045938 0.093305
0 0.047133 0.674706 0.023329 0.078594
0 0.075126 0.669327 0.033377 0.049159
0 0.113522 0.669681 0.031226 0.054195
0 0.139002 0.674706 0.031947 0.054195
0 0.169327 0.675066 0.034447 0.056334
0 0.197680 0.677758 0.020096 0.086839
