0 0.159603 0.430276 0.039784 0.040144
0 0.207037 0.400439 0.039435 0.045829
0 0.285373 0.429748 0.034111 0.031971
0 0.340619 0.423702 0.042993 0.058269
0 0.402434 0.433119 0.046550 0.039435
0 0.479171 0.430631 0.031611 0.021671
0 0.519669 0.424772 0.047248 0.053990
0 0.708678 0.491563 0.038726 0.041923
0 0.749177 0.524958 0.042993 0.041911
0 0.802290 0.494405 0.033401 0.033401
0 0.864645 0.486947 0.047248 0.058269
0 0.381292 0.575937 0.037656 0.060745
0 0.335108 0.572921 0.039784 0.015625
0 0.234742 0.553023 0.039435 0.036238
0 0.191935 0.579315 0.043341 0.034111
0 0.145745 0.570968 0.048317 0.049387
0 0.361418 0.478846 0.525240 0.035072
