0 0.131538 0.411671 0.041923 0.050457
0 0.178431 0.423395 0.037656 0.044050
0 0.214495 0.425703 0.038726 0.035180
0 0.258011 0.426947 0.036238 0.037668
0 0.302776 0.415757 0.025577 0.061466
0 0.331202 0.428191 0.036947 0.035877
0 0.374014 0.428017 0.038726 0.036947
0 0.421082 0.421617 0.049736 0.047608
0 0.475619 0.425523 0.034459 0.036238
0 0.534063 0.423041 0.038365 0.039087
0 0.568522 0.462296 0.043341 0.102668
0 0.634603 0.417181 0.046899 0.055781
0 0.677416 0.426412 0.030913 0.029483
0 0.711875 0.415757 0.036587 0.057909
0 0.749002 0.427656 0.034111 0.038365
0 0.774399 0.419663 0.017404 0.055072
0 0.811346 0.415048 0.032332 0.060745
0 0.849718 0.428191 0.035877 0.038714
0 0.888624 0.433161 0.031983 0.028774
0 0.577939 0.551466 0.045829 0.061466
0 0.628029 0.553425 0.051514 0.063942
0 0.679369 0.568882 0.044772 0.046538
0 0.724129 0.571719 0.047608 0.096995
0 0.770499 0.567987 0.031623 0.046190
0 0.428546 0.570300 0.079591 0.037308
0 0.366016 0.572614 0.036238 0.036238
0 0.124609 0.554663 0.047248 0.064303
0 0.174880 0.564790 0.039087 0.041214
0 0.209519 0.559639 0.022380 0.055072
0 0.252867 0.563546 0.029483 0.037308
0 0.286262 0.555733 0.041563 0.072115
0 0.330667 0.560529 0.041575 0.070337
