0 0.065817 0.462254 0.062524 0.083498
0 0.165823 0.517674 0.041575 0.109075
0 0.204014 0.483744 0.036947 0.042632
0 0.239543 0.489784 0.031971 0.036947
0 0.270276 0.476995 0.022380 0.056851
0 0.312903 0.488365 0.039435 0.029135
0 0.346833 0.507548 0.034820 0.093077
0 0.382181 0.482145 0.030204 0.045829
0 0.406346 0.488900 0.025937 0.039435
0 0.439916 0.485697 0.038365 0.037308
0 0.538858 0.470781 0.073534 0.075673
0 0.590192 0.484988 0.038365 0.041562
0 0.622169 0.482680 0.028425 0.047596
0 0.649165 0.486947 0.029844 0.040505
0 0.680258 0.475931 0.042993 0.063954
0 0.722356 0.471665 0.022740 0.075325
0 0.752374 0.482861 0.036599 0.050096
0 0.782398 0.475397 0.027704 0.068558
0 0.809038 0.488185 0.026995 0.042981
0 0.840126 0.477350 0.030204 0.075325
0 0.874766 0.491028 0.032680 0.037296
0 0.911358 0.484988 0.043341 0.042284
0 0.950084 0.514123 0.058269 0.104808
