0 0.208053 0.380986 0.053293 0.069279
0 0.258858 0.386671 0.036947 0.038726
0 0.344123 0.398570 0.046178 0.037668
0 0.377169 0.396262 0.024868 0.047260
0 0.399369 0.398924 0.028065 0.029123
0 0.435781 0.397855 0.035529 0.036238
0 0.467049 0.390571 0.027007 0.063594
0 0.535619 0.399459 0.052584 0.034471
0 0.566881 0.393774 0.022728 0.047260
0 0.612710 0.398041 0.059675 0.040144
0 0.665469 0.403546 0.051514 0.100889
0 0.706677 0.398035 0.029483 0.036599
0 0.744694 0.387909 0.044411 0.058269
0 0.776136 0.392530 0.027704 0.039075
0 0.804201 0.400697 0.028425 0.030553
0 0.202548 0.459147 0.048678 0.054351
0 0.234700 0.472290 0.031971 0.029483
0 0.286040 0.467133 0.042272 0.042632
0 0.330625 0.468912 0.044760 0.031262
0 0.358870 0.460036 0.020986 0.049736
0 0.383383 0.466605 0.025228 0.033041
0 0.409850 0.456130 0.033401 0.054712
0 0.445373 0.455409 0.030553 0.059688
0 0.496358 0.472819 0.030192 0.026286
0 0.521052 0.465180 0.018474 0.046538
0 0.545210 0.466250 0.037656 0.034471
0 0.599742 0.468023 0.035877 0.031623
0 0.643083 0.468558 0.033041 0.031971
0 0.677368 0.462698 0.040505 0.049387
0 0.571851 0.476556 0.040505 0.082776
0 0.739183 0.461989 0.029135 0.038017
0 0.770631 0.467674 0.039435 0.034459
0 0.813263 0.472464 0.049387 0.035529
0 0.618570 0.536418 0.042981 0.034111
0 0.650727 0.530907 0.026286 0.052945
0 0.689802 0.544940 0.045469 0.030553
0 0.729056 0.541214 0.033041 0.037308
0 0.754994 0.546010 0.031623 0.036947
0 0.560306 0.536773 0.038017 0.051863
0 0.515186 0.529129 0.048666 0.057200
0 0.480192 0.528600 0.027716 0.053281
0 0.448041 0.531442 0.030192 0.053293
0 0.340036 0.541743 0.059327 0.039784
0 0.299008 0.543876 0.041214 0.044772
0 0.258149 0.541388 0.034808 0.031983
0 0.232212 0.531797 0.020601 0.049026
0 0.209832 0.536947 0.038365 0.042981
0 0.200950 0.594501 0.032692 0.055060
0 0.232037 0.606046 0.041575 0.027716
0 0.262055 0.606400 0.022740 0.032680
0 0.280883 0.610313 0.023450 0.032692
0 0.311791 0.601785 0.025577 0.047608
0 0.342350 0.602314 0.028425 0.052224
0 0.370769 0.609952 0.038365 0.029135
0 0.414111 0.626653 0.046899 0.086695
0 0.451773 0.603029 0.027007 0.042284
0 0.486947 0.603029 0.048317 0.044399
0 0.520162 0.617776 0.018834 0.024159
