0 0.096701 0.407945 0.032656 0.060288
0 0.127380 0.423552 0.038750 0.035517
0 0.167037 0.427500 0.039123 0.038389
0 0.212975 0.451010 0.047728 0.100481
0 0.268954 0.420325 0.040553 0.044856
0 0.371587 0.417993 0.039111 0.045216
0 0.428822 0.426785 0.049519 0.042704
0 0.518900 0.414038 0.077512 0.071058
0 0.571112 0.417272 0.017584 0.054543
0 0.591028 0.420325 0.029435 0.060649
0 0.632656 0.426599 0.050962 0.034447
0 0.680204 0.418167 0.034808 0.049171
0 0.713401 0.423377 0.035168 0.040192
0 0.746593 0.421755 0.027632 0.046298
0 0.773690 0.417452 0.025120 0.041995
0 0.811550 0.397356 0.059207 0.090072
0 0.857662 0.422476 0.027993 0.040553
0 0.891040 0.423371 0.047368 0.043786
0 0.115541 0.555613 0.031587 0.053462
0 0.151605 0.564225 0.046286 0.045565
0 0.187133 0.589345 0.038401 0.089363
0 0.237013 0.564044 0.042704 0.041623
0 0.283846 0.565120 0.048798 0.036611
0 0.377867 0.552380 0.063161 0.071418
0 0.431514 0.565661 0.036250 0.040553
0 0.471887 0.566382 0.031587 0.034808
0 0.526256 0.577320 0.052031 0.130625
0 0.583672 0.558846 0.036238 0.040553
0 0.621713 0.552206 0.031214 0.076791
0 0.661544 0.550228 0.037680 0.070697
0 0.709093 0.559381 0.050950 0.050950
0 0.767590 0.559020 0.073209 0.047368
