0 0.019609 0.443798 0.026358 0.108317
0 0.044874 0.438828 0.023522 0.037728
0 0.063425 0.439700 0.019255 0.038534
0 0.084820 0.440649 0.020361 0.041683
0 0.109453 0.440962 0.022897 0.033798
0 0.164718 0.441755 0.023522 0.036635
0 0.189663 0.445859 0.024784 0.031262
0 0.227957 0.440721 0.026202 0.038365
0 0.253377 0.431803 0.027476 0.063798
0 0.275325 0.445144 0.018942 0.035529
0 0.296953 0.427698 0.024315 0.058425
0 0.319772 0.440487 0.017837 0.042320
0 0.339435 0.441671 0.025889 0.036154
0 0.386010 0.454700 0.011370 0.027788
0 0.439856 0.431725 0.032524 0.057007
0 0.469225 0.439225 0.020853 0.045469
0 0.492356 0.440090 0.023846 0.036166
0 0.554802 0.440090 0.019892 0.036791
0 0.578095 0.429351 0.015637 0.047524
0 0.597278 0.435907 0.023690 0.038522
0 0.661388 0.424225 0.028738 0.066310
0 0.687200 0.434405 0.024471 0.046262
0 0.715150 0.421148 0.020998 0.062055
0 0.737650 0.439147 0.020204 0.031106
0 0.758335 0.438828 0.024627 0.037728
0 0.785180 0.474591 0.024639 0.108630
0 0.806809 0.436544 0.019579 0.038209
0 0.830258 0.435907 0.026046 0.039483
0 0.901779 0.427584 0.025288 0.057356
0 0.931178 0.438377 0.027380 0.034159
0 0.957680 0.425727 0.027236 0.063642
0 0.987242 0.447963 0.011599 0.019171
0 0.028059 0.561731 0.029291 0.069567
0 0.063942 0.579423 0.034663 0.041010
0 0.122278 0.574423 0.021478 0.047596
0 0.155962 0.573816 0.011226 0.051262
0 0.174633 0.579549 0.021238 0.044675
0 0.236514 0.573810 0.021971 0.039062
0 0.268245 0.578936 0.036130 0.038089
0 0.296689 0.581256 0.017825 0.038810
0 0.314627 0.576256 0.017572 0.046382
0 0.378462 0.568071 0.031490 0.056382
0 0.401653 0.575156 0.011959 0.047115
0 0.423864 0.584796 0.026118 0.043942
0 0.456082 0.576130 0.023678 0.043702
0 0.481106 0.580036 0.025385 0.036370
0 0.500625 0.581623 0.020505 0.034183
0 0.566538 0.568077 0.022452 0.048582
0 0.591190 0.579423 0.020986 0.036130
0 0.619627 0.570517 0.025144 0.069087
0 0.682482 0.568558 0.029772 0.063221
0 0.718239 0.583822 0.027584 0.036130
0 0.745216 0.563798 0.025385 0.064928
0 0.769261 0.579549 0.024651 0.036863
0 0.798672 0.579423 0.030276 0.034663
0 0.851154 0.577470 0.033678 0.040036
0 0.879712 0.566490 0.027332 0.061995
0 0.912181 0.565757 0.029291 0.061995
0 0.935733 0.564531 0.014880 0.060048
0 0.947206 0.570024 0.021719 0.059808
