0 0.047434 0.478155 0.045829 0.027175
0 0.108714 0.468029 0.044760 0.078341
0 0.148948 0.480547 0.032512 0.042632
0 0.186514 0.462698 0.041563 0.062344
0 0.243540 0.460300 0.053281 0.072476
0 0.281641 0.467494 0.046358 0.068738
0 0.326406 0.468293 0.028245 0.067139
0 0.366641 0.469627 0.033041 0.078341
0 0.415138 0.474688 0.039435 0.046899
0 0.450306 0.507458 0.052224 0.112440
0 0.486809 0.481881 0.029315 0.044243
0 0.541166 0.469363 0.051683 0.091659
0 0.582999 0.484549 0.034099 0.051695
0 0.625367 0.469093 0.042103 0.079411
0 0.677915 0.460715 0.042873 0.085733
0 0.723275 0.483095 0.059219 0.044291
0 0.769459 0.496472 0.060625 0.071526
0 0.819904 0.496238 0.049736 0.138317
0 0.864790 0.482981 0.038618 0.041683
0 0.905769 0.481556 0.038606 0.038377
0 0.945084 0.519567 0.064183 0.119135
