0 0.034898 0.470781 0.035517 0.073942
0 0.060637 0.475727 0.017885 0.057272
0 0.081899 0.488786 0.021755 0.041322
0 0.108125 0.486971 0.023438 0.041562
0 0.158383 0.483462 0.046647 0.036971
0 0.192578 0.492284 0.024171 0.031899
0 0.226899 0.471989 0.022716 0.053161
0 0.252632 0.476575 0.018606 0.050745
0 0.294796 0.471502 0.031899 0.058966
0 0.368744 0.517181 0.029002 0.102945
0 0.397380 0.483221 0.019087 0.035529
0 0.415871 0.489026 0.020300 0.028269
0 0.445349 0.490962 0.032380 0.032139
0 0.485469 0.480445 0.041082 0.053173
0 0.530174 0.474886 0.019339 0.047849
0 0.552043 0.482500 0.018125 0.053894
0 0.593852 0.486484 0.037464 0.038185
0 0.636502 0.479477 0.028990 0.059940
0 0.666466 0.515847 0.031899 0.092079
0 0.708275 0.485156 0.024171 0.030697
0 0.768564 0.469928 0.033594 0.054856
0 0.796364 0.478996 0.020541 0.034796
0 0.829706 0.489387 0.039868 0.040120
0 0.865956 0.481773 0.021502 0.034075
0 0.884321 0.507632 0.031166 0.081923
0 0.915012 0.487813 0.021514 0.037452
0 0.942200 0.489994 0.028990 0.034555
0 0.963708 0.519351 0.044459 0.118894
