0 0.019056 0.349994 0.029075 0.060637
0 0.045793 0.351971 0.020096 0.055986
0 0.066064 0.357530 0.016863 0.047728
0 0.086160 0.363810 0.016142 0.033726
0 0.104465 0.365607 0.023329 0.032296
0 0.130300 0.350535 0.029063 0.056695
0 0.170138 0.364712 0.011839 0.044856
0 0.233828 0.359681 0.027272 0.044147
0 0.256442 0.356454 0.011490 0.054904
0 0.277073 0.365607 0.024050 0.038041
0 0.340415 0.357530 0.018666 0.044868
0 0.354050 0.356274 0.012909 0.049519
0 0.371274 0.360222 0.009327 0.045925
0 0.384195 0.365601 0.013630 0.030144
0 0.402494 0.364886 0.017945 0.032296
0 0.423131 0.354838 0.014002 0.049531
0 0.479832 0.353401 0.011851 0.045216
0 0.493642 0.359862 0.015072 0.033738
0 0.512127 0.352867 0.020457 0.056334
0 0.540114 0.357885 0.017584 0.030505
0 0.560937 0.353942 0.010409 0.046298
0 0.581388 0.369014 0.026190 0.029784
0 0.236346 0.507175 0.020817 0.035529
0 0.253215 0.501971 0.012200 0.047380
0 0.272055 0.507897 0.020457 0.030505
0 0.293041 0.506635 0.015072 0.035168
0 0.322650 0.506635 0.039123 0.030865
0 0.405727 0.496767 0.043065 0.057067
0 0.429411 0.506815 0.018654 0.029784
0 0.454712 0.491923 0.023317 0.061731
0 0.466737 0.508251 0.017945 0.032656
0 0.491136 0.508786 0.025829 0.029423
0 0.514820 0.506274 0.017933 0.034447
0 0.532945 0.507891 0.019736 0.026190
0 0.553756 0.497127 0.019026 0.056346
0 0.574393 0.519014 0.008618 0.029063
0 0.636112 0.497308 0.027272 0.050240
0 0.660871 0.503948 0.022969 0.026911
0 0.680613 0.507350 0.023678 0.027993
0 0.747536 0.498744 0.034808 0.051671
0 0.777867 0.498918 0.013642 0.049159
0 0.795090 0.505559 0.019387 0.037320
0 0.854657 0.492638 0.027272 0.052392
0 0.870811 0.501256 0.012921 0.041623
0 0.884441 0.505018 0.017945 0.036959
0 0.908131 0.506274 0.028714 0.030865
0 0.936659 0.502506 0.016875 0.037680
0 0.961238 0.499279 0.019375 0.058486
0 0.978107 0.505198 0.020805 0.038041
0 0.811058 0.365066 0.028341 0.030493
0 0.875655 0.349814 0.018305 0.050950
0 0.898263 0.362019 0.027632 0.035168
0 0.783966 0.363456 0.019375 0.038041
0 0.764050 0.355198 0.020457 0.056695
0 0.742338 0.366857 0.017224 0.032656
0 0.715240 0.372067 0.029784 0.045216
0 0.684742 0.363636 0.034099 0.027632
0 0.655313 0.371166 0.016875 0.026202
0 0.634856 0.359501 0.020457 0.046647
0 0.227181 0.653023 0.026358 0.041743
0 0.254279 0.653395 0.020505 0.032224
0 0.288882 0.649543 0.029663 0.033317
0 0.349111 0.651016 0.024159 0.035517
0 0.376022 0.644237 0.030385 0.052728
0 0.405859 0.647350 0.019772 0.039916
0 0.434423 0.648630 0.020505 0.028558
0 0.459141 0.646617 0.024531 0.037704
0 0.484219 0.652662 0.033678 0.032224
0 0.560379 0.640030 0.027103 0.067007
0 0.587843 0.652656 0.027825 0.044663
0 0.631226 0.651376 0.037716 0.031118
0 0.664183 0.659982 0.037716 0.051262
0 0.694934 0.652290 0.019411 0.030757
0 0.717638 0.637464 0.020877 0.064808
0 0.741256 0.651743 0.022704 0.042837
0 0.764507 0.653942 0.020865 0.028918
0 0.785559 0.652843 0.023425 0.036238
0 0.850733 0.644237 0.023438 0.034411
0 0.875992 0.647536 0.018305 0.036611
0 0.897602 0.640210 0.019772 0.057849
0 0.915901 0.647163 0.021971 0.041010
0 0.946845 0.633990 0.031118 0.058582
