0 0.239405 0.402788 0.036238 0.065024
0 0.268005 0.416827 0.040144 0.036947
0 0.317921 0.403858 0.048317 0.064303
0 0.366599 0.413089 0.046899 0.042284
0 0.416154 0.395679 0.033750 0.074964
0 0.455950 0.398522 0.046538 0.077091
0 0.505150 0.414694 0.041214 0.050445
0 0.553648 0.413804 0.050805 0.055781
0 0.665553 0.407055 0.062885 0.061466
0 0.721154 0.415757 0.041923 0.039784
0 0.760595 0.414694 0.032680 0.050445
0 0.245799 0.621635 0.041214 0.047957
0 0.286484 0.630871 0.047248 0.035180
0 0.327692 0.631941 0.038005 0.038017
0 0.373522 0.627145 0.037308 0.037656
0 0.416689 0.619681 0.025589 0.058978
0 0.462879 0.627320 0.036238 0.040144
0 0.510300 0.615956 0.056490 0.063594
0 0.567145 0.612752 0.050084 0.057909
0 0.620078 0.623059 0.045829 0.047248
0 0.673900 0.624123 0.054002 0.045841
