0 0.060306 0.372398 0.038377 0.084075
0 0.093113 0.376424 0.023918 0.073666
0 0.114784 0.389573 0.022260 0.045950
0 0.136575 0.389333 0.025577 0.036959
0 0.167957 0.390517 0.038606 0.047837
0 0.193179 0.382698 0.015637 0.045950
0 0.218167 0.388029 0.030084 0.040024
0 0.250733 0.375829 0.029375 0.050216
0 0.273942 0.390992 0.018942 0.029844
0 0.303786 0.385541 0.024639 0.038365
0 0.331617 0.415739 0.025805 0.092608
0 0.408708 0.387320 0.037416 0.062764
0 0.439621 0.385072 0.020132 0.043101
0 0.459988 0.386490 0.025817 0.037428
0 0.516599 0.373702 0.033870 0.059207
0 0.545493 0.383648 0.022500 0.029844
0 0.565030 0.376899 0.010901 0.045240
0 0.580421 0.383059 0.017524 0.031502
0 0.603636 0.385775 0.019892 0.039315
0 0.628624 0.385901 0.026286 0.032452
0 0.707488 0.392764 0.030553 0.043822
0 0.736034 0.388978 0.027476 0.036707
0 0.773456 0.375000 0.035060 0.059447
0 0.807446 0.400583 0.025349 0.028185
0 0.844393 0.388269 0.035757 0.104928
0 0.875541 0.377488 0.020841 0.037428
0 0.895313 0.359964 0.017284 0.054952
0 0.921490 0.373816 0.032212 0.066550
0 0.950613 0.384363 0.028894 0.041683
0 0.981881 0.382584 0.030325 0.043822
0 0.049796 0.526695 0.029423 0.069856
0 0.082428 0.537464 0.031899 0.037812
0 0.112512 0.534261 0.022356 0.032055
0 0.137079 0.529081 0.025481 0.030252
0 0.169874 0.529982 0.026959 0.043233
0 0.191899 0.525054 0.012163 0.045541
0 0.208996 0.552668 0.024651 0.087620
0 0.234309 0.532698 0.024651 0.052921
0 0.256496 0.531953 0.033858 0.036983
0 0.292332 0.502452 0.026635 0.034519
