0 0.107470 0.425042 0.059675 0.071406
0 0.172482 0.416869 0.044050 0.040853
0 0.229153 0.416869 0.040853 0.040853
0 0.275337 0.404075 0.032332 0.069279
0 0.307488 0.401412 0.031274 0.068209
0 0.363972 0.417578 0.036238 0.042993
0 0.415667 0.443864 0.040853 0.092728
0 0.481034 0.419712 0.061466 0.045120
0 0.532554 0.415799 0.034459 0.038017
0 0.565944 0.408341 0.028065 0.051514
0 0.603786 0.416514 0.044760 0.032332
0 0.639135 0.415090 0.020962 0.047969
0 0.670571 0.419177 0.026286 0.032680
0 0.699712 0.418287 0.025577 0.035180
0 0.732218 0.406382 0.047248 0.054712
0 0.152945 0.560036 0.041202 0.040144
0 0.192734 0.563413 0.029844 0.029135
0 0.253666 0.563059 0.072115 0.036238
0 0.411761 0.549207 0.050084 0.062524
0 0.483522 0.548846 0.052933 0.059688
0 0.539303 0.552224 0.034471 0.023798
0 0.607338 0.549742 0.051863 0.055781
0 0.656358 0.561641 0.030553 0.031262
0 0.691893 0.557380 0.027007 0.036947
0 0.730439 0.568570 0.043690 0.056490
0 0.768804 0.560397 0.033041 0.035168
0 0.807885 0.562169 0.035889 0.033041
0 0.858335 0.559862 0.042272 0.036238
0 0.904171 0.588462 0.038726 0.087043
