0 0.031550 0.343924 0.024760 0.066743
0 0.069946 0.345361 0.042704 0.078221
0 0.122338 0.340691 0.029075 0.068185
0 0.173113 0.350024 0.025120 0.069615
0 0.207386 0.351466 0.023329 0.060288
0 0.225511 0.362230 0.016502 0.038762
0 0.244886 0.358456 0.012200 0.052752
0 0.264267 0.353612 0.018654 0.068906
0 0.289573 0.366893 0.022608 0.044507
0 0.344117 0.363480 0.021887 0.031935
0 0.367446 0.361869 0.012560 0.040901
0 0.380535 0.363486 0.012921 0.031226
0 0.397764 0.348954 0.024399 0.065312
0 0.421268 0.351286 0.026190 0.065673
0 0.475457 0.388960 0.019736 0.083618
0 0.495733 0.363125 0.016514 0.034808
0 0.511166 0.361869 0.026562 0.093305
0 0.528924 0.365998 0.018305 0.035529
0 0.554225 0.365282 0.027993 0.037680
0 0.578630 0.353612 0.023678 0.058137
0 0.600877 0.361328 0.025841 0.042704
0 0.623311 0.364561 0.027632 0.036959
0 0.646094 0.349489 0.023678 0.068546
0 0.028858 0.481755 0.033654 0.076178
0 0.067506 0.486935 0.036238 0.068798
0 0.117248 0.485078 0.035865 0.069531
0 0.168101 0.486196 0.035505 0.078401
0 0.209898 0.494147 0.030325 0.062500
0 0.232272 0.506532 0.024038 0.033281
0 0.254273 0.526322 0.023666 0.072115
0 0.281454 0.504681 0.021082 0.030325
0 0.301983 0.495439 0.012572 0.041430
0 0.315853 0.500433 0.032909 0.084687
0 0.344333 0.496917 0.036623 0.102079
0 0.393149 0.505980 0.027740 0.032175
0 0.414790 0.501172 0.015541 0.043281
0 0.432722 0.507272 0.018858 0.032548
0 0.455841 0.488227 0.025144 0.066935
0 0.487837 0.500246 0.024784 0.040685
0 0.511502 0.505793 0.016635 0.037716
0 0.532218 0.488780 0.018858 0.050300
0 0.552554 0.506532 0.027007 0.034772
0 0.579922 0.508011 0.022560 0.031070
0 0.603407 0.492109 0.024411 0.065084
0 0.623197 0.495258 0.017380 0.058065
0 0.029411 0.625992 0.035505 0.059916
0 0.074531 0.630433 0.036995 0.064351
0 0.122242 0.630613 0.036983 0.063245
0 0.165331 0.620451 0.022560 0.069531
0 0.203419 0.629880 0.024796 0.065457
0 0.224688 0.645415 0.019231 0.032175
0 0.244105 0.638750 0.019603 0.046971
0 0.263702 0.625445 0.024038 0.075817
0 0.289044 0.642638 0.020709 0.033281
0 0.336749 0.649291 0.028113 0.035505
0 0.366526 0.650409 0.029952 0.035505
0 0.409796 0.651514 0.032187 0.036250
0 0.440493 0.652254 0.026995 0.031815
0 0.467121 0.636719 0.029964 0.057692
0 0.494303 0.646707 0.025144 0.038462
0 0.514093 0.647626 0.015901 0.032175
0 0.536833 0.641532 0.020709 0.036983
0 0.560505 0.650589 0.028846 0.033654
0 0.640204 0.637831 0.032933 0.056959
0 0.662770 0.648371 0.016647 0.032921
0 0.688660 0.632650 0.029219 0.061382
0 0.734147 0.665571 0.031442 0.072488
0 0.760962 0.642825 0.019231 0.041058
0 0.782782 0.647999 0.025156 0.038834
0 0.808672 0.651514 0.031815 0.048077
0 0.835673 0.644669 0.021442 0.035877
0 0.861935 0.635240 0.022933 0.055481
0 0.878942 0.648185 0.021442 0.042909
0 0.902614 0.633023 0.020709 0.062873
0 0.924435 0.649477 0.020721 0.038089
0 0.952175 0.647632 0.028846 0.031442
0 0.978618 0.628395 0.026250 0.064724
