0 0.045144 0.418480 0.054712 0.063954
0 0.096070 0.418954 0.041923 0.065361
0 0.135625 0.419549 0.043341 0.066550
0 0.180391 0.435060 0.039075 0.038365
0 0.262218 0.422861 0.044050 0.061346
0 0.304375 0.445481 0.040264 0.034591
0 0.354826 0.425944 0.034099 0.031022
0 0.425643 0.418954 0.037416 0.063486
0 0.462236 0.460643 0.041442 0.089531
0 0.512097 0.436478 0.054002 0.036947
0 0.569645 0.435889 0.057320 0.035769
0 0.617728 0.431743 0.033630 0.039327
0 0.651124 0.423924 0.032680 0.054002
0 0.689489 0.433522 0.034579 0.029135
0 0.722296 0.422740 0.018245 0.048317
0 0.749657 0.433636 0.034579 0.037897
0 0.806376 0.438023 0.044291 0.037656
0 0.855288 0.436358 0.037428 0.038606
0 0.897326 0.422272 0.036719 0.059207
0 0.940313 0.431508 0.026995 0.039796
0 0.975373 0.431983 0.036947 0.043582
0 0.747284 0.572668 0.065361 0.094736
0 0.694820 0.563552 0.030072 0.027704
0 0.647927 0.574681 0.063233 0.053762
0 0.561719 0.571010 0.025817 0.033149
0 0.512686 0.567103 0.041911 0.062764
0 0.465907 0.570066 0.044531 0.047368
0 0.417710 0.561178 0.043810 0.059928
0 0.362764 0.575391 0.048077 0.039555
0 0.324153 0.564261 0.023450 0.055180
0 0.277260 0.568996 0.056611 0.039555
0 0.218996 0.572788 0.033401 0.048077
0 0.179327 0.566863 0.022260 0.052812
0 0.143444 0.570655 0.034339 0.047608
0 0.093468 0.572428 0.043810 0.041683
0 0.043846 0.559050 0.057788 0.072236
