0 0.177326 0.504531 0.070349 0.142813
0 0.235679 0.479219 0.043161 0.041034
0 0.280703 0.477079 0.042632 0.041034
0 0.388624 0.460835 0.049555 0.077800
0 0.416058 0.470691 0.023438 0.038906
0 0.451508 0.472290 0.036767 0.036767
0 0.485090 0.472025 0.031454 0.043690
0 0.520781 0.469892 0.031442 0.038365
0 0.558083 0.465895 0.042103 0.035709
0 0.600721 0.455234 0.031442 0.065541
0 0.644688 0.468558 0.047957 0.039976
0 0.694249 0.453371 0.030925 0.071406
0 0.727290 0.463227 0.026647 0.061286
0 0.769117 0.468828 0.042103 0.033041
0 0.821340 0.472284 0.054892 0.047428
