0 0.153299 0.154207 0.028185 0.040024
0 0.186695 0.155150 0.035769 0.040036
0 0.219970 0.154441 0.034099 0.035757
0 0.258462 0.147452 0.029135 0.048317
0 0.289249 0.145559 0.034339 0.053522
0 0.320751 0.155505 0.031022 0.031731
0 0.348462 0.158822 0.042861 0.081466
0 0.384111 0.146743 0.033630 0.054952
0 0.481803 0.145084 0.049976 0.059207
0 0.522308 0.157873 0.031490 0.032692
0 0.554994 0.157398 0.034820 0.027007
0 0.593834 0.158702 0.027716 0.030072
0 0.623323 0.145913 0.035998 0.053774
0 0.707524 0.147806 0.048077 0.048089
0 0.749327 0.148750 0.020361 0.043341
0 0.782007 0.153726 0.035529 0.038606
0 0.155535 0.279423 0.028353 0.049567
0 0.182037 0.280535 0.020709 0.053257
0 0.209032 0.297049 0.027368 0.034026
0 0.232338 0.288792 0.017752 0.054988
0 0.250950 0.286202 0.018990 0.051779
0 0.272530 0.294465 0.031070 0.033786
0 0.381881 0.321340 0.058930 0.084075
0 0.504916 0.296436 0.044135 0.034267
0 0.547073 0.298041 0.032800 0.033534
0 0.582825 0.301244 0.034760 0.099123
0 0.667031 0.287188 0.042404 0.057692
0 0.712025 0.294591 0.031815 0.040433
0 0.754555 0.297915 0.058678 0.030325
0 0.162806 0.464471 0.046358 0.091226
0 0.222596 0.431310 0.038221 0.020962
0 0.292133 0.423666 0.059916 0.068798
0 0.335649 0.441544 0.027115 0.030084
0 0.366587 0.426376 0.027861 0.055469
0 0.408750 0.434639 0.030817 0.038462
0 0.439327 0.437843 0.028846 0.035998
0 0.473353 0.452019 0.019471 0.034279
0 0.561995 0.425144 0.050793 0.054976
0 0.598978 0.431683 0.021202 0.051779
0 0.637320 0.434020 0.044135 0.037224
0 0.742109 0.431304 0.031310 0.048570
0 0.805721 0.436358 0.073221 0.039447
0 0.676148 0.570367 0.030084 0.040685
0 0.701791 0.571352 0.016274 0.056959
0 0.735817 0.577764 0.039447 0.033774
0 0.778474 0.575547 0.039447 0.035252
0 0.816935 0.574681 0.047837 0.038954
0 0.579868 0.557668 0.039687 0.069038
0 0.538690 0.575174 0.029832 0.036983
0 0.511569 0.568023 0.023425 0.053257
0 0.482843 0.577392 0.032055 0.036490
0 0.444135 0.580481 0.039447 0.033293
0 0.401112 0.576286 0.040685 0.037716
0 0.360799 0.561124 0.044868 0.061142
0 0.316538 0.572470 0.030337 0.034026
0 0.282512 0.566797 0.029832 0.058185
0 0.253540 0.582819 0.034026 0.024651
0 0.228269 0.580234 0.042644 0.039700
0 0.173654 0.567782 0.063606 0.058185
0 0.153011 0.722662 0.050565 0.105661
0 0.191689 0.703990 0.036599 0.077356
0 0.231502 0.708323 0.033966 0.073209
0 0.263005 0.733419 0.020000 0.032825
0 0.357536 0.721911 0.045288 0.040745
0 0.401496 0.722476 0.038858 0.045649
0 0.436400 0.717758 0.031695 0.042272
0 0.481310 0.745499 0.040000 0.099243
0 0.516214 0.720210 0.027548 0.040373
0 0.538101 0.721154 0.018486 0.033966
0 0.559796 0.722097 0.027163 0.041887
0 0.591496 0.707194 0.039243 0.073209
0 0.630174 0.703612 0.025276 0.064531
0 0.653197 0.721911 0.031322 0.040000
0 0.681304 0.719267 0.020373 0.047548
0 0.702055 0.713227 0.021130 0.040757
0 0.733948 0.708131 0.028305 0.038113
0 0.774135 0.713612 0.049063 0.048305
0 0.180745 0.859267 0.075841 0.043774
0 0.239423 0.855306 0.035481 0.059243
0 0.294898 0.859838 0.043017 0.041887
0 0.351118 0.848137 0.049808 0.062260
