0 0.066142 0.505799 0.048558 0.060397
0 0.088281 0.533041 0.014687 0.022500
0 0.124994 0.505331 0.033161 0.048089
0 0.182788 0.505805 0.020841 0.022981
0 0.230986 0.515162 0.028654 0.041214
0 0.272554 0.511605 0.034579 0.039796
0 0.302987 0.508287 0.025349 0.040733
0 0.355216 0.499171 0.027476 0.064183
0 0.413474 0.499050 0.043582 0.067260
0 0.439886 0.529730 0.016334 0.032921
0 0.482163 0.502133 0.036010 0.057320
0 0.537464 0.503438 0.019183 0.021082
0 0.593834 0.509712 0.068918 0.046418
0 0.656719 0.500475 0.021322 0.017993
0 0.698287 0.494435 0.040974 0.067019
0 0.736893 0.494195 0.031022 0.086923
0 0.822873 0.509357 0.043341 0.040493
0 0.874141 0.497987 0.045950 0.059459
0 0.934784 0.500829 0.048317 0.057091
