0 0.050264 0.497224 0.064760 0.082885
0 0.105451 0.514129 0.052536 0.043377
0 0.146581 0.508528 0.026887 0.051310
0 0.216839 0.514435 0.068005 0.037885
0 0.277626 0.511989 0.047440 0.039099
0 0.321611 0.496815 0.040120 0.067404
0 0.369976 0.502927 0.029327 0.064964
0 0.600565 0.495757 0.046130 0.069183
0 0.641394 0.500589 0.033029 0.070745
0 0.674429 0.510565 0.043017 0.052043
0 0.741593 0.510096 0.073233 0.046755
0 0.803456 0.508227 0.040517 0.047368
0 0.849585 0.510877 0.056094 0.043942
0 0.910980 0.492326 0.049243 0.057969
0 0.963966 0.509159 0.038654 0.043005
