0 0.025012 0.412945 0.037260 0.073005
0 0.062885 0.414165 0.029327 0.059555
0 0.079844 0.438143 0.022909 0.036046
0 0.100919 0.447915 0.025349 0.031767
0 0.124742 0.446695 0.019243 0.041538
0 0.143371 0.436004 0.011911 0.049483
0 0.164453 0.444105 0.026575 0.032680
0 0.184309 0.446544 0.022296 0.100493
0 0.206454 0.441502 0.026274 0.034207
0 0.229976 0.447915 0.019543 0.032993
0 0.251809 0.425162 0.026575 0.067512
0 0.279760 0.423179 0.017716 0.059868
0 0.350325 0.437380 0.024447 0.064447
0 0.371400 0.446388 0.015877 0.036046
0 0.386220 0.446394 0.020469 0.036659
0 0.407909 0.446244 0.015577 0.033906
0 0.427151 0.432494 0.027188 0.055901
0 0.452043 0.442266 0.018942 0.033906
0 0.469147 0.437536 0.016490 0.032380
0 0.484724 0.441352 0.008558 0.044892
0 0.504273 0.423329 0.025661 0.069952
0 0.532843 0.444561 0.026575 0.028714
0 0.558035 0.436923 0.023209 0.035433
0 0.581100 0.463804 0.029627 0.089796
0 0.640511 0.441352 0.023834 0.040012
0 0.666472 0.445631 0.024435 0.032079
0 0.699928 0.445018 0.037572 0.034507
0 0.759790 0.430968 0.023522 0.051623
0 0.778732 0.439056 0.022296 0.032993
0 0.806683 0.443792 0.029928 0.026575
0 0.833251 0.442115 0.021382 0.032380
0 0.849904 0.475258 0.025361 0.099892
0 0.872049 0.446082 0.018329 0.025048
0 0.900000 0.448534 0.026587 0.031154
0 0.923365 0.475108 0.023822 0.094087
0 0.945361 0.441352 0.020168 0.035132
0 0.973155 0.446238 0.030541 0.035120
0 0.059988 0.578047 0.021683 0.043978
0 0.074495 0.579730 0.013437 0.038185
0 0.092362 0.602638 0.020469 0.063233
0 0.109928 0.581100 0.017716 0.035445
0 0.129171 0.587969 0.021995 0.031466
0 0.149327 0.585685 0.017716 0.031154
0 0.162157 0.586905 0.018329 0.034219
0 0.181556 0.571172 0.024748 0.059555
0 0.203395 0.588888 0.020156 0.028401
0 0.218672 0.594994 0.020156 0.082776
0 0.240968 0.575445 0.019555 0.051010
0 0.261430 0.575451 0.025048 0.039411
0 0.288161 0.581400 0.027188 0.036046
0 0.354754 0.582169 0.020469 0.031454
0 0.377356 0.582933 0.025962 0.029928
0 0.401340 0.571935 0.020156 0.048269
0 0.413401 0.583696 0.022909 0.083401
0 0.433564 0.585986 0.025349 0.032981
0 0.456929 0.568726 0.019555 0.067500
0 0.467927 0.570715 0.012224 0.048257
0 0.483810 0.583696 0.025048 0.040012
0 0.509471 0.589038 0.029928 0.032380
