0 0.199964 0.438996 0.045577 0.054916
0 0.249135 0.448329 0.039111 0.024760
0 0.315523 0.439892 0.031935 0.070337
0 0.357867 0.433251 0.050589 0.052752
0 0.383882 0.454243 0.021538 0.035168
0 0.424790 0.436484 0.052392 0.065661
0 0.468750 0.425541 0.030505 0.070337
0 0.523299 0.390192 0.054195 0.036250
0 0.620192 0.428768 0.067115 0.037320
0 0.721394 0.430925 0.064231 0.064591
0 0.766070 0.455679 0.025120 0.037320
0 0.812007 0.432362 0.050962 0.077512
0 0.806977 0.572314 0.051671 0.066743
0 0.724802 0.588101 0.057416 0.040913
0 0.682638 0.579850 0.023329 0.047368
0 0.625757 0.591869 0.069615 0.048450
