0 0.032506 0.394261 0.031623 0.063954
0 0.072476 0.414513 0.039087 0.032680
0 0.112266 0.417710 0.043353 0.035517
0 0.149393 0.418774 0.026647 0.036947
0 0.187584 0.422506 0.034808 0.040156
0 0.250823 0.405457 0.033401 0.065721
0 0.276400 0.421088 0.028425 0.030901
0 0.314772 0.420907 0.039784 0.034099
0 0.357939 0.408293 0.042993 0.061466
0 0.398438 0.417356 0.025216 0.034808
0 0.422061 0.421797 0.036238 0.030901
0 0.484056 0.410072 0.054363 0.060745
0 0.522782 0.426238 0.030204 0.033389
0 0.562398 0.425883 0.034820 0.037656
0 0.599345 0.412734 0.027007 0.056839
0 0.631671 0.423395 0.028413 0.036238
0 0.704501 0.407049 0.046190 0.060397
0 0.745535 0.418954 0.033041 0.038726
0 0.779111 0.403143 0.032692 0.064651
0 0.817837 0.419844 0.027716 0.101611
0 0.847320 0.403852 0.025577 0.063954
0 0.874141 0.417356 0.038017 0.041923
0 0.043918 0.564621 0.047236 0.038450
0 0.086208 0.549429 0.027825 0.057849
0 0.114766 0.582013 0.036623 0.077632
0 0.149189 0.554002 0.019772 0.051635
0 0.176647 0.552903 0.022692 0.049435
0 0.203377 0.562788 0.027091 0.033317
0 0.237242 0.550337 0.041382 0.053822
0 0.267999 0.561322 0.029651 0.041370
0 0.372716 0.551989 0.069928 0.063714
0 0.423978 0.561875 0.038438 0.036611
0 0.457476 0.561142 0.027091 0.043197
0 0.486220 0.562242 0.023065 0.043930
0 0.516430 0.558576 0.036611 0.040276
0 0.552314 0.562055 0.022704 0.033317
0 0.576478 0.568101 0.030024 0.045409
0 0.608696 0.548323 0.025637 0.052728
0 0.639087 0.563888 0.027091 0.036238
0 0.662704 0.558762 0.028918 0.083846
0 0.683576 0.566268 0.036983 0.092993
0 0.729525 0.549243 0.033690 0.055288
0 0.767422 0.561508 0.032584 0.038089
0 0.806605 0.549790 0.036983 0.065180
0 0.839555 0.562422 0.028197 0.036983
0 0.883311 0.546496 0.038810 0.062969
0 0.931274 0.558215 0.037356 0.035877
0 0.971550 0.561142 0.038077 0.035889
