0 0.045030 0.367037 0.049555 0.077272
0 0.107109 0.367308 0.049026 0.081010
0 0.144417 0.401412 0.031983 0.050084
0 0.192374 0.384363 0.042632 0.062885
0 0.252332 0.373966 0.048486 0.060216
0 0.299760 0.378498 0.057019 0.067139
0 0.368774 0.373702 0.047957 0.078870
0 0.442849 0.379291 0.040505 0.037837
0 0.513191 0.375300 0.051166 0.076731
0 0.544627 0.401412 0.031971 0.044772
0 0.597392 0.380895 0.054351 0.073017
0 0.039964 0.589706 0.041923 0.080998
0 0.085799 0.584736 0.045469 0.088822
0 0.111376 0.617416 0.029844 0.048317
0 0.159700 0.592019 0.043341 0.070697
0 0.205523 0.590421 0.047608 0.071058
0 0.251358 0.591484 0.046899 0.063233
0 0.297362 0.590944 0.044411 0.071406
0 0.424369 0.592019 0.084555 0.070697
0 0.565054 0.586328 0.055421 0.057200
0 0.618708 0.584910 0.045469 0.064315
0 0.639489 0.612620 0.031623 0.060745
0 0.674309 0.588816 0.039435 0.060036
0 0.713918 0.590240 0.051154 0.062163
0 0.760992 0.593972 0.055781 0.061815
0 0.804513 0.562885 0.036238 0.027356
0 0.856028 0.589706 0.046190 0.036959
0 0.929213 0.589177 0.057560 0.060036
0 0.971665 0.578696 0.035877 0.039075
