0 0.249063 0.395643 0.050962 0.092224
0 0.311142 0.401028 0.044495 0.042704
0 0.414135 0.383624 0.064591 0.088281
0 0.447506 0.429736 0.033017 0.044135
0 0.505108 0.393498 0.051322 0.075000
0 0.562344 0.406593 0.058125 0.083257
0 0.644525 0.400847 0.043786 0.062440
0 0.686689 0.394567 0.059940 0.080024
0 0.770481 0.397620 0.061010 0.093293
0 0.258930 0.533450 0.051322 0.059207
0 0.342181 0.535607 0.051310 0.046286
0 0.434231 0.536316 0.052404 0.087200
0 0.482674 0.563239 0.031575 0.052752
0 0.539014 0.559285 0.061010 0.051310
0 0.266641 0.609351 0.073930 0.071058
0 0.349537 0.617242 0.042344 0.046647
0 0.406959 0.614195 0.045937 0.066394
0 0.460072 0.626749 0.055264 0.077151
0 0.513359 0.625499 0.043425 0.073930
0 0.584772 0.617242 0.054183 0.069627
