0 0.020907 0.509207 0.028714 0.061971
0 0.046869 0.515901 0.021286 0.034207
0 0.071869 0.518774 0.028233 0.034688
0 0.107638 0.517819 0.031815 0.033257
0 0.190294 0.499874 0.037800 0.065781
0 0.220319 0.517813 0.026070 0.029904
0 0.243161 0.514231 0.019615 0.036130
0 0.266016 0.513990 0.027031 0.038990
0 0.289453 0.508606 0.023209 0.059808
0 0.310745 0.511953 0.019856 0.043546
0 0.348425 0.495805 0.040192 0.076803
0 0.381683 0.512909 0.026803 0.045457
0 0.415054 0.515186 0.042825 0.030853
0 0.456448 0.506214 0.014123 0.059808
0 0.473792 0.515300 0.022488 0.040192
0 0.495084 0.502746 0.022957 0.061478
0 0.542212 0.521286 0.031106 0.034447
0 0.569129 0.520685 0.024651 0.039471
0 0.603101 0.514826 0.026082 0.037800
0 0.629008 0.503341 0.027656 0.071779
0 0.713269 0.504297 0.025841 0.053113
0 0.737915 0.515427 0.016262 0.033257
0 0.790072 0.524519 0.035409 0.038990
0 0.820331 0.517819 0.019387 0.027512
0 0.848744 0.510276 0.030757 0.055505
0 0.898798 0.510042 0.029904 0.050709
0 0.928347 0.512314 0.019627 0.036599
0 0.950481 0.516262 0.020817 0.035409
0 0.971653 0.517819 0.018666 0.031334
