0 0.201881 0.448041 0.050445 0.070337
0 0.258191 0.461544 0.033041 0.054002
0 0.297097 0.456214 0.026286 0.064663
0 0.340793 0.461184 0.051154 0.041214
0 0.397813 0.456569 0.040144 0.039075
0 0.480950 0.455325 0.041562 0.045841
0 0.516833 0.448221 0.023089 0.067139
0 0.535835 0.447151 0.024868 0.067139
0 0.566214 0.483750 0.041562 0.092019
0 0.610799 0.461010 0.027007 0.050793
0 0.650234 0.461364 0.056142 0.041575
0 0.701749 0.457813 0.037656 0.051514
0 0.729285 0.456569 0.024507 0.060397
0 0.760547 0.458347 0.044411 0.050445
0 0.804423 0.461719 0.039784 0.055072
0 0.208630 0.524784 0.077452 0.061106
0 0.260325 0.528155 0.037308 0.054363
0 0.302248 0.519982 0.037308 0.065012
0 0.337061 0.533131 0.038017 0.036599
0 0.380409 0.542548 0.051514 0.066082
0 0.417530 0.538816 0.039796 0.118305
0 0.452524 0.521755 0.020962 0.057909
0 0.482013 0.523714 0.025228 0.047596
0 0.510974 0.535968 0.024159 0.045829
0 0.542584 0.524069 0.043341 0.063954
0 0.598365 0.526022 0.032692 0.060048
0 0.669952 0.531352 0.064303 0.042993
0 0.721112 0.533840 0.035180 0.043690
0 0.753437 0.524429 0.040144 0.058978
0 0.791635 0.539345 0.044063 0.031983
