0 0.064525 0.423930 0.027007 0.037308
0 0.032548 0.400481 0.049736 0.078510
0 0.087266 0.409892 0.022031 0.058269
0 0.102181 0.412206 0.010661 0.052224
0 0.124038 0.422686 0.027356 0.039796
0 0.154940 0.426593 0.017404 0.029844
0 0.216406 0.413978 0.024519 0.050096
0 0.237368 0.414159 0.019543 0.034111
0 0.253882 0.415222 0.019183 0.026286
0 0.270228 0.418600 0.018486 0.039435
0 0.288522 0.409537 0.019543 0.061815
0 0.309489 0.412025 0.025228 0.055421
0 0.327248 0.424459 0.015986 0.028413
0 0.347320 0.426593 0.017764 0.031262
0 0.369525 0.420553 0.024507 0.034111
0 0.397061 0.448263 0.024868 0.095925
0 0.442001 0.417001 0.023810 0.100180
0 0.459237 0.414868 0.017055 0.037668
0 0.475931 0.448438 0.022031 0.104808
0 0.502752 0.407590 0.016707 0.050805
0 0.516430 0.411671 0.009952 0.040505
0 0.529225 0.421268 0.019892 0.036238
0 0.554087 0.404742 0.022740 0.061454
0 0.575048 0.417001 0.020601 0.040493
0 0.595475 0.422151 0.028065 0.031611
0 0.645631 0.406340 0.024387 0.061575
0 0.667188 0.411436 0.017764 0.053762
0 0.684591 0.421971 0.018942 0.032212
0 0.708401 0.412380 0.022500 0.046178
0 0.735631 0.421623 0.022969 0.029135
0 0.757067 0.416406 0.013269 0.047139
0 0.769742 0.421382 0.020132 0.030072
0 0.798876 0.424579 0.023450 0.032692
0 0.829657 0.411316 0.024868 0.054940
0 0.855246 0.409423 0.023450 0.053534
0 0.874898 0.421496 0.020132 0.031262
0 0.904742 0.425523 0.035757 0.027945
0 0.941220 0.424225 0.029603 0.032921
0 0.963834 0.423864 0.017524 0.031262
0 0.985865 0.422212 0.026995 0.029375
0 0.214219 0.549988 0.027476 0.058029
0 0.235294 0.547626 0.009940 0.047608
0 0.251635 0.559465 0.025577 0.036719
0 0.298173 0.555433 0.023918 0.049976
0 0.314044 0.553191 0.017296 0.050685
0 0.329321 0.568936 0.017536 0.017296
0 0.370409 0.590547 0.023918 0.088450
0 0.388900 0.568918 0.015469 0.032139
0 0.402308 0.573149 0.021514 0.083606
0 0.421520 0.570246 0.023209 0.030445
0 0.447861 0.556112 0.025625 0.053882
0 0.469002 0.573630 0.016178 0.021755
0 0.488696 0.565895 0.025132 0.039147
0 0.514675 0.563480 0.017644 0.043017
0 0.542344 0.560823 0.023197 0.026575
0 0.601791 0.551400 0.027067 0.053161
0 0.631034 0.554177 0.026106 0.060661
0 0.648558 0.564567 0.019567 0.032620
0 0.673203 0.565415 0.024411 0.034796
0 0.693990 0.558287 0.022476 0.061142
0 0.710787 0.566136 0.020781 0.030445
0 0.735313 0.567590 0.026346 0.030445
