0 0.026496 0.477422 0.022272 0.068690
0 0.048287 0.474700 0.016575 0.055192
0 0.067236 0.489153 0.023678 0.036238
0 0.097554 0.491166 0.019892 0.041683
0 0.123365 0.477308 0.030793 0.060865
0 0.157831 0.489026 0.024387 0.043582
0 0.215974 0.481809 0.012788 0.061815
0 0.237410 0.488317 0.024868 0.034111
0 0.263702 0.484651 0.030553 0.043341
0 0.290577 0.482993 0.024159 0.045240
0 0.312254 0.493407 0.024387 0.036238
0 0.346124 0.479321 0.026767 0.062993
0 0.369573 0.490096 0.024868 0.037187
0 0.392308 0.480745 0.018702 0.054952
0 0.423215 0.475889 0.034099 0.064183
0 0.478281 0.473870 0.036707 0.062524
0 0.506587 0.485595 0.024639 0.042392
0 0.533468 0.495066 0.028666 0.037656
0 0.603576 0.476004 0.031502 0.068209
0 0.630102 0.488912 0.028185 0.058978
0 0.659117 0.476713 0.015156 0.060156
0 0.680553 0.480739 0.021563 0.067272
0 0.699141 0.487013 0.023209 0.044291
0 0.756346 0.517097 0.041923 0.101142
0 0.786544 0.485950 0.027945 0.050216
0 0.819700 0.475054 0.028413 0.066791
0 0.837224 0.489742 0.024159 0.040733
0 0.865763 0.494123 0.029603 0.040505
0 0.890282 0.486665 0.020373 0.042151
0 0.906743 0.487019 0.019183 0.038606
0 0.929597 0.473395 0.029844 0.065373
0 0.960980 0.477422 0.035300 0.062055
