0 0.164621 0.415222 0.045829 0.056142
0 0.222356 0.412025 0.034111 0.059675
0 0.268365 0.415228 0.040144 0.066082
0 0.320234 0.389465 0.034459 0.024507
0 0.442272 0.427837 0.073894 0.067139
0 0.568035 0.410072 0.027007 0.053654
0 0.600541 0.408119 0.028774 0.054002
0 0.635186 0.428365 0.042632 0.038365
0 0.716184 0.417181 0.032680 0.031623
0 0.765565 0.415403 0.032692 0.052224
0 0.808197 0.421262 0.034808 0.039087
0 0.842121 0.403317 0.033041 0.020962
0 0.164447 0.549988 0.030793 0.051875
0 0.211575 0.564675 0.038846 0.034808
0 0.249002 0.539453 0.022740 0.031262
0 0.284050 0.534712 0.026058 0.025577
0 0.280264 0.566334 0.024639 0.028654
0 0.311058 0.561947 0.022740 0.051154
0 0.331899 0.573792 0.027476 0.031262
0 0.350727 0.554489 0.019651 0.021550
0 0.421310 0.568816 0.057548 0.058738
0 0.671304 0.551767 0.037897 0.057308
0 0.714405 0.568227 0.036478 0.034820
