0 0.034862 0.479790 0.050084 0.078161
0 0.070210 0.488852 0.017752 0.057200
0 0.097031 0.495072 0.038726 0.046178
0 0.164712 0.483876 0.041923 0.067151
0 0.205745 0.498269 0.030913 0.039087
0 0.232566 0.487788 0.028425 0.065721
0 0.251046 0.488143 0.025577 0.060757
0 0.272362 0.499159 0.032680 0.038726
0 0.307175 0.487073 0.026995 0.069988
0 0.352825 0.503419 0.052933 0.042993
0 0.400258 0.502175 0.029123 0.043341
0 0.433828 0.500757 0.031623 0.036947
0 0.464916 0.520649 0.040505 0.103029
0 0.512879 0.485126 0.036959 0.068209
0 0.562969 0.486190 0.044760 0.071058
0 0.604008 0.492758 0.018113 0.058618
0 0.626563 0.497025 0.021322 0.044411
0 0.653209 0.498624 0.024159 0.044050
0 0.673287 0.492049 0.021671 0.057200
0 0.726220 0.503245 0.052224 0.041923
0 0.765829 0.494008 0.016346 0.054002
0 0.792476 0.485126 0.022740 0.071767
0 0.814153 0.499694 0.037656 0.042632
0 0.852163 0.482458 0.029135 0.071406
0 0.884141 0.495246 0.022031 0.049387
0 0.914339 0.502356 0.036947 0.041562
0 0.956611 0.497734 0.051154 0.047969
