0 0.284603 0.445968 0.048798 0.046430
0 0.328654 0.431875 0.026995 0.068918
0 0.355180 0.432945 0.034111 0.071995
0 0.374603 0.447272 0.045000 0.050457
0 0.476689 0.428323 0.052584 0.067969
0 0.514940 0.454970 0.051394 0.041214
0 0.569886 0.452248 0.044772 0.040505
0 0.617254 0.436851 0.045228 0.069399
0 0.671965 0.435192 0.036719 0.063245
0 0.717206 0.444904 0.055180 0.046178
0 0.354886 0.560451 0.056382 0.108377
0 0.412554 0.518894 0.035517 0.039904
0 0.462163 0.523101 0.061514 0.038077
0 0.518371 0.519441 0.034050 0.044675
0 0.553702 0.518347 0.024904 0.055661
0 0.593065 0.519988 0.045769 0.044303
0 0.632242 0.518894 0.029651 0.042837
0 0.675998 0.520541 0.041010 0.046130
0 0.725421 0.524207 0.041010 0.049062
