0 0.069898 0.431875 0.023089 0.064663
0 0.095120 0.427614 0.020962 0.059675
0 0.039351 0.427794 0.045120 0.086334
0 0.122302 0.437915 0.023450 0.042632
0 0.148948 0.440048 0.027704 0.044760
0 0.177903 0.430096 0.030204 0.072476
0 0.243450 0.442536 0.034808 0.033389
0 0.280216 0.440763 0.032332 0.041214
0 0.321430 0.440222 0.030913 0.040853
0 0.410607 0.423347 0.033041 0.060397
0 0.451995 0.435078 0.040505 0.037656
0 0.493029 0.439513 0.032332 0.042272
0 0.532993 0.443071 0.043341 0.038017
0 0.574207 0.444483 0.040505 0.136779
0 0.615769 0.438450 0.035529 0.049375
0 0.681857 0.442001 0.056839 0.055781
0 0.729459 0.445733 0.030553 0.041202
0 0.085889 0.572386 0.033750 0.067849
0 0.104357 0.587662 0.020252 0.029483
0 0.132422 0.588906 0.033041 0.033389
0 0.168666 0.585709 0.032332 0.035529
0 0.204898 0.592632 0.034459 0.046538
0 0.270631 0.569369 0.039435 0.069627
0 0.309706 0.579315 0.035877 0.049736
0 0.334225 0.585883 0.025228 0.039435
0 0.376502 0.580385 0.045120 0.048317
0 0.418774 0.577716 0.028774 0.046538
0 0.458035 0.578960 0.041214 0.036238
0 0.507416 0.586244 0.051154 0.038017
0 0.563552 0.584465 0.047608 0.043690
0 0.627500 0.576647 0.070337 0.057909
0 0.687716 0.580198 0.045841 0.050805
0 0.755751 0.568660 0.035517 0.068209
0 0.770853 0.583582 0.030913 0.030553
0 0.819700 0.583401 0.039784 0.042284
0 0.866238 0.584639 0.039087 0.041923
0 0.958786 0.559952 0.064303 0.088462
