0 0.092831 0.483293 0.045469 0.054712
0 0.123972 0.507091 0.034339 0.035048
0 0.164946 0.524495 0.050445 0.056130
0 0.213029 0.513251 0.034351 0.035060
0 0.243936 0.511118 0.028425 0.030313
0 0.287278 0.521659 0.049267 0.037187
0 0.333822 0.514555 0.032452 0.032452
0 0.371953 0.510288 0.039075 0.048558
0 0.404880 0.496671 0.024399 0.059688
0 0.458287 0.499868 0.037416 0.054231
0 0.494044 0.501052 0.031262 0.052344
0 0.520817 0.515144 0.038846 0.036466
0 0.565457 0.512302 0.043341 0.031743
0 0.602169 0.503179 0.029603 0.039555
0 0.647999 0.510757 0.058257 0.038606
0 0.698209 0.502236 0.040264 0.038125
0 0.742855 0.509934 0.060397 0.034579
0 0.799345 0.509814 0.030325 0.035300
0 0.836647 0.495601 0.031034 0.056611
0 0.885673 0.508516 0.059447 0.050685
