0 0.025048 0.272849 0.033750 0.077452
0 0.060042 0.285108 0.029844 0.057909
0 0.091839 0.285463 0.028774 0.045829
0 0.122740 0.271605 0.027356 0.072127
0 0.154718 0.270895 0.025228 0.067849
0 0.182788 0.277644 0.016707 0.058630
0 0.204994 0.289369 0.028425 0.044411
0 0.237320 0.290613 0.034808 0.040505
0 0.298251 0.288305 0.031623 0.046538
0 0.325962 0.291142 0.023798 0.037308
0 0.342127 0.298780 0.026298 0.108714
0 0.392398 0.315126 0.028065 0.103738
0 0.419219 0.285282 0.022019 0.045469
0 0.438582 0.286172 0.020240 0.040853
0 0.465763 0.287061 0.022031 0.050445
0 0.486184 0.275337 0.020252 0.070337
0 0.501112 0.271785 0.017416 0.058257
0 0.521538 0.290084 0.021322 0.045120
0 0.540901 0.287061 0.018822 0.044050
0 0.565769 0.270367 0.030192 0.079579
0 0.593834 0.285637 0.024519 0.038365
0 0.613023 0.291322 0.026647 0.112981
0 0.635222 0.274802 0.019892 0.076382
0 0.664177 0.276046 0.021671 0.066082
0 0.683540 0.284393 0.023450 0.057200
0 0.706280 0.290613 0.019892 0.037668
0 0.730078 0.277825 0.029844 0.059687
0 0.789411 0.280661 0.026995 0.064663
0 0.813035 0.285282 0.025228 0.058257
0 0.838972 0.277464 0.032320 0.064663
0 0.863840 0.285108 0.023089 0.046538
0 0.888534 0.275156 0.019183 0.067861
0 0.912157 0.287951 0.021671 0.044411
0 0.933474 0.287061 0.025216 0.037656
0 0.960300 0.270541 0.029135 0.056490
0 0.982500 0.283684 0.024519 0.046550
0 0.022740 0.430054 0.027716 0.039435
0 0.059153 0.417975 0.031623 0.060757
0 0.086863 0.427572 0.023798 0.047957
0 0.116887 0.424195 0.030553 0.032692
0 0.177458 0.422061 0.030901 0.063954
0 0.205883 0.433077 0.028065 0.038365
0 0.233942 0.430054 0.025938 0.036599
0 0.259351 0.430763 0.020601 0.042993
0 0.305355 0.432542 0.044411 0.040853
0 0.340529 0.432542 0.030192 0.035877
0 0.369838 0.423131 0.022031 0.055421
0 0.402344 0.422951 0.020962 0.058618
0 0.429880 0.429880 0.020601 0.046178
0 0.448708 0.422416 0.017055 0.056130
0 0.465583 0.431478 0.021671 0.040865
0 0.489207 0.432362 0.019183 0.041214
0 0.515679 0.432362 0.026647 0.042632
0 0.543029 0.430763 0.027356 0.040853
0 0.572344 0.423305 0.030553 0.051514
0 0.595078 0.428095 0.027704 0.045469
0 0.661520 0.420108 0.024868 0.057187
0 0.684609 0.432542 0.019892 0.035180
0 0.708053 0.433425 0.031971 0.048317
0 0.728840 0.424730 0.013137 0.058618
0 0.746779 0.453149 0.028413 0.093438
0 0.778930 0.425619 0.027356 0.042632
0 0.801851 0.423480 0.014207 0.052584
0 0.815529 0.432897 0.017404 0.037308
0 0.829381 0.434856 0.014555 0.031971
0 0.848035 0.431833 0.022031 0.047248
0 0.877524 0.440715 0.016346 0.023089
0 0.908071 0.416382 0.033401 0.059687
0 0.936142 0.422067 0.016346 0.048317
0 0.955150 0.429700 0.023089 0.047957
0 0.025198 0.574814 0.025998 0.041743
0 0.051749 0.571701 0.022704 0.041382
0 0.079213 0.555042 0.022704 0.060781
0 0.098984 0.572067 0.024171 0.048702
0 0.133035 0.565114 0.015373 0.053089
0 0.149147 0.562734 0.016106 0.057849
0 0.174778 0.569868 0.022704 0.045769
0 0.201683 0.592212 0.029663 0.085313
0 0.236857 0.569940 0.022272 0.043582
0 0.260415 0.567698 0.022680 0.037200
0 0.286953 0.555889 0.024700 0.054303
0 0.307452 0.567770 0.022260 0.049291
0 0.362843 0.562819 0.020901 0.068425
0 0.385313 0.578564 0.023486 0.034483
0 0.411376 0.561731 0.024579 0.061370
0 0.436635 0.563155 0.018870 0.068017
0 0.459507 0.557109 0.029591 0.073305
0 0.485775 0.573203 0.019964 0.034892
0 0.503630 0.577819 0.023894 0.039507
0 0.536142 0.572524 0.028365 0.038149
0 0.558546 0.603065 0.034351 0.111731
0 0.624934 0.569333 0.029459 0.061358
0 0.650180 0.572722 0.019423 0.040998
0 0.672037 0.571166 0.026743 0.031899
0 0.722740 0.558672 0.019279 0.060685
0 0.744946 0.574694 0.022945 0.032175
0 0.769922 0.573540 0.022127 0.042368
0 0.788041 0.569056 0.014663 0.051863
0 0.807596 0.596484 0.021178 0.095036
0 0.833389 0.570889 0.024712 0.038966
0 0.851857 0.571094 0.015204 0.052139
0 0.869910 0.574489 0.016022 0.044796
0 0.884706 0.573335 0.017921 0.040325
0 0.903642 0.574760 0.025120 0.043173
0 0.023726 0.712704 0.022572 0.038149
0 0.045325 0.713828 0.020240 0.034050
0 0.067194 0.717326 0.015300 0.034147
0 0.083750 0.717837 0.013149 0.030505
0 0.104832 0.704038 0.027524 0.055312
0 0.130487 0.718444 0.019868 0.039555
0 0.148251 0.715745 0.011575 0.046827
0 0.168263 0.716208 0.026214 0.033209
0 0.193257 0.702825 0.018558 0.065577
0 0.240270 0.710703 0.022656 0.038425
0 0.264243 0.714525 0.025288 0.038425
0 0.311208 0.712338 0.020156 0.037969
0 0.327488 0.704543 0.013894 0.059135
0 0.350475 0.710889 0.025373 0.032837
0 0.371923 0.717740 0.029543 0.111130
0 0.391947 0.717843 0.021202 0.035541
0 0.411112 0.720733 0.020565 0.048606
0 0.435096 0.703498 0.029976 0.074087
