0 0.052632 0.277350 0.045072 0.068834
0 0.086028 0.288960 0.033401 0.041550
0 0.117188 0.278029 0.019687 0.051178
0 0.139111 0.294525 0.021178 0.037464
0 0.169549 0.274357 0.029820 0.067272
0 0.202560 0.281040 0.039904 0.063762
0 0.280829 0.282993 0.042981 0.059856
0 0.314153 0.293894 0.031478 0.037644
0 0.356526 0.284537 0.041346 0.065829
0 0.396737 0.294002 0.030853 0.040721
0 0.430679 0.288239 0.034555 0.038257
0 0.460715 0.283618 0.019748 0.055745
0 0.483444 0.291532 0.024892 0.033329
0 0.505445 0.290300 0.016250 0.027981
0 0.529826 0.275180 0.029219 0.057380
0 0.556256 0.292764 0.026118 0.028389
0 0.593798 0.295439 0.046490 0.038257
0 0.061454 0.360956 0.025096 0.043401
0 0.090252 0.364453 0.031683 0.040108
0 0.125631 0.355397 0.032079 0.048750
0 0.157927 0.363317 0.027560 0.031683
0 0.227963 0.381520 0.028594 0.075901
0 0.264579 0.365481 0.033125 0.030240
0 0.304177 0.348203 0.037440 0.057800
0 0.337085 0.360030 0.034964 0.039075
0 0.372368 0.356118 0.027356 0.046490
0 0.475108 0.355709 0.041971 0.058413
0 0.538672 0.354477 0.069531 0.069123
0 0.629177 0.355192 0.031262 0.063558
0 0.664243 0.365072 0.038053 0.038053
0 0.712073 0.353341 0.058017 0.060264
0 0.084081 0.426160 0.053522 0.069459
0 0.131719 0.429724 0.036731 0.056034
0 0.172963 0.436965 0.036935 0.044075
0 0.213149 0.431304 0.032115 0.035685
0 0.252506 0.440325 0.044916 0.051202
0 0.292698 0.418287 0.025397 0.062536
0 0.324802 0.437704 0.035469 0.032524
0 0.359014 0.435913 0.039255 0.032740
0 0.476442 0.431929 0.043654 0.051214
0 0.513480 0.411466 0.030012 0.020361
0 0.537927 0.418395 0.028546 0.069050
0 0.446526 0.416611 0.039663 0.071779
0 0.081322 0.502278 0.038245 0.058401
0 0.109567 0.506689 0.029423 0.033401
0 0.142825 0.508161 0.025889 0.026635
0 0.178942 0.498017 0.028990 0.057524
0 0.209760 0.511767 0.025601 0.024135
0 0.241544 0.496466 0.018233 0.049135
0 0.270012 0.496244 0.021923 0.054291
0 0.305763 0.504339 0.031623 0.040457
0 0.342692 0.511767 0.033101 0.033245
0 0.382121 0.502206 0.018690 0.037368
0 0.419718 0.506472 0.045613 0.038834
0 0.502326 0.489555 0.030445 0.050313
0 0.528882 0.505144 0.028534 0.030601
0 0.563167 0.492861 0.022656 0.056346
0 0.589495 0.508606 0.029135 0.040457
0 0.663726 0.489627 0.035457 0.059591
0 0.694609 0.508173 0.029171 0.039399
0 0.721737 0.525577 0.043498 0.088534
0 0.761388 0.489495 0.025589 0.071635
0 0.801310 0.505613 0.048101 0.039399
0 0.917194 0.508882 0.020781 0.047909
0 0.937969 0.532614 0.040481 0.100541
0 0.898618 0.491905 0.035481 0.069748
0 0.094315 0.575968 0.044375 0.034171
0 0.135042 0.572578 0.019796 0.043858
0 0.162806 0.570337 0.030108 0.050216
0 0.196460 0.586490 0.024267 0.022716
0 0.230685 0.579718 0.025216 0.020204
0 0.313395 0.574633 0.033305 0.049411
0 0.352374 0.568041 0.021959 0.054543
0 0.372506 0.574994 0.023425 0.036238
0 0.390258 0.581040 0.015012 0.028546
0 0.412037 0.579940 0.026358 0.034399
0 0.452668 0.580120 0.040264 0.032572
0 0.536857 0.567127 0.044651 0.046851
0 0.568702 0.578660 0.025625 0.036959
0 0.597067 0.563834 0.031106 0.059303
0 0.619760 0.576280 0.030385 0.035132
0 0.657284 0.563287 0.017572 0.058930
0 0.670270 0.562368 0.018666 0.059303
0 0.688395 0.579207 0.021959 0.032212
0 0.719507 0.584700 0.040264 0.030745
0 0.107578 0.639778 0.064820 0.055950
0 0.101785 0.721857 0.068522 0.074195
0 0.195325 0.710144 0.042644 0.056202
0 0.234766 0.715691 0.023425 0.041166
0 0.268780 0.720998 0.041647 0.040913
0 0.304892 0.717175 0.021683 0.033269
0 0.333852 0.719886 0.036238 0.034748
0 0.370337 0.706202 0.021442 0.058173
0 0.390054 0.718528 0.029820 0.033522
0 0.415811 0.709405 0.029579 0.057680
0 0.453888 0.712368 0.017007 0.050769
0 0.479032 0.718528 0.028353 0.032536
0 0.516995 0.724573 0.040673 0.049050
0 0.200505 0.649267 0.039688 0.039928
0 0.238089 0.651605 0.027115 0.038209
0 0.262740 0.649639 0.023173 0.040673
0 0.284309 0.654075 0.032776 0.081587
0 0.315367 0.639898 0.035252 0.065565
0 0.337800 0.642115 0.019471 0.043870
0 0.352218 0.641623 0.019724 0.053245
0 0.373540 0.650745 0.028834 0.034519
0 0.408167 0.647662 0.029579 0.032776
0 0.440950 0.676749 0.040433 0.096382
