0 0.140775 0.426148 0.049026 0.067151
0 0.222668 0.431472 0.054351 0.068570
0 0.241136 0.374988 0.039435 0.054351
0 0.295853 0.358293 0.054351 0.050096
0 0.276845 0.433786 0.044772 0.072476
0 0.338131 0.433077 0.067849 0.070337
0 0.396394 0.406965 0.060048 0.035877
0 0.488053 0.434856 0.040144 0.053293
0 0.543474 0.434501 0.048678 0.085974
0 0.590192 0.448173 0.056130 0.051514
0 0.613113 0.418690 0.046538 0.024519
0 0.700511 0.441959 0.050805 0.050457
0 0.761611 0.435385 0.043702 0.079928
0 0.811532 0.433960 0.050445 0.073546
0 0.861803 0.415847 0.047957 0.049387
0 0.161815 0.574808 0.051995 0.054928
0 0.212464 0.576520 0.039062 0.062728
0 0.256034 0.575541 0.034904 0.064687
0 0.300337 0.555403 0.046370 0.024892
0 0.118726 0.649874 0.042957 0.049796
0 0.163642 0.649141 0.034183 0.064435
0 0.201965 0.652314 0.036118 0.066887
0 0.229056 0.652921 0.027825 0.058822
0 0.275319 0.653534 0.045156 0.064928
0 0.364778 0.647800 0.040036 0.037837
0 0.419700 0.650721 0.051755 0.066635
0 0.479994 0.643888 0.032224 0.065180
0 0.517951 0.649501 0.035877 0.051022
0 0.550174 0.648648 0.029050 0.049315
