0 0.017284 0.428864 0.017043 0.036526
0 0.030234 0.419916 0.011575 0.049784
0 0.041550 0.423023 0.019688 0.034940
0 0.058600 0.418185 0.020517 0.053053
0 0.079808 0.413966 0.018101 0.048630
0 0.096076 0.427602 0.015685 0.020325
0 0.109868 0.428389 0.017788 0.022524
0 0.130709 0.419760 0.023894 0.044207
0 0.149922 0.424916 0.018738 0.033894
0 0.165865 0.427025 0.024519 0.028209
0 0.211022 0.411761 0.021154 0.046310
0 0.226550 0.423395 0.018942 0.025998
0 0.243023 0.417392 0.013786 0.043678
0 0.260757 0.420499 0.019159 0.034315
0 0.278768 0.421863 0.019579 0.029471
0 0.306448 0.418654 0.022945 0.040312
0 0.328395 0.411707 0.009579 0.039688
0 0.345288 0.416653 0.018317 0.032320
0 0.362975 0.412548 0.018522 0.047885
0 0.025343 0.519393 0.042320 0.063353
0 0.055661 0.528942 0.021154 0.037091
0 0.079315 0.528672 0.021154 0.034603
0 0.108401 0.531040 0.039615 0.084315
0 0.178912 0.527752 0.028113 0.092212
0 0.203161 0.514026 0.027284 0.067067
0 0.219766 0.526929 0.018738 0.031070
0 0.285349 0.527915 0.031226 0.058353
0 0.306220 0.518792 0.012825 0.056550
0 0.323894 0.528407 0.018245 0.038954
0 0.370246 0.532356 0.024483 0.038630
0 0.391617 0.519784 0.015613 0.058846
0 0.409940 0.532524 0.024327 0.041587
0 0.432873 0.518792 0.024495 0.064099
0 0.460240 0.523071 0.019399 0.060493
0 0.481773 0.532194 0.016767 0.024820
0 0.500264 0.525204 0.014952 0.044712
0 0.515962 0.526683 0.015120 0.032212
0 0.532236 0.538023 0.017428 0.031887
0 0.555583 0.521587 0.021695 0.060817
0 0.584014 0.529399 0.024327 0.034688
0 0.633576 0.512055 0.026791 0.056538
0 0.652151 0.544681 0.035673 0.059339
0 0.688233 0.531611 0.023341 0.031562
0 0.714609 0.532272 0.024820 0.031226
0 0.751929 0.528654 0.026791 0.038462
0 0.776995 0.532680 0.024327 0.040601
0 0.813401 0.537698 0.025481 0.033209
0 0.840361 0.536550 0.027452 0.031563
0 0.873317 0.559892 0.030577 0.091394
0 0.927320 0.526761 0.027452 0.055397
0 0.950655 0.525859 0.012656 0.054579
0 0.968738 0.532602 0.017596 0.041430
