0 0.050102 0.392999 0.056142 0.079435
0 0.087025 0.417242 0.035252 0.042752
0 0.120679 0.412620 0.025685 0.048486
0 0.141010 0.417794 0.031899 0.037800
0 0.173786 0.402891 0.036202 0.064435
0 0.208954 0.398822 0.033173 0.071298
0 0.274351 0.404081 0.047837 0.064916
0 0.322999 0.416605 0.033810 0.043377
0 0.356731 0.423065 0.031106 0.043221
0 0.410156 0.405439 0.030144 0.062849
0 0.428263 0.419159 0.032224 0.036683
0 0.467416 0.416202 0.030457 0.035889
0 0.491821 0.406713 0.018978 0.051046
0 0.522524 0.419153 0.041779 0.032849
0 0.557608 0.405757 0.032212 0.059976
0 0.584405 0.403125 0.022656 0.061394
0 0.602909 0.411100 0.028077 0.042584
0 0.631695 0.413257 0.032692 0.034135
0 0.678882 0.403474 0.025938 0.024687
0 0.731226 0.402957 0.044279 0.066250
0 0.762927 0.418221 0.033209 0.037740
0 0.799489 0.416292 0.023137 0.042272
0 0.820457 0.416629 0.022476 0.034892
0 0.844688 0.412097 0.030024 0.052993
0 0.879742 0.403714 0.030349 0.066418
0 0.936593 0.403882 0.039411 0.062043
0 0.964435 0.416544 0.030697 0.044435
0 0.987494 0.415451 0.025156 0.033546
0 0.047494 0.570715 0.043041 0.120829
0 0.082230 0.549195 0.023329 0.062236
0 0.099988 0.561118 0.024111 0.042524
0 0.129730 0.554249 0.020036 0.058786
0 0.148299 0.561995 0.026719 0.044351
0 0.179297 0.549038 0.033137 0.062788
0 0.214171 0.559591 0.028053 0.043293
0 0.247572 0.558924 0.031803 0.040877
0 0.276556 0.588179 0.035805 0.096190
0 0.312764 0.558119 0.022716 0.038209
0 0.341358 0.558125 0.036082 0.041418
