0 0.035397 0.197254 0.029687 0.038834
0 0.058834 0.185204 0.014014 0.062356
0 0.078522 0.190036 0.019087 0.067668
0 0.096526 0.196322 0.028029 0.049303
0 0.176761 0.182067 0.025132 0.064760
0 0.200078 0.201514 0.023450 0.035529
0 0.225210 0.202121 0.017151 0.030925
0 0.244910 0.188708 0.020781 0.065012
0 0.282362 0.213720 0.032392 0.066214
0 0.315829 0.202728 0.023918 0.045192
0 0.344225 0.203209 0.025613 0.044231
0 0.377933 0.192091 0.031178 0.073221
0 0.402344 0.190282 0.017644 0.064772
0 0.425180 0.204657 0.022236 0.037945
0 0.490913 0.202242 0.022716 0.037464
0 0.522206 0.194147 0.030685 0.058966
0 0.553618 0.200186 0.018606 0.043017
0 0.573558 0.202963 0.017885 0.038906
0 0.627206 0.198978 0.030925 0.044952
0 0.649922 0.185084 0.014988 0.058726
0 0.664062 0.182548 0.018125 0.065240
0 0.684718 0.195114 0.025132 0.046887
0 0.739213 0.186172 0.020060 0.055589
0 0.757212 0.193900 0.014014 0.047849
0 0.773287 0.196448 0.021022 0.043257
0 0.792861 0.211184 0.034063 0.141863
0 0.818474 0.212999 0.028269 0.056070
0 0.846508 0.201274 0.020060 0.040361
0 0.873570 0.199585 0.026827 0.034555
0 0.899309 0.183516 0.024651 0.069123
0 0.925649 0.182668 0.026587 0.072260
0 0.030096 0.345228 0.026394 0.041346
0 0.061226 0.340373 0.028894 0.060529
0 0.090865 0.342987 0.016442 0.029387
0 0.111412 0.345607 0.025661 0.037608
0 0.188618 0.340499 0.033125 0.037849
0 0.211905 0.326677 0.015950 0.061022
0 0.228468 0.325925 0.017680 0.061514
0 0.245523 0.341617 0.022416 0.041094
0 0.309411 0.330156 0.038101 0.066995
0 0.337181 0.342861 0.020421 0.042091
0 0.358720 0.343233 0.024651 0.035865
0 0.390475 0.336142 0.027897 0.058534
0 0.416629 0.343113 0.020421 0.039111
0 0.450625 0.352079 0.029639 0.058029
0 0.482626 0.348966 0.025901 0.038846
0 0.512885 0.345727 0.027139 0.037368
0 0.548119 0.332867 0.028714 0.060276
0 0.576124 0.332867 0.022392 0.053353
0 0.609724 0.339886 0.035841 0.036863
0 0.663077 0.345282 0.016707 0.033401
0 0.679369 0.334796 0.011406 0.047861
0 0.703498 0.343251 0.024639 0.030950
0 0.728239 0.344880 0.018738 0.034615
0 0.745853 0.348035 0.023822 0.028305
0 0.784549 0.332656 0.029940 0.050096
0 0.813588 0.343089 0.017464 0.030745
0 0.827440 0.342951 0.014687 0.026599
0 0.850228 0.338516 0.022861 0.035733
0 0.867338 0.342470 0.017175 0.032272
0 0.889982 0.344958 0.022584 0.031719
0 0.913666 0.339766 0.018413 0.037680
0 0.926478 0.343438 0.013293 0.026178
0 0.943167 0.326881 0.021190 0.063714
0 0.959309 0.342885 0.025204 0.033101
0 0.985691 0.342470 0.024796 0.027007
0 0.028053 0.473263 0.030721 0.076358
0 0.051731 0.482566 0.014928 0.053858
0 0.071959 0.485811 0.021635 0.041743
0 0.096184 0.509387 0.025950 0.086298
0 0.121599 0.482566 0.015793 0.033089
0 0.143876 0.487001 0.022704 0.036334
0 0.227476 0.460282 0.026394 0.057752
0 0.253323 0.473263 0.012752 0.048233
0 0.271382 0.490571 0.022500 0.045204
0 0.325571 0.496839 0.027464 0.127404
0 0.350228 0.472614 0.015361 0.068570
0 0.369910 0.484405 0.016647 0.032873
0 0.389050 0.479862 0.011683 0.045853
0 0.406358 0.484405 0.014712 0.025950
0 0.424633 0.468828 0.020108 0.057969
0 0.451130 0.484730 0.020337 0.034820
0 0.474056 0.489597 0.022055 0.032007
0 0.502716 0.516959 0.030505 0.113558
0 0.571827 0.478131 0.035048 0.059700
0 0.598750 0.486569 0.017091 0.035469
0 0.612813 0.488083 0.019687 0.035469
0 0.654772 0.468720 0.024447 0.066406
0 0.674784 0.485379 0.020337 0.039579
0 0.696304 0.488624 0.021839 0.039147
0 0.720745 0.477374 0.024014 0.061214
0 0.744645 0.473588 0.015565 0.057969
0 0.763353 0.479537 0.017091 0.044339
0 0.785739 0.489381 0.018161 0.037632
0 0.806719 0.488624 0.020769 0.036118
0 0.030343 0.616340 0.031502 0.062272
0 0.057169 0.628305 0.020950 0.035962
0 0.075006 0.629195 0.018882 0.031803
0 0.139135 0.618942 0.033293 0.060337
0 0.166328 0.629718 0.018137 0.031959
0 0.187506 0.615150 0.016502 0.061382
0 0.213660 0.626298 0.017680 0.040865
0 0.233131 0.616563 0.020661 0.046971
0 0.261070 0.630907 0.020361 0.036118
0 0.288492 0.628377 0.020805 0.033438
0 0.311004 0.625186 0.020661 0.039531
0 0.328468 0.623918 0.023185 0.029880
0 0.396683 0.628546 0.028942 0.042115
0 0.423492 0.627242 0.014555 0.042272
0 0.442560 0.631761 0.016538 0.026190
0 0.475944 0.615992 0.031863 0.051310
0 0.538516 0.624105 0.028329 0.041502
0 0.564393 0.626322 0.017921 0.037067
0 0.588678 0.627476 0.020216 0.036298
0 0.642278 0.621959 0.029099 0.049159
0 0.669700 0.626094 0.020216 0.034159
0 0.698107 0.623263 0.024050 0.031863
0 0.771544 0.619742 0.029411 0.049627
0 0.794063 0.629002 0.022981 0.030481
0 0.817572 0.629237 0.018221 0.033089
0 0.839243 0.628311 0.014399 0.030325
0 0.860992 0.619207 0.025421 0.044567
0 0.886112 0.620126 0.015325 0.047632
0 0.905950 0.625865 0.023125 0.045649
0 0.926623 0.623876 0.021899 0.040132
0 0.947073 0.611851 0.017464 0.063245
0 0.961923 0.622722 0.018990 0.039050
0 0.979081 0.629153 0.019603 0.038137
0 0.026208 0.758203 0.024940 0.065349
0 0.046406 0.768858 0.021154 0.044038
0 0.065907 0.769249 0.023209 0.039147
0 0.139465 0.758359 0.019724 0.053666
0 0.164958 0.765222 0.022728 0.045300
0 0.189105 0.753858 0.020829 0.062668
0 0.209868 0.770751 0.018149 0.031406
0 0.231569 0.763173 0.017993 0.034880
0 0.263456 0.764044 0.038522 0.034411
0 0.334639 0.768143 0.021466 0.033786
0 0.363053 0.767278 0.030625 0.026358
0 0.397626 0.751256 0.029363 0.064411
0 0.458395 0.753936 0.039459 0.063137
0 0.487284 0.764513 0.016418 0.034411
0 0.507644 0.765938 0.021466 0.028726
0 0.529111 0.750938 0.023678 0.064087
0 0.548059 0.763173 0.017680 0.041202
0 0.574261 0.773191 0.029675 0.062825
0 0.608119 0.772963 0.035829 0.038353
0 0.640956 0.755361 0.025733 0.065673
0 0.663125 0.754645 0.016418 0.064243
0 0.682542 0.771064 0.020517 0.042776
0 0.735036 0.750150 0.027308 0.066935
0 0.756100 0.766172 0.017680 0.040565
0 0.776701 0.768143 0.023834 0.027776
0 0.803299 0.800817 0.023353 0.099135
0 0.825799 0.773353 0.018786 0.039471
0 0.847734 0.761118 0.014988 0.058558
0 0.861154 0.767909 0.016250 0.034880
0 0.882620 0.758750 0.017837 0.051298
0 0.906454 0.754171 0.023197 0.057933
0 0.925240 0.766725 0.020048 0.035685
0 0.953966 0.760649 0.034880 0.063606
