0 0.030349 0.354165 0.045673 0.072248
0 0.064663 0.366484 0.032620 0.039387
0 0.097043 0.355493 0.031659 0.066707
0 0.123269 0.372770 0.030938 0.035998
0 0.158185 0.362500 0.028750 0.060889
0 0.184772 0.377608 0.031659 0.036010
0 0.289044 0.359357 0.056550 0.066214
0 0.320583 0.376274 0.029243 0.030938
0 0.340397 0.382560 0.036490 0.092308
0 0.368672 0.380144 0.037464 0.095697
0 0.421106 0.377368 0.040361 0.032139
0 0.464850 0.373618 0.026815 0.027548
0 0.493365 0.373978 0.033101 0.028750
0 0.529489 0.396575 0.034315 0.083125
0 0.645174 0.364766 0.039411 0.068425
0 0.684838 0.368708 0.033209 0.039748
0 0.713101 0.374321 0.031370 0.030853
0 0.778594 0.386316 0.044279 0.107849
0 0.817169 0.362668 0.026166 0.056514
0 0.838215 0.363173 0.019627 0.052163
0 0.851965 0.363588 0.017272 0.052656
0 0.868822 0.374243 0.021803 0.030024
0 0.903540 0.373822 0.033882 0.036899
0 0.937921 0.369543 0.029183 0.039423
0 0.033227 0.517530 0.047055 0.045853
0 0.079351 0.516587 0.033197 0.037476
0 0.125120 0.514712 0.020024 0.038846
0 0.162344 0.499651 0.033197 0.053221
0 0.207939 0.512398 0.032344 0.039363
0 0.261502 0.514020 0.038846 0.033714
0 0.348774 0.515565 0.040553 0.031995
0 0.380090 0.502218 0.017969 0.059387
0 0.407121 0.502127 0.022416 0.056466
0 0.430907 0.510258 0.033714 0.042608
0 0.464105 0.511544 0.031647 0.042440
0 0.526821 0.524886 0.044483 0.101983
0 0.568233 0.498540 0.038678 0.062969
0 0.597831 0.515391 0.036959 0.030974
0 0.673810 0.503582 0.048245 0.066562
0 0.718648 0.516587 0.032512 0.033029
0 0.766040 0.511370 0.037993 0.042091
0 0.851947 0.530108 0.043125 0.097716
0 0.880691 0.514537 0.029435 0.040204
0 0.917656 0.503924 0.029087 0.055613
0 0.950511 0.504525 0.041406 0.055108
0 0.028918 0.660799 0.033341 0.035781
0 0.066280 0.658269 0.030901 0.036322
0 0.095433 0.662548 0.026010 0.034399
0 0.124153 0.651809 0.038065 0.061454
0 0.196088 0.647007 0.052031 0.067572
0 0.235986 0.660451 0.034399 0.039627
0 0.272560 0.648666 0.016418 0.056563
0 0.306689 0.653119 0.037536 0.033353
0 0.352873 0.657656 0.032115 0.037187
0 0.441569 0.647704 0.037368 0.071058
0 0.472728 0.660535 0.031947 0.042248
0 0.501803 0.649014 0.013966 0.048197
0 0.555925 0.647007 0.043293 0.058846
0 0.594688 0.655126 0.027933 0.045397
0 0.628293 0.657746 0.041731 0.038065
