0 0.024117 0.263708 0.030156 0.061743
0 0.047644 0.283762 0.020361 0.034904
0 0.071172 0.280054 0.015325 0.033786
0 0.092885 0.305631 0.023053 0.085589
0 0.116809 0.279814 0.020998 0.036478
0 0.140337 0.280607 0.021947 0.033954
0 0.158492 0.304447 0.026046 0.079111
0 0.179808 0.280445 0.015313 0.033942
0 0.195757 0.266791 0.019111 0.057476
0 0.218413 0.279657 0.018942 0.032055
0 0.233017 0.281635 0.019736 0.085577
0 0.247861 0.280210 0.023221 0.083377
0 0.269177 0.279423 0.029844 0.040745
0 0.310072 0.276815 0.021010 0.041202
0 0.331863 0.282260 0.021635 0.034111
0 0.358942 0.267494 0.029375 0.057632
0 0.409940 0.271839 0.024952 0.055577
0 0.434339 0.277843 0.021010 0.037272
0 0.456995 0.278552 0.024952 0.038377
0 0.481713 0.268528 0.023209 0.058738
0 0.507206 0.266076 0.017368 0.052584
0 0.524579 0.275871 0.016418 0.045950
0 0.542338 0.280763 0.020685 0.034267
0 0.564513 0.284471 0.018281 0.030312
0 0.587506 0.282500 0.018474 0.034591
0 0.607163 0.293474 0.027788 0.059375
0 0.634159 0.278077 0.021154 0.026058
0 0.652951 0.278161 0.016743 0.031899
0 0.676160 0.272710 0.024315 0.041214
0 0.699844 0.280288 0.019255 0.026683
0 0.721713 0.266154 0.020998 0.050529
0 0.744928 0.265919 0.016899 0.046262
0 0.764742 0.278948 0.020517 0.034099
0 0.025487 0.403954 0.030325 0.066827
0 0.047680 0.415913 0.015048 0.048317
0 0.061737 0.418504 0.018498 0.039700
0 0.088239 0.446731 0.027127 0.090240
0 0.110186 0.418750 0.017752 0.036731
0 0.131262 0.423065 0.022933 0.035505
0 0.197097 0.419609 0.021454 0.033041
0 0.216448 0.414808 0.018738 0.044135
0 0.240493 0.406917 0.022933 0.057945
0 0.264044 0.413197 0.019724 0.042404
0 0.285367 0.422326 0.023906 0.036983
0 0.323215 0.421334 0.021695 0.038462
0 0.341460 0.414555 0.014291 0.054976
0 0.366857 0.426274 0.031070 0.034519
0 0.398786 0.422446 0.022933 0.040180
0 0.427392 0.427993 0.023918 0.038462
0 0.454633 0.411845 0.025637 0.059411
0 0.478179 0.421460 0.021454 0.038209
0 0.495313 0.424423 0.022187 0.025889
0 0.535871 0.421214 0.022440 0.031803
0 0.556959 0.421581 0.022187 0.035998
0 0.576310 0.421833 0.021947 0.028113
0 0.594928 0.427752 0.015288 0.019231
0 0.639429 0.403828 0.022440 0.054243
0 0.661617 0.407284 0.026382 0.056226
0 0.686893 0.420475 0.020709 0.033281
0 0.708101 0.416532 0.020216 0.042656
0 0.745823 0.406953 0.024988 0.060493
0 0.769904 0.422572 0.018245 0.032548
0 0.789796 0.420763 0.018245 0.032873
0 0.809603 0.417145 0.015120 0.039459
0 0.825054 0.418299 0.017103 0.034844
0 0.840421 0.420270 0.015288 0.027945
0 0.854393 0.410240 0.012993 0.054567
0 0.866563 0.420433 0.015288 0.025649
0 0.881430 0.421334 0.018413 0.026466
0 0.897626 0.410325 0.014964 0.051442
0 0.910361 0.416653 0.011178 0.040108
0 0.923263 0.418540 0.015613 0.029099
0 0.940361 0.419525 0.019567 0.035998
0 0.956881 0.420349 0.018738 0.035337
0 0.978744 0.418137 0.024988 0.035505
0 0.023816 0.565409 0.020974 0.043606
0 0.042764 0.555349 0.013918 0.043269
0 0.062386 0.564994 0.018618 0.028017
0 0.090313 0.557614 0.027163 0.049483
0 0.138618 0.552831 0.020457 0.054675
0 0.165871 0.565583 0.017272 0.033209
0 0.189177 0.565835 0.024651 0.033377
0 0.212999 0.561809 0.017272 0.038065
0 0.230944 0.549231 0.018281 0.060216
0 0.253750 0.565078 0.018606 0.033882
0 0.278570 0.567512 0.019279 0.031034
0 0.306076 0.552332 0.020300 0.060048
0 0.369471 0.560968 0.023654 0.033041
0 0.391190 0.554093 0.020120 0.058858
0 0.410980 0.559796 0.022464 0.038750
0 0.421214 0.567927 0.016106 0.026166
0 0.470433 0.567260 0.023317 0.033870
0 0.487374 0.560883 0.013930 0.048305
0 0.506995 0.562650 0.027668 0.040084
0 0.552194 0.564573 0.027175 0.033882
0 0.579784 0.565919 0.019952 0.032200
0 0.597145 0.553594 0.017103 0.056514
0 0.614417 0.552254 0.020132 0.061214
0 0.640246 0.573546 0.010397 0.021635
0 0.021887 0.689850 0.031923 0.063666
0 0.048960 0.730583 0.025036 0.077776
0 0.078143 0.703780 0.022392 0.033690
0 0.106364 0.706334 0.023810 0.031394
0 0.140751 0.707921 0.038978 0.038101
0 0.170733 0.700072 0.016058 0.049904
0 0.193305 0.701569 0.019567 0.041623
0 0.215084 0.704663 0.020096 0.036154
0 0.235192 0.695925 0.019038 0.052909
0 0.256442 0.706424 0.024519 0.037921
0 0.272049 0.709597 0.018690 0.034026
0 0.322927 0.718858 0.029099 0.105817
0 0.347620 0.697782 0.017812 0.056959
0 0.362873 0.707921 0.017284 0.038438
0 0.382097 0.699633 0.013401 0.048329
0 0.400697 0.704393 0.017812 0.032103
0 0.425835 0.692404 0.023281 0.060312
0 0.452374 0.730499 0.026286 0.095589
0 0.473011 0.704303 0.020637 0.037212
0 0.501929 0.708984 0.032272 0.033858
0 0.526088 0.698401 0.011815 0.045144
0 0.540817 0.707566 0.019399 0.031743
0 0.560919 0.693900 0.023642 0.058017
0 0.583492 0.690992 0.023978 0.056430
