0 0.083221 0.270986 0.026322 0.077837
0 0.057224 0.260613 0.031731 0.056779
0 0.039255 0.268474 0.031130 0.113510
0 0.134273 0.262434 0.022704 0.058954
0 0.163191 0.264087 0.035877 0.058582
0 0.191935 0.267013 0.026731 0.065901
0 0.211340 0.297218 0.021599 0.053089
0 0.238618 0.276166 0.034423 0.109111
0 0.263149 0.245956 0.021971 0.038450
0 0.331989 0.266647 0.023425 0.068846
0 0.347915 0.277266 0.026719 0.035877
0 0.370613 0.270673 0.026731 0.076899
0 0.391304 0.283672 0.019772 0.032584
0 0.411989 0.283672 0.023065 0.033329
0 0.453912 0.272506 0.026358 0.062969
0 0.480096 0.310583 0.028197 0.098858
0 0.506641 0.274519 0.030757 0.047957
0 0.528425 0.283492 0.025264 0.034411
0 0.546917 0.285505 0.017584 0.031851
0 0.569008 0.282145 0.023425 0.033353
0 0.588047 0.275313 0.010421 0.054183
0 0.602284 0.286214 0.021322 0.034663
0 0.629952 0.285403 0.032716 0.032055
0 0.667867 0.283696 0.021959 0.031575
0 0.688450 0.271160 0.016923 0.055974
0 0.720595 0.284345 0.051911 0.034507
0 0.754357 0.277188 0.013353 0.046538
0 0.772584 0.283041 0.018221 0.030913
0 0.795529 0.281743 0.022452 0.035481
0 0.834663 0.281004 0.021971 0.057440
0 0.866478 0.276695 0.030913 0.059231
0 0.891947 0.267254 0.022284 0.075180
0 0.918720 0.271076 0.015950 0.015132
0 0.935805 0.266935 0.016923 0.065745
0 0.946791 0.287512 0.019687 0.035312
0 0.971280 0.284994 0.025397 0.035469
0 0.021010 0.486412 0.034808 0.115877
0 0.050613 0.478792 0.037091 0.077248
0 0.074375 0.529868 0.027187 0.103678
0 0.121256 0.487939 0.023882 0.062512
0 0.148444 0.486286 0.019820 0.049038
0 0.167500 0.496581 0.020841 0.034050
0 0.187073 0.481334 0.019315 0.056418
0 0.211082 0.498101 0.020072 0.028462
0 0.227091 0.496959 0.022115 0.031755
0 0.242969 0.481208 0.018293 0.075469
0 0.258221 0.511701 0.023894 0.038377
0 0.288582 0.481713 0.030745 0.103425
0 0.317939 0.439910 0.016767 0.049291
0 0.337506 0.443852 0.015757 0.017031
0 0.341569 0.487686 0.033041 0.052344
0 0.366472 0.486544 0.009147 0.056671
0 0.412206 0.484892 0.026935 0.053365
0 0.386034 0.474471 0.025409 0.072163
0 0.431779 0.493017 0.011178 0.050313
0 0.441178 0.494417 0.015240 0.036334
0 0.454904 0.494038 0.018293 0.034567
0 0.476370 0.493401 0.020072 0.032788
0 0.494543 0.479681 0.017284 0.056671
0 0.508774 0.500012 0.022356 0.102404
0 0.528972 0.500769 0.025156 0.041923
0 0.552103 0.483239 0.023125 0.073954
0 0.592374 0.491244 0.025925 0.040156
0 0.616388 0.494291 0.020084 0.033534
0 0.637476 0.524910 0.026178 0.103425
0 0.664032 0.493654 0.018810 0.040409
0 0.687416 0.495685 0.021851 0.034303
0 0.711556 0.480192 0.015757 0.065817
0 0.731118 0.493401 0.021346 0.047019
0 0.751959 0.481202 0.015240 0.073942
0 0.794772 0.475865 0.024135 0.058702
0 0.819802 0.480956 0.012200 0.050060
0 0.833275 0.474213 0.013714 0.055901
0 0.862115 0.479681 0.017019 0.021094
0 0.892482 0.471166 0.022368 0.072668
0 0.914201 0.491370 0.025156 0.038870
0 0.931232 0.491112 0.028209 0.035325
0 0.046220 0.686671 0.028522 0.074928
0 0.065276 0.704561 0.025673 0.045373
0 0.030535 0.683041 0.016334 0.100337
0 0.127374 0.689651 0.018666 0.061707
0 0.165745 0.692897 0.029567 0.073894
0 0.200096 0.690823 0.042260 0.070781
0 0.226412 0.690042 0.019700 0.081671
0 0.243005 0.729453 0.024375 0.046406
0 0.267121 0.686677 0.027488 0.097224
0 0.300691 0.655300 0.023594 0.049519
0 0.320138 0.653876 0.019964 0.016599
0 0.401550 0.690950 0.024639 0.066370
0 0.424105 0.706124 0.019964 0.040709
0 0.442903 0.706641 0.023858 0.035517
0 0.466887 0.708323 0.026178 0.031623
0 0.491130 0.705475 0.014519 0.038377
0 0.508113 0.730361 0.025673 0.084519
0 0.532091 0.705084 0.023341 0.037067
0 0.555168 0.705601 0.026442 0.035000
0 0.578504 0.704826 0.019195 0.035517
0 0.608059 0.712602 0.019700 0.107079
0 0.627638 0.703528 0.017368 0.042272
0 0.643840 0.706773 0.016599 0.033185
0 0.659261 0.707939 0.019964 0.030853
0 0.729916 0.710397 0.023846 0.038894
0 0.754159 0.695619 0.024639 0.061190
0 0.782157 0.700024 0.023594 0.064303
0 0.799399 0.697957 0.014519 0.053413
0 0.808606 0.700679 0.014255 0.052632
0 0.817290 0.699123 0.012969 0.050553
0 0.854754 0.702620 0.018930 0.019183
0 0.828696 0.695102 0.016070 0.063257
0 0.884309 0.693804 0.023594 0.063257
0 0.907260 0.706514 0.024375 0.036298
0 0.933444 0.705475 0.027993 0.041478
