0 0.388624 0.356028 0.054363 0.069988
0 0.447776 0.360649 0.054712 0.059327
0 0.504796 0.362422 0.048678 0.067151
0 0.554718 0.373077 0.042632 0.036587
0 0.582248 0.340745 0.037308 0.022380
0 0.606581 0.361358 0.034099 0.102668
0 0.475132 0.509153 0.053293 0.057200
0 0.519718 0.507374 0.042272 0.062175
0 0.556310 0.514832 0.028774 0.025937
0 0.601076 0.507548 0.045829 0.046899
0 0.459453 0.650901 0.040757 0.046875
0 0.504243 0.653474 0.042043 0.055264
0 0.543954 0.662338 0.030938 0.034627
0 0.587939 0.659117 0.046719 0.053978
