0 0.048624 0.511112 0.034315 0.044315
0 0.104201 0.506322 0.029892 0.017260
0 0.161526 0.502266 0.030000 0.057368
0 0.199838 0.518113 0.030421 0.041274
0 0.255571 0.515114 0.052632 0.038209
0 0.314159 0.511064 0.051058 0.042320
0 0.355733 0.511905 0.031899 0.046743
0 0.428263 0.515427 0.036743 0.044099
0 0.468215 0.505847 0.025060 0.061166
0 0.493263 0.503846 0.019796 0.060529
0 0.516791 0.514219 0.032740 0.041466
0 0.556370 0.517638 0.032740 0.031695
0 0.635799 0.497115 0.034315 0.050841
0 0.673954 0.512374 0.029159 0.047055
0 0.707374 0.527428 0.040421 0.058005
0 0.752638 0.519056 0.024627 0.039579
0 0.791220 0.518059 0.032945 0.051262
0 0.826538 0.512061 0.030529 0.041166
0 0.862957 0.511749 0.033894 0.041791
0 0.906593 0.502218 0.027680 0.060637
0 0.939645 0.508275 0.027897 0.034844
0 0.973065 0.509117 0.034952 0.039267
