0 0.035198 0.395769 0.031743 0.065601
0 0.063744 0.411875 0.029603 0.035769
0 0.086713 0.408684 0.022969 0.035998
0 0.110048 0.409862 0.028894 0.028425
0 0.129700 0.398966 0.017524 0.050216
0 0.162272 0.397428 0.026755 0.060865
0 0.191995 0.411052 0.027957 0.031743
0 0.219826 0.402169 0.031502 0.051863
0 0.246821 0.406905 0.026286 0.034339
0 0.273113 0.410222 0.027716 0.033401
0 0.314087 0.394231 0.029135 0.056851
0 0.355180 0.394706 0.042163 0.065853
0 0.392722 0.410457 0.041911 0.037188
0 0.432037 0.421232 0.035757 0.064892
0 0.457861 0.414958 0.033870 0.085036
0 0.478221 0.408918 0.031971 0.043101
0 0.586346 0.394826 0.025096 0.055661
0 0.612638 0.405246 0.032680 0.040974
0 0.700036 0.389381 0.030793 0.068450
0 0.724784 0.406671 0.029615 0.036707
0 0.757464 0.407975 0.030553 0.031262
0 0.789321 0.399561 0.018474 0.045709
0 0.809688 0.405601 0.024159 0.040264
0 0.891286 0.407139 0.032452 0.035288
0 0.927524 0.400036 0.033870 0.042404
0 0.966959 0.391983 0.040745 0.063702
0 0.035877 0.542133 0.044904 0.062248
0 0.080667 0.537620 0.025132 0.063462
0 0.119724 0.543353 0.035889 0.061755
0 0.151088 0.548726 0.030757 0.037356
0 0.177819 0.549213 0.026599 0.030517
0 0.214069 0.539453 0.035637 0.057368
0 0.248365 0.553119 0.028077 0.033930
0 0.283882 0.548480 0.028798 0.040276
0 0.312680 0.590950 0.042476 0.116923
0 0.383594 0.537987 0.031971 0.060300
0 0.413371 0.551412 0.037344 0.038329
0 0.447668 0.549213 0.022957 0.036863
0 0.470859 0.541406 0.020998 0.064687
0 0.541406 0.535667 0.061514 0.065421
