0 0.074165 0.351124 0.030084 0.057320
0 0.108864 0.367236 0.026526 0.033630
0 0.143444 0.353612 0.037416 0.050925
0 0.169964 0.355625 0.016106 0.051635
0 0.193648 0.371731 0.029844 0.105168
0 0.221124 0.378606 0.033161 0.109423
0 0.273113 0.356100 0.025337 0.033161
0 0.018269 0.347927 0.032452 0.018233
0 0.342512 0.351719 0.042861 0.061346
0 0.385974 0.359056 0.033630 0.037656
0 0.475974 0.358347 0.041202 0.055661
0 0.517542 0.365222 0.042873 0.038137
0 0.554255 0.362849 0.031971 0.039087
0 0.612163 0.354087 0.037428 0.063702
0 0.666755 0.363323 0.035288 0.039555
0 0.090721 0.501190 0.047524 0.048173
0 0.159916 0.506346 0.036731 0.059135
0 0.202927 0.510697 0.036406 0.029808
0 0.238774 0.509808 0.022067 0.030937
0 0.272770 0.501190 0.039796 0.048822
0 0.320048 0.509327 0.023846 0.045433
0 0.353804 0.500950 0.017873 0.050577
0 0.391827 0.506184 0.041731 0.038498
0 0.496058 0.498936 0.030120 0.033353
0 0.554459 0.499982 0.028990 0.048642
0 0.582734 0.511418 0.026262 0.038341
0 0.612133 0.495306 0.032536 0.060901
0 0.666749 0.509321 0.058954 0.037055
0 0.717578 0.505781 0.025613 0.036731
0 0.740938 0.508359 0.037861 0.096022
0 0.774531 0.506671 0.023846 0.030769
0 0.804892 0.495637 0.018846 0.043822
0 0.833089 0.510775 0.019808 0.028666
0 0.869014 0.489105 0.046226 0.067825
0 0.897530 0.502001 0.029796 0.034315
0 0.964796 0.496442 0.031899 0.038341
0 0.076388 0.650907 0.039675 0.029387
0 0.115823 0.635631 0.029892 0.059603
0 0.147452 0.639700 0.030048 0.052139
0 0.182903 0.641196 0.026575 0.046166
0 0.211376 0.642356 0.023089 0.045168
0 0.238359 0.656304 0.018594 0.030877
0 0.274471 0.640944 0.045986 0.043329
0 0.319633 0.647506 0.028401 0.032873
0 0.358738 0.647674 0.030216 0.025901
0 0.430793 0.639369 0.047476 0.049147
0 0.483510 0.653233 0.036034 0.029399
0 0.514892 0.654477 0.023077 0.028233
0 0.629868 0.651821 0.041178 0.036863
0 0.678852 0.648582 0.054796 0.037356
0 0.591262 0.647175 0.028726 0.037524
