0 0.026232 0.426076 0.032536 0.082296
0 0.055300 0.424044 0.029904 0.083017
0 0.088083 0.419135 0.032776 0.070817
0 0.125042 0.439832 0.027272 0.046178
0 0.155186 0.440306 0.024411 0.038522
0 0.192746 0.438389 0.040661 0.040913
0 0.223492 0.435403 0.022728 0.040661
0 0.246340 0.435282 0.022969 0.037560
0 0.300529 0.425355 0.024639 0.066022
0 0.322891 0.438870 0.022969 0.039952
0 0.340355 0.430853 0.012440 0.050721
0 0.403996 0.430379 0.034940 0.057416
0 0.428876 0.436358 0.020565 0.036851
0 0.459026 0.437915 0.035409 0.039002
0 0.532470 0.430739 0.033978 0.062921
0 0.557350 0.428822 0.013882 0.041875
0 0.580078 0.436118 0.026791 0.039712
0 0.635823 0.421406 0.033017 0.067236
0 0.666322 0.435763 0.024159 0.034219
0 0.685938 0.434567 0.024639 0.026563
0 0.711779 0.433131 0.018894 0.042825
0 0.736178 0.434802 0.026082 0.042825
0 0.759147 0.425355 0.020337 0.065541
0 0.779724 0.434802 0.020337 0.037560
0 0.804603 0.424399 0.026563 0.068894
0 0.829844 0.433011 0.021058 0.033498
0 0.851971 0.438996 0.026563 0.057897
0 0.876256 0.439471 0.018185 0.030625
0 0.897909 0.438870 0.021779 0.030865
0 0.919796 0.434567 0.020577 0.040913
0 0.939411 0.439826 0.020096 0.026550
0 0.959988 0.435523 0.024399 0.036599
0 0.979363 0.460883 0.024880 0.086839
0 0.025030 0.574742 0.025060 0.042873
0 0.053035 0.578804 0.024724 0.034387
0 0.076028 0.563942 0.021262 0.060673
0 0.097885 0.578287 0.020048 0.034050
0 0.129351 0.561088 0.026274 0.050469
0 0.152855 0.564808 0.021430 0.047187
0 0.217061 0.578804 0.044075 0.044772
0 0.248269 0.573011 0.011755 0.044243
0 0.280505 0.577163 0.029904 0.027308
0 0.310060 0.565751 0.033702 0.058762
0 0.350331 0.587530 0.019531 0.025589
