0 0.063564 0.289087 0.069868 0.100192
0 0.118750 0.249297 0.013029 0.030565
0 0.141016 0.275469 0.049026 0.078630
0 0.181749 0.285300 0.041454 0.040505
0 0.215505 0.277242 0.025577 0.075084
0 0.297806 0.288972 0.040036 0.037897
0 0.387218 0.281983 0.042632 0.058510
0 0.442993 0.290150 0.041923 0.032680
0 0.062200 0.449044 0.057861 0.097151
0 0.110409 0.417915 0.017091 0.032464
0 0.136773 0.432320 0.030757 0.057356
0 0.173143 0.434273 0.033690 0.031983
0 0.207680 0.449405 0.030024 0.032464
0 0.232458 0.424874 0.026358 0.057608
0 0.310325 0.433660 0.040024 0.027344
0 0.402350 0.430853 0.063474 0.044183
0 0.472157 0.415355 0.043450 0.047344
0 0.541725 0.425487 0.035637 0.025637
0 0.689651 0.423167 0.046370 0.061022
0 0.738840 0.431587 0.029050 0.034904
0 0.776917 0.448678 0.034916 0.036370
0 0.851364 0.428167 0.030998 0.026118
0 0.950228 0.431226 0.038317 0.074207
0 0.098413 0.594321 0.042163 0.098377
0 0.168864 0.566953 0.032921 0.025156
0 0.239694 0.604123 0.045853 0.107620
0 0.335847 0.564549 0.043642 0.044748
0 0.453275 0.573059 0.055108 0.035132
0 0.508011 0.564736 0.026262 0.049567
0 0.553137 0.572873 0.037356 0.038462
0 0.604363 0.568065 0.032548 0.018486
0 0.654099 0.571941 0.034399 0.038834
0 0.679621 0.580084 0.024772 0.033654
0 0.704952 0.564730 0.028846 0.069531
0 0.490078 0.702133 0.047344 0.054363
0 0.550361 0.707121 0.039207 0.040685
0 0.390775 0.700288 0.035132 0.030697
0 0.310517 0.734309 0.044014 0.087656
