0 0.017248 0.420409 0.019663 0.075553
0 0.053954 0.452500 0.025817 0.094736
0 0.079417 0.420168 0.014675 0.050457
0 0.101917 0.431304 0.023209 0.039555
0 0.125721 0.420162 0.015865 0.057079
0 0.145853 0.433311 0.020601 0.042151
0 0.169772 0.420168 0.025817 0.058966
0 0.199976 0.429171 0.026995 0.036707
0 0.272927 0.406791 0.037897 0.072476
0 0.307031 0.427506 0.030793 0.034339
0 0.345397 0.418395 0.030793 0.060156
0 0.382109 0.433666 0.019892 0.038125
0 0.412428 0.433552 0.032692 0.037897
0 0.444044 0.456286 0.030084 0.108486
0 0.483954 0.423245 0.024159 0.042861
0 0.516400 0.432602 0.034099 0.035517
0 0.615637 0.416022 0.028894 0.073894
0 0.644651 0.415667 0.024399 0.068450
0 0.670589 0.435679 0.026058 0.035060
0 0.704934 0.436743 0.055901 0.091659
0 0.759411 0.426677 0.024159 0.035998
0 0.792927 0.434850 0.036238 0.037656
0 0.849886 0.427981 0.025108 0.048558
0 0.874159 0.422536 0.011611 0.058029
0 0.896544 0.437338 0.023690 0.034579
0 0.930883 0.422416 0.043113 0.059687
0 0.976124 0.424904 0.022728 0.069399
0 0.067548 0.554285 0.054736 0.073233
0 0.154832 0.566490 0.061394 0.059904
0 0.198846 0.570925 0.016274 0.048077
0 0.228245 0.575000 0.029207 0.039207
0 0.267819 0.562236 0.028474 0.058798
0 0.308317 0.574808 0.029591 0.037356
0 0.347482 0.578816 0.031382 0.034868
0 0.375625 0.596502 0.025409 0.086178
0 0.406136 0.574087 0.021671 0.040841
0 0.452206 0.586412 0.041094 0.060517
0 0.485463 0.574333 0.027392 0.031382
0 0.510240 0.563996 0.013702 0.059026
0 0.544489 0.568858 0.027392 0.035865
0 0.586701 0.570096 0.039099 0.046322
0 0.612230 0.563251 0.014940 0.062007
0 0.639123 0.581683 0.035865 0.061010
