0 0.040974 0.262644 0.045312 0.062212
0 0.063630 0.292242 0.016418 0.018786
0 0.135950 0.267218 0.033149 0.061575
0 0.163504 0.284507 0.023209 0.033317
0 0.188450 0.266587 0.031731 0.065697
0 0.223347 0.281190 0.029531 0.045313
0 0.249633 0.260986 0.026214 0.053846
0 0.287218 0.281749 0.030637 0.042632
0 0.334826 0.266587 0.021310 0.047692
0 0.374694 0.270613 0.028113 0.051322
0 0.399958 0.278744 0.021166 0.050853
0 0.417326 0.285931 0.018642 0.039315
0 0.444483 0.272037 0.030000 0.059844
0 0.475433 0.281430 0.029375 0.038846
0 0.500535 0.285216 0.028425 0.034423
0 0.533143 0.268564 0.028257 0.057632
0 0.560379 0.278431 0.025901 0.042320
0 0.581851 0.269038 0.016106 0.060793
0 0.607590 0.266430 0.029050 0.064111
0 0.631514 0.275433 0.026370 0.036635
0 0.704862 0.281905 0.024627 0.033474
0 0.735962 0.283564 0.034423 0.039627
0 0.775439 0.265168 0.036959 0.068846
0 0.813726 0.264850 0.033005 0.064411
0 0.839465 0.272506 0.022584 0.054796
0 0.859441 0.279537 0.033161 0.040733
0 0.891334 0.279694 0.039471 0.037897
0 0.036593 0.415998 0.041238 0.074591
0 0.065427 0.440811 0.018690 0.016599
0 0.140907 0.412049 0.031406 0.064772
0 0.172891 0.421472 0.026743 0.035276
0 0.205108 0.426310 0.024159 0.043341
0 0.228630 0.421154 0.013534 0.045913
0 0.245787 0.424694 0.028522 0.040757
0 0.286947 0.413744 0.030938 0.054940
0 0.321268 0.426388 0.026743 0.030925
0 0.351310 0.425421 0.030120 0.033510
0 0.376761 0.450715 0.037536 0.091190
0 0.404393 0.419862 0.024171 0.035925
0 0.435727 0.428161 0.043666 0.112139
0 0.464645 0.426635 0.032224 0.033029
0 0.507260 0.424135 0.029808 0.032548
0 0.541334 0.412855 0.036082 0.067656
0 0.577338 0.410757 0.025613 0.060577
0 0.601581 0.420264 0.016430 0.051226
0 0.634123 0.425823 0.042212 0.043329
0 0.676737 0.426148 0.041406 0.040445
0 0.044609 0.551953 0.033546 0.065757
0 0.075577 0.579351 0.021082 0.021923
0 0.139002 0.553864 0.032716 0.062921
0 0.165066 0.569225 0.032704 0.038522
0 0.194958 0.570306 0.027392 0.044002
0 0.221935 0.558678 0.015937 0.059615
0 0.244519 0.574537 0.029880 0.035541
0 0.274153 0.558600 0.024411 0.054123
0 0.300054 0.558846 0.011454 0.050313
0 0.319730 0.569633 0.021911 0.036695
0 0.345300 0.559754 0.012957 0.052800
0 0.367218 0.567314 0.030877 0.040012
0 0.396611 0.570469 0.024904 0.031058
0 0.427157 0.569808 0.030228 0.032380
0 0.456046 0.565156 0.027236 0.028053
0 0.480457 0.586743 0.034207 0.082524
0 0.504531 0.569555 0.020913 0.033870
0 0.524784 0.570300 0.030553 0.100120
0 0.558071 0.568395 0.031046 0.031550
0 0.592608 0.569141 0.033702 0.033041
0 0.626977 0.559177 0.035036 0.058618
0 0.665415 0.553203 0.027224 0.058281
0 0.693972 0.556190 0.015276 0.059279
0 0.718882 0.562584 0.031875 0.036202
0 0.755493 0.562915 0.038029 0.039507
0 0.048480 0.697446 0.035421 0.059892
0 0.073804 0.725679 0.012151 0.018137
0 0.145673 0.696671 0.037476 0.057332
0 0.182548 0.707536 0.027043 0.030457
0 0.209669 0.706514 0.025493 0.034904
0 0.229261 0.702061 0.011286 0.039700
0 0.256382 0.706857 0.031659 0.047224
0 0.283762 0.706508 0.027885 0.038329
0 0.308233 0.696677 0.014207 0.059724
0 0.327909 0.692224 0.026178 0.065529
0 0.370775 0.700439 0.022921 0.020012
0 0.422620 0.710787 0.033197 0.036959
0 0.450601 0.710703 0.027548 0.039868
0 0.480144 0.703257 0.034952 0.053726
0 0.537446 0.698810 0.024651 0.054423
0 0.562770 0.710102 0.023954 0.028401
0 0.590240 0.700523 0.028918 0.053738
0 0.614874 0.713185 0.022752 0.037981
0 0.643197 0.701635 0.025337 0.055962
0 0.671340 0.709417 0.022416 0.029772
0 0.694105 0.710018 0.028930 0.036454
0 0.716262 0.726875 0.037644 0.086923
0 0.741160 0.708564 0.019675 0.034219
0 0.759730 0.717722 0.032512 0.098738
0 0.789507 0.711731 0.023269 0.027885
0 0.816454 0.709249 0.026875 0.032512
0 0.844597 0.698642 0.026695 0.060577
0 0.876514 0.693251 0.027212 0.058690
0 0.896364 0.701376 0.016262 0.043810
0 0.922290 0.711304 0.024988 0.041406
0 0.956340 0.707704 0.039363 0.039014
