0 0.029958 0.508546 0.039555 0.045240
0 0.077446 0.505349 0.036478 0.057788
0 0.108948 0.517776 0.024627 0.037187
0 0.136665 0.517536 0.023209 0.038606
0 0.166623 0.521569 0.028654 0.028666
0 0.194567 0.503215 0.025817 0.041214
0 0.220974 0.507121 0.019423 0.048546
0 0.291677 0.508660 0.027704 0.059675
0 0.315481 0.513395 0.022260 0.036478
0 0.338930 0.514700 0.026995 0.028654
0 0.408209 0.502861 0.025817 0.059447
0 0.429760 0.513161 0.021562 0.032692
0 0.449772 0.516833 0.024639 0.031502
0 0.477013 0.504279 0.026526 0.056611
0 0.512188 0.503570 0.022500 0.060865
0 0.531484 0.510559 0.014219 0.045950
0 0.550553 0.516238 0.021082 0.034111
0 0.576364 0.513041 0.024868 0.038125
0 0.599934 0.514111 0.022728 0.038365
0 0.623738 0.515054 0.034808 0.037897
0 0.696923 0.525950 0.026298 0.049736
0 0.722740 0.512806 0.019663 0.033401
0 0.746190 0.510439 0.025817 0.040974
0 0.828017 0.510078 0.024639 0.044050
0 0.850877 0.507121 0.021082 0.034339
0 0.877043 0.502506 0.022740 0.050685
0 0.901442 0.514579 0.022260 0.037428
0 0.923468 0.515998 0.017055 0.030793
0 0.945727 0.509724 0.026526 0.040505
0 0.974513 0.510907 0.032921 0.046190
