0 0.044790 0.508864 0.052849 0.076671
0 0.074417 0.547800 0.024748 0.032380
0 0.121304 0.509621 0.059868 0.062320
0 0.180565 0.513594 0.034207 0.027500
0 0.241196 0.509621 0.051623 0.070877
0 0.285493 0.514357 0.058341 0.072392
0 0.337572 0.487782 0.035433 0.028401
0 0.391484 0.484880 0.057728 0.065986
0 0.456400 0.492512 0.039099 0.039712
0 0.623329 0.447764 0.047957 0.060168
0 0.656779 0.467927 0.026875 0.029026
0 0.698624 0.448071 0.051935 0.043690
0 0.765216 0.450367 0.032981 0.028714
0 0.757728 0.541845 0.069952 0.065060
0 0.781100 0.486713 0.396478 0.023834
0 0.868618 0.439213 0.059567 0.043065
0 0.889237 0.467007 0.032993 0.033293
0 0.935968 0.446388 0.056815 0.059868
