0 0.094129 0.499489 0.027584 0.029267
0 0.051358 0.489405 0.073702 0.061142
0 0.140775 0.486508 0.049050 0.069844
0 0.184393 0.497386 0.029002 0.042296
0 0.226082 0.498954 0.045192 0.030938
0 0.272957 0.519736 0.046154 0.085553
0 0.315006 0.501244 0.033594 0.029724
0 0.359111 0.503059 0.033341 0.028522
0 0.396322 0.519736 0.054135 0.074423
0 0.446466 0.521785 0.065000 0.079988
0 0.498179 0.501130 0.033594 0.032861
0 0.544219 0.504874 0.048341 0.034075
0 0.610823 0.497308 0.033522 0.035673
0 0.644441 0.489910 0.029099 0.055397
0 0.668107 0.501911 0.034675 0.036322
0 0.729501 0.505198 0.076599 0.035998
0 0.795337 0.502488 0.035673 0.035168
0 0.840535 0.503882 0.045204 0.035673
0 0.887800 0.495168 0.037476 0.050793
0 0.922722 0.506184 0.035998 0.043233
