0 0.040505 0.428492 0.039952 0.067897
0 0.079032 0.439778 0.025421 0.041214
0 0.109976 0.433149 0.016587 0.055433
0 0.139579 0.443173 0.032837 0.034736
0 0.184507 0.434177 0.023846 0.052728
0 0.214189 0.471124 0.034892 0.099796
0 0.249874 0.444519 0.029844 0.033005
0 0.281298 0.442151 0.028582 0.031731
0 0.312163 0.468594 0.035048 0.092212
0 0.416773 0.443732 0.028906 0.043425
0 0.443696 0.444597 0.029050 0.038209
0 0.478588 0.441755 0.028425 0.034111
0 0.568906 0.428335 0.031587 0.060950
0 0.597488 0.423672 0.029063 0.064579
0 0.638696 0.441202 0.031262 0.038678
0 0.680697 0.451544 0.032837 0.098209
0 0.708413 0.439862 0.026995 0.035373
0 0.661436 0.455096 0.038834 0.107212
0 0.740781 0.443726 0.033942 0.035529
0 0.833425 0.435331 0.041923 0.056719
0 0.871767 0.442602 0.032788 0.040685
0 0.906899 0.439772 0.028606 0.027115
0 0.934519 0.440505 0.023173 0.038462
0 0.964225 0.426701 0.033281 0.051286
0 0.553738 0.581130 0.032981 0.033534
0 0.577410 0.594994 0.020060 0.020493
0 0.520643 0.579766 0.031454 0.043065
0 0.490018 0.582608 0.026959 0.036274
0 0.457476 0.579651 0.026298 0.035168
0 0.431611 0.572362 0.020168 0.051719
0 0.406184 0.585186 0.028498 0.038137
0 0.370847 0.577572 0.020709 0.051178
0 0.344111 0.574609 0.021370 0.052272
0 0.323504 0.574231 0.019171 0.054567
0 0.293864 0.584471 0.023882 0.036490
0 0.263726 0.570120 0.021923 0.053365
0 0.228221 0.584093 0.023678 0.037704
0 0.208167 0.572254 0.015998 0.053474
0 0.185980 0.581406 0.026839 0.031442
0 0.137326 0.566887 0.030349 0.051947
0 0.088341 0.585355 0.047452 0.039123
0 0.039742 0.568696 0.042296 0.061911
