0 0.292356 0.372945 0.050216 0.077212
0 0.335703 0.385739 0.039796 0.040733
0 0.373474 0.396869 0.041923 0.103257
0 0.423810 0.379934 0.038846 0.071767
0 0.462416 0.387867 0.031731 0.042632
0 0.502320 0.388696 0.027236 0.031022
0 0.538323 0.389405 0.036238 0.039555
0 0.572788 0.381118 0.014688 0.055649
0 0.599549 0.388576 0.026046 0.031262
0 0.644081 0.370931 0.037897 0.072248
0 0.694291 0.393077 0.020361 0.028894
0 0.290343 0.593924 0.039075 0.045469
0 0.332740 0.600673 0.041923 0.041442
0 0.375018 0.589423 0.025589 0.067740
0 0.404273 0.607073 0.040974 0.102560
0 0.431983 0.591322 0.035288 0.057788
0 0.467037 0.592266 0.021550 0.060156
0 0.491544 0.588828 0.021791 0.060397
0 0.512867 0.590968 0.036478 0.063714
0 0.580126 0.528083 0.042151 0.035998
0 0.626310 0.524411 0.034111 0.025817
0 0.677710 0.525829 0.050204 0.053293
