0 0.023377 0.400607 0.025745 0.064099
0 0.052584 0.402506 0.024159 0.060950
0 0.078251 0.420661 0.022103 0.032837
0 0.156562 0.409766 0.025264 0.049267
0 0.179225 0.413161 0.013425 0.050048
0 0.196593 0.416556 0.016575 0.034748
0 0.270252 0.405030 0.024952 0.062536
0 0.295282 0.416791 0.023209 0.033005
0 0.314387 0.413161 0.015625 0.035216
0 0.332386 0.417025 0.020685 0.035685
0 0.353624 0.405349 0.023690 0.073894
0 0.381496 0.419165 0.020685 0.029531
0 0.401863 0.418450 0.019736 0.032212
0 0.420493 0.407951 0.012163 0.052897
0 0.441965 0.402740 0.018474 0.063005
0 0.464465 0.420343 0.023690 0.030637
0 0.493125 0.418606 0.023846 0.036635
0 0.520445 0.450427 0.026995 0.101214
0 0.592284 0.414657 0.019111 0.035373
0 0.610445 0.419321 0.017212 0.033954
0 0.631917 0.420583 0.018786 0.039627
0 0.686472 0.409766 0.025589 0.052416
0 0.705583 0.420343 0.019892 0.026526
0 0.724291 0.412055 0.018149 0.057308
0 0.743005 0.410481 0.015793 0.054159
0 0.754531 0.419477 0.016418 0.030156
0 0.772212 0.422476 0.016418 0.026683
0 0.800871 0.418534 0.021623 0.072788
0 0.814844 0.419874 0.013582 0.024315
0 0.828582 0.406370 0.012620 0.048798
0 0.841136 0.441899 0.018786 0.074688
0 0.858107 0.417740 0.014844 0.030168
0 0.875559 0.417903 0.021310 0.032055
0 0.937151 0.412752 0.011803 0.028221
0 0.950391 0.407248 0.008618 0.049760
0 0.962596 0.417855 0.018341 0.030781
0 0.983329 0.406695 0.022813 0.052476
0 0.888984 0.546010 0.023930 0.066995
0 0.869447 0.558690 0.015144 0.030144
0 0.856286 0.550715 0.013077 0.049291
0 0.840583 0.545457 0.013882 0.057260
0 0.818492 0.584050 0.022007 0.083101
0 0.796400 0.558930 0.019291 0.033486
0 0.765859 0.559970 0.032536 0.035565
0 0.684435 0.590907 0.025361 0.089483
0 0.658438 0.560126 0.019928 0.033017
0 0.630048 0.564591 0.018654 0.029832
0 0.610030 0.550078 0.018185 0.053425
0 0.591851 0.548960 0.017861 0.053113
0 0.572632 0.560523 0.016418 0.033810
0 0.557079 0.546569 0.016587 0.056310
0 0.536587 0.560523 0.013870 0.031575
0 0.512266 0.562993 0.019772 0.031106
0 0.487139 0.562915 0.027909 0.031262
0 0.459633 0.541304 0.024243 0.063642
0 0.016809 0.555054 0.018786 0.033714
0 0.038365 0.560841 0.027332 0.031202
0 0.061172 0.558576 0.016262 0.032031
0 0.079537 0.551364 0.012416 0.048474
0 0.146617 0.544069 0.032536 0.066743
0 0.168756 0.562855 0.024483 0.027512
0 0.190643 0.544994 0.019627 0.062897
0 0.214044 0.563023 0.018113 0.033546
0 0.234669 0.562181 0.024147 0.033546
0 0.329177 0.544237 0.028690 0.063065
0 0.353912 0.555391 0.018113 0.033714
0 0.372951 0.563107 0.022632 0.030349
