0 0.022819 0.293221 0.018978 0.057740
0 0.040998 0.307819 0.017380 0.031430
0 0.063005 0.306304 0.017380 0.026791
0 0.086292 0.308215 0.018017 0.032224
0 0.103996 0.306142 0.019940 0.028077
0 0.130072 0.305343 0.022332 0.025204
0 0.174730 0.307338 0.012440 0.029507
0 0.231028 0.294976 0.022969 0.047212
0 0.256466 0.298570 0.011322 0.037476
0 0.278564 0.307019 0.024243 0.027909
0 0.342121 0.293858 0.018978 0.061563
0 0.358071 0.303834 0.016743 0.033654
0 0.373858 0.310529 0.017067 0.023125
0 0.396028 0.309177 0.017704 0.033810
0 0.414129 0.305986 0.015950 0.028702
0 0.435745 0.304790 0.026635 0.029820
0 0.504964 0.291791 0.014519 0.059014
0 0.523383 0.304069 0.015637 0.033810
0 0.540691 0.296809 0.015156 0.057897
0 0.585823 0.303510 0.022800 0.033966
0 0.606641 0.289874 0.012127 0.057103
0 0.628011 0.307260 0.027440 0.038606
0 0.688059 0.308456 0.019940 0.035252
0 0.704165 0.318107 0.030781 0.044026
0 0.731923 0.302873 0.018029 0.033005
0 0.750901 0.305505 0.015144 0.030625
0 0.768203 0.301040 0.015950 0.045925
0 0.780168 0.303353 0.016587 0.028870
0 0.797710 0.290433 0.017224 0.056611
0 0.810950 0.289633 0.016587 0.056623
0 0.819880 0.303672 0.015000 0.032368
0 0.839820 0.308221 0.020409 0.024880
0 0.223233 0.435288 0.018702 0.052139
0 0.244213 0.448738 0.019483 0.029447
0 0.276977 0.449898 0.033209 0.030661
0 0.302266 0.460745 0.029772 0.059880
0 0.331328 0.448576 0.016382 0.026238
0 0.348870 0.436010 0.015168 0.055793
0 0.365859 0.448570 0.022584 0.038630
0 0.389435 0.448792 0.022572 0.030445
0 0.426352 0.439495 0.013618 0.041731
0 0.454525 0.447909 0.031214 0.027572
0 0.540264 0.452554 0.017332 0.032512
0 0.521923 0.436490 0.041106 0.067308
0 0.560156 0.439231 0.022260 0.049760
0 0.574561 0.449585 0.018594 0.025925
0 0.598918 0.449585 0.030120 0.028546
0 0.621052 0.449844 0.013618 0.025409
0 0.639772 0.443425 0.017548 0.027764
0 0.664129 0.433474 0.020685 0.057091
0 0.694766 0.457175 0.011262 0.023317
0 0.737855 0.440805 0.028810 0.045048
0 0.763516 0.440415 0.018329 0.031166
0 0.792061 0.445913 0.034050 0.031683
0 0.849549 0.442776 0.023305 0.032212
0 0.874952 0.446827 0.024351 0.027764
0 0.904802 0.434255 0.024363 0.047139
0 0.923660 0.443690 0.018594 0.032476
0 0.943954 0.446833 0.017284 0.021478
0 0.963858 0.437927 0.019904 0.049243
0 0.985992 0.446569 0.022776 0.032464
0 0.228672 0.572266 0.021911 0.058522
0 0.249117 0.586430 0.018978 0.032332
0 0.269153 0.586959 0.018978 0.033942
0 0.287993 0.574934 0.018702 0.056911
0 0.307632 0.579081 0.013630 0.049700
0 0.337825 0.587091 0.037139 0.032596
0 0.374970 0.591635 0.031262 0.033125
0 0.406502 0.578275 0.018437 0.059844
0 0.430150 0.585084 0.019243 0.032332
0 0.480252 0.579477 0.032332 0.052632
0 0.503894 0.583347 0.012284 0.037945
0 0.521268 0.583221 0.021911 0.032861
0 0.542638 0.585625 0.024579 0.032861
0 0.563750 0.586695 0.011755 0.030192
0 0.579111 0.574663 0.014159 0.057981
0 0.592206 0.584688 0.019507 0.034736
0 0.635763 0.581076 0.017368 0.031262
0 0.655535 0.586424 0.021647 0.026983
0 0.681719 0.576671 0.021106 0.060385
0 0.697224 0.582951 0.011490 0.042488
0 0.713654 0.588696 0.016562 0.030469
0 0.733546 0.579820 0.017260 0.057163
0 0.755697 0.590835 0.018726 0.035132
0 0.782446 0.575048 0.026430 0.057644
0 0.808450 0.604423 0.014567 0.024591
0 0.843395 0.581352 0.022272 0.046022
0 0.870625 0.589856 0.021418 0.036106
0 0.908383 0.588023 0.047488 0.034627
0 0.220667 0.717326 0.025204 0.059748
0 0.241280 0.734471 0.018906 0.035192
0 0.262554 0.725403 0.011815 0.050156
0 0.281989 0.730463 0.014700 0.036118
0 0.304579 0.736112 0.039135 0.056334
0 0.339177 0.728558 0.016671 0.046226
0 0.363930 0.730331 0.019687 0.029291
0 0.388089 0.720216 0.017861 0.057644
