0 0.239736 0.407073 0.050216 0.060156
0 0.321292 0.419471 0.038377 0.037260
0 0.405006 0.411268 0.037897 0.019772
0 0.487392 0.404675 0.042284 0.054928
0 0.530505 0.443672 0.050529 0.087873
0 0.447855 0.546647 0.048882 0.064255
0 0.517049 0.585367 0.044483 0.102151
0 0.376454 0.549946 0.035697 0.023618
0 0.309994 0.559008 0.037897 0.043930
0 0.239970 0.542260 0.047224 0.079639
0 0.640355 0.548570 0.035156 0.035144
0 0.642825 0.411268 0.036803 0.028570
0 0.732891 0.412368 0.048882 0.069207
0 0.716689 0.550493 0.048329 0.053269
0 0.758161 0.556815 0.045577 0.049423
