0 0.094844 0.460751 0.038534 0.063642
0 0.119315 0.474014 0.032837 0.042163
0 0.152157 0.462728 0.025901 0.066635
0 0.178053 0.465962 0.047692 0.056058
0 0.264639 0.475925 0.026370 0.033510
0 0.303906 0.480319 0.040096 0.041190
0 0.359657 0.479495 0.051623 0.032957
0 0.452194 0.465763 0.055469 0.063714
0 0.507121 0.470433 0.044483 0.036803
0 0.542819 0.458077 0.033498 0.068101
0 0.637284 0.476478 0.034591 0.042284
0 0.686166 0.475925 0.035697 0.033510
0 0.789423 0.463293 0.075240 0.065361
0 0.841869 0.477572 0.037344 0.040096
0 0.892668 0.462746 0.043389 0.065349
0 0.111136 0.544856 0.041190 0.039543
0 0.152596 0.545132 0.042837 0.035697
0 0.201478 0.537987 0.028558 0.058762
0 0.245691 0.544309 0.044483 0.048329
0 0.285505 0.548149 0.025264 0.032957
0 0.327530 0.550349 0.026911 0.036250
0 0.369267 0.548149 0.029111 0.031851
0 0.401665 0.533047 0.037897 0.059868
0 0.442314 0.539087 0.026911 0.065361
0 0.480204 0.548419 0.043389 0.041190
0 0.523600 0.536617 0.045589 0.053834
0 0.571653 0.537440 0.027464 0.054375
0 0.603780 0.539093 0.026911 0.048882
0 0.628774 0.543203 0.024159 0.034050
0 0.656785 0.539910 0.042825 0.067007
