0 0.047476 0.336538 0.058894 0.069712
0 0.302885 0.529832 0.037260 0.093750
0 0.146635 0.492788 0.048077 0.055288
0 0.332332 0.378005 0.034856 0.087740
0 0.543269 0.381611 0.036058 0.085337
0 0.702332 0.504207 0.060913 0.044471
0 0.370192 0.352764 0.031250 0.046875
0 0.025240 0.637019 0.026442 0.048077
0 0.520433 0.643630 0.060096 0.042067
0 0.419471 0.491587 0.033654 0.052885
0 0.510817 0.352163 0.016827 0.045673
0 0.829928 0.504207 0.032452 0.034856
0 0.603966 0.493389 0.030048 0.066106
0 0.087139 0.642428 0.032452 0.034856
0 0.433293 0.628005 0.022837 0.061298
0 0.684495 0.359375 0.027644 0.043269
0 0.963341 0.506010 0.022837 0.036058
0 0.126803 0.646034 0.027644 0.044471
0 0.166466 0.645433 0.042067 0.038462
0 0.118389 0.342548 0.032452 0.069712
0 0.938101 0.491587 0.025240 0.060096
0 0.573918 0.491587 0.015625 0.052885
0 0.537278 0.502404 0.045709 0.036058
0 0.156250 0.355168 0.038462 0.039663
0 0.897837 0.504808 0.038462 0.033654
0 0.644832 0.353365 0.044471 0.055288
0 0.483173 0.341947 0.033654 0.054087
0 0.036058 0.489183 0.021635 0.055288
0 0.746995 0.491587 0.022837 0.052885
0 0.332933 0.652398 0.031250 0.112488
0 0.454928 0.493990 0.025240 0.033654
0 0.608774 0.357572 0.027644 0.039663
0 0.266827 0.492188 0.014423 0.042067
0 0.295673 0.350962 0.019231 0.055288
0 0.199519 0.355168 0.024038 0.039663
0 0.399639 0.640024 0.032452 0.037260
0 0.059495 0.496394 0.018029 0.048077
0 0.264483 0.360793 0.032452 0.043269
0 0.770433 0.353966 0.016827 0.032452
0 0.091947 0.504808 0.030048 0.036058
0 0.461538 0.646034 0.031250 0.039663
0 0.791442 0.486779 0.046827 0.064904
0 0.271034 0.630409 0.034856 0.075721
0 0.362981 0.628005 0.021635 0.068510
0 0.578726 0.362981 0.025240 0.028846
0 0.056490 0.632212 0.021635 0.050481
0 0.227764 0.490986 0.039663 0.058894
0 0.303486 0.644231 0.025240 0.040865
0 0.339555 0.500925 0.039687 0.047524
0 0.375601 0.497596 0.032452 0.045673
0 0.719351 0.362380 0.034856 0.034856
0 0.227764 0.346755 0.032452 0.073317
0 0.090463 0.355403 0.027704 0.047969
