0 0.895433 0.525240 0.019231 0.028846
0 0.407452 0.523438 0.026442 0.061298
0 0.030649 0.515625 0.030048 0.064904
0 0.823918 0.512019 0.020433 0.057692
0 0.262620 0.523438 0.022837 0.032452
0 0.332933 0.516827 0.028846 0.050481
0 0.362981 0.523438 0.021635 0.042067
0 0.982572 0.522837 0.025240 0.040865
0 0.562500 0.522837 0.026442 0.052885
0 0.159856 0.527644 0.026442 0.045673
0 0.680288 0.524639 0.021635 0.037260
0 0.781851 0.521635 0.022837 0.028846
0 0.495192 0.519832 0.033654 0.061298
0 0.847957 0.524038 0.018029 0.031250
0 0.109976 0.523438 0.020433 0.044471
0 0.957332 0.540865 0.020433 0.028846
0 0.135216 0.522837 0.020433 0.052885
0 0.655048 0.522837 0.024038 0.038462
0 0.920709 0.515625 0.019303 0.050481
0 0.117188 0.474760 0.022837 0.028846
0 0.151442 0.468750 0.024038 0.036058
0 0.591346 0.527644 0.019231 0.024038
0 0.623197 0.524038 0.022837 0.036058
0 0.079327 0.521034 0.021635 0.022837
0 0.435096 0.497596 0.019231 0.024038
0 0.701785 0.504393 0.018954 0.015397
0 0.611088 0.479862 0.014531 0.021478
0 0.628299 0.477885 0.017055 0.042476
0 0.866148 0.499730 0.016478 0.017031
0 0.938065 0.516755 0.019736 0.051538
