0 0.410457 0.486178 0.042067 0.104567
0 0.486779 0.489183 0.043269 0.108173
0 0.250000 0.444111 0.057692 0.078125
0 0.720553 0.442308 0.061298 0.072115
0 0.587740 0.439904 0.038462 0.072115
0 0.298678 0.578125 0.054087 0.064904
0 0.371995 0.444712 0.025240 0.064904
0 0.625000 0.451322 0.036058 0.039663
0 0.334736 0.452524 0.034856 0.054087
0 0.524038 0.451923 0.028846 0.043269
0 0.550481 0.439904 0.024038 0.060096
0 0.766424 0.451160 0.034099 0.054315
0 0.661737 0.455661 0.040733 0.040577
0 0.293576 0.444585 0.045108 0.064555
