0 0.391827 0.521635 0.048077 0.084135
0 0.935697 0.496394 0.042067 0.036058
0 0.244591 0.490986 0.018029 0.046875
0 0.510216 0.493990 0.034856 0.038462
0 0.277644 0.485577 0.043269 0.052885
0 0.046875 0.481370 0.038462 0.061298
0 0.559495 0.492188 0.044471 0.042067
0 0.203726 0.492188 0.032452 0.039663
0 0.159856 0.496394 0.048077 0.040865
0 0.838942 0.493389 0.031250 0.039663
0 0.796875 0.495793 0.040865 0.039663
0 0.477163 0.495192 0.028846 0.040865
0 0.108774 0.495192 0.032452 0.036058
0 0.686298 0.496394 0.033654 0.036058
0 0.328125 0.495793 0.031250 0.032452
0 0.724159 0.493389 0.030048 0.037260
0 0.871995 0.487981 0.020433 0.048077
0 0.759615 0.495793 0.033654 0.030048
0 0.650841 0.482572 0.032452 0.063702
0 0.073600 0.491106 0.031983 0.043341
0 0.364093 0.494183 0.032680 0.031034
0 0.889063 0.499159 0.030553 0.033870
