0 0.491587 0.096755 0.036058 0.106971
0 0.034856 0.428486 0.031250 0.068510
0 0.700721 0.832933 0.031250 0.084135
0 0.405649 0.341947 0.032452 0.085337
0 0.148438 0.314904 0.032452 0.033654
0 0.111178 0.314303 0.030048 0.030048
0 0.040865 0.300481 0.026442 0.060096
0 0.455529 0.043269 0.026442 0.062500
0 0.313101 0.429087 0.034856 0.060096
0 0.823317 0.047476 0.026442 0.056490
0 0.492788 0.301683 0.031250 0.057692
0 0.158053 0.060697 0.032452 0.039663
0 0.321514 0.711538 0.027644 0.108173
0 0.408654 0.698317 0.033654 0.033654
0 0.195312 0.849760 0.037260 0.084135
0 0.255409 0.430288 0.020433 0.043269
0 0.101562 0.182692 0.032452 0.048077
0 0.724159 0.566707 0.027644 0.032452
0 0.435697 0.316106 0.022837 0.031250
0 0.028245 0.043269 0.022837 0.067308
0 0.033053 0.177284 0.042067 0.061298
0 0.206731 0.588341 0.026442 0.078125
0 0.562500 0.052284 0.026442 0.051683
0 0.317308 0.552885 0.021635 0.057692
0 0.738582 0.316106 0.042067 0.038462
0 0.878005 0.049880 0.018029 0.051683
0 0.225361 0.433894 0.025240 0.057692
0 0.103966 0.559495 0.022837 0.051683
0 0.395433 0.054688 0.031250 0.049279
0 0.350361 0.311899 0.022837 0.034856
0 0.265024 0.697115 0.025240 0.028846
0 0.780649 0.312500 0.025240 0.036058
0 0.504808 0.723558 0.026442 0.088942
0 0.603966 0.429688 0.020433 0.046875
0 0.343149 0.565505 0.022837 0.030048
0 0.608774 0.303486 0.032452 0.054087
0 0.686298 0.568510 0.031250 0.031250
0 0.021034 0.838942 0.034856 0.115385
0 0.400240 0.183293 0.024038 0.030048
0 0.280649 0.814303 0.020433 0.054087
0 0.127404 0.699519 0.019231 0.033654
0 0.417067 0.569712 0.024038 0.033654
0 0.554688 0.311899 0.025240 0.034856
0 0.372596 0.698918 0.021635 0.032452
0 0.627404 0.442909 0.024038 0.037260
0 0.311899 0.060697 0.025240 0.032452
0 0.857572 0.429688 0.018029 0.046875
0 0.070913 0.304087 0.028846 0.055288
0 0.522837 0.570913 0.026442 0.028846
0 0.808894 0.685697 0.024038 0.051683
0 0.096382 0.694483 0.032452 0.058894
0 0.716947 0.695312 0.018029 0.030048
0 0.897236 0.188101 0.025240 0.044471
0 0.694712 0.683894 0.024038 0.057692
0 0.716947 0.051082 0.013221 0.042067
0 0.262620 0.571514 0.025240 0.034856
0 0.977764 0.567909 0.022837 0.030048
0 0.462139 0.315505 0.025240 0.027644
0 0.340745 0.078125 0.020433 0.074519
0 0.294471 0.170072 0.026442 0.063702
0 0.027043 0.562500 0.022837 0.057692
0 0.364183 0.177885 0.028846 0.055288
0 0.064303 0.427284 0.022837 0.063702
0 0.853966 0.060096 0.020433 0.028846
0 0.465745 0.566707 0.025240 0.030048
0 0.148438 0.450721 0.022837 0.026442
0 0.655048 0.568510 0.026442 0.036058
0 0.140625 0.567308 0.021635 0.033654
0 0.834135 0.569712 0.024038 0.026442
0 0.785457 0.695913 0.018029 0.028846
0 0.123798 0.954928 0.021635 0.034856
0 0.214543 0.170673 0.025240 0.062500
0 0.515625 0.178486 0.021635 0.054087
0 0.678486 0.305288 0.030048 0.055288
0 0.697115 0.432692 0.024038 0.048077
0 0.149639 0.700721 0.020433 0.031250
0 0.805288 0.313101 0.021635 0.037260
0 0.760817 0.558894 0.024038 0.057692
0 0.167067 0.956130 0.024038 0.030048
0 0.551082 0.439303 0.025240 0.039663
0 0.601562 0.567909 0.027644 0.030048
0 0.668870 0.059495 0.022837 0.030048
0 0.585337 0.185697 0.019231 0.034856
0 0.468750 0.697115 0.026442 0.031250
0 0.371995 0.570913 0.027644 0.019231
0 0.522236 0.816707 0.030048 0.051683
0 0.687500 0.186899 0.024038 0.032452
0 0.051082 0.563702 0.022837 0.050481
0 0.585938 0.816707 0.015625 0.042067
0 0.772236 0.061899 0.032452 0.027644
0 0.760216 0.712740 0.022837 0.076923
0 0.736779 0.175481 0.026442 0.060096
0 0.655048 0.182692 0.031250 0.031250
0 0.737380 0.683293 0.018029 0.049279
0 0.078125 0.567909 0.024038 0.025240
0 0.489784 0.182091 0.015625 0.042067
0 0.599159 0.695312 0.020433 0.027644
0 0.558293 0.180889 0.015625 0.039663
0 0.135216 0.176082 0.020433 0.054087
0 0.974760 0.443510 0.024038 0.024038
0 0.793269 0.432692 0.019231 0.050481
0 0.763822 0.823918 0.020433 0.027644
0 0.290264 0.570913 0.022837 0.031250
0 0.165264 0.573317 0.025240 0.031250
0 0.339543 0.816106 0.018029 0.050481
0 0.233173 0.953125 0.021635 0.033654
0 0.238582 0.689904 0.018029 0.045673
0 0.465745 0.822716 0.027644 0.027644
0 0.635817 0.697115 0.024038 0.038462
0 0.946514 0.444111 0.020433 0.025240
0 0.088341 0.430889 0.022837 0.051683
0 0.067308 0.192909 0.026442 0.027644
0 0.233173 0.569111 0.024038 0.032452
0 0.796875 0.189904 0.033654 0.031250
0 0.634615 0.046875 0.028846 0.055288
0 0.105168 0.828125 0.034856 0.033654
0 0.259615 0.953726 0.021635 0.034856
0 0.350361 0.694111 0.020433 0.042067
0 0.326923 0.185096 0.026442 0.033654
0 0.371995 0.438101 0.022837 0.032452
0 0.298678 0.305288 0.022837 0.052885
0 0.078726 0.951923 0.022837 0.031250
0 0.819111 0.443510 0.022837 0.026442
0 0.433293 0.210337 0.030048 0.076923
0 0.932091 0.055288 0.020433 0.036058
0 0.655649 0.825721 0.032452 0.079327
0 0.853365 0.188101 0.024038 0.034856
0 0.346755 0.437500 0.020433 0.043269
0 0.065505 0.829327 0.022837 0.026442
0 0.959135 0.058894 0.021635 0.026442
0 0.740986 0.058894 0.022837 0.028846
0 0.222957 0.303486 0.018029 0.042067
0 0.388822 0.828726 0.018029 0.022837
0 0.728365 0.441106 0.024038 0.038462
0 0.300481 0.827524 0.019231 0.027644
0 0.115986 0.442909 0.020433 0.037260
0 0.673077 0.430889 0.021635 0.049279
0 0.155649 0.180288 0.020433 0.043269
0 0.179688 0.189904 0.027644 0.028846
0 0.187500 0.699519 0.019231 0.036058
0 0.696514 0.058293 0.020433 0.025240
0 0.577566 0.567308 0.027103 0.038462
0 0.143630 0.942909 0.018029 0.054087
0 0.745793 0.822716 0.015625 0.027644
0 0.192909 0.947115 0.022837 0.050481
0 0.420072 0.820312 0.018029 0.034856
0 0.099159 0.058293 0.020433 0.030048
0 0.927885 0.439303 0.016827 0.039663
0 0.024639 0.693510 0.022837 0.040865
0 0.829928 0.324519 0.018029 0.019231
0 0.848558 0.816106 0.026442 0.048077
0 0.596755 0.058894 0.032452 0.036058
0 0.516226 0.442308 0.034856 0.031250
0 0.862981 0.564303 0.028846 0.037260
0 0.911659 0.571514 0.037260 0.070913
0 0.051683 0.683894 0.024038 0.055288
0 0.194712 0.056490 0.024038 0.036058
0 0.246995 0.316106 0.027644 0.036058
0 0.228365 0.054688 0.016827 0.039663
0 0.908053 0.058293 0.022837 0.034856
0 0.394231 0.443510 0.019231 0.043269
0 0.468750 0.439303 0.021635 0.030048
0 0.031250 0.939303 0.021635 0.049279
0 0.706130 0.304688 0.015625 0.046875
0 0.881010 0.442308 0.024038 0.031250
0 0.772837 0.439904 0.016827 0.033654
0 0.055288 0.048678 0.016827 0.058894
0 0.603365 0.828125 0.019231 0.024038
0 0.712139 0.189303 0.022837 0.032452
0 0.810697 0.825721 0.025240 0.036058
0 0.280649 0.440505 0.022837 0.034856
0 0.322716 0.305288 0.025240 0.050481
0 0.851941 0.686298 0.008233 0.040865
0 0.440505 0.572115 0.018029 0.028846
0 0.078125 0.052284 0.012019 0.046875
0 0.572716 0.684495 0.022837 0.049279
0 0.143029 0.825721 0.026442 0.031250
0 0.281250 0.057692 0.019231 0.028846
0 0.551683 0.822716 0.019231 0.034856
0 0.570312 0.816106 0.015625 0.050481
0 0.786058 0.560697 0.021635 0.042067
0 0.054087 0.946514 0.021635 0.046875
0 0.213942 0.950120 0.014423 0.039663
0 0.441106 0.697115 0.021635 0.028846
0 0.826923 0.188702 0.024038 0.031250
0 0.726562 0.819111 0.018029 0.037260
0 0.905649 0.439904 0.020433 0.036058
0 0.365385 0.054688 0.021635 0.032452
0 0.787260 0.825120 0.021635 0.030048
0 0.808293 0.560096 0.013221 0.040865
0 0.901442 0.828125 0.019231 0.021635
0 0.551082 0.689904 0.020433 0.036058
0 0.947716 0.559495 0.027644 0.056490
0 0.927885 0.826322 0.021635 0.025240
0 0.879207 0.828726 0.020433 0.020433
0 0.840745 0.441707 0.015625 0.025240
0 0.484633 0.438504 0.019916 0.030685
0 0.583137 0.300162 0.026370 0.051142
0 0.551935 0.571484 0.025144 0.033930
0 0.066581 0.703005 0.018594 0.025409
0 0.172758 0.692049 0.015781 0.042007
0 0.047200 0.826550 0.017284 0.031178
0 0.172290 0.824946 0.024892 0.028353
0 0.373606 0.827398 0.016298 0.028858
0 0.405270 0.821635 0.009075 0.042019
0 0.682861 0.821010 0.011875 0.035144
0 0.868918 0.696496 0.022284 0.026526
0 0.875715 0.188852 0.019002 0.032873
0 0.357626 0.814225 0.014627 0.052031
