0 0.725361 0.444111 0.034856 0.099760
0 0.836538 0.464543 0.021635 0.070913
0 0.033654 0.429688 0.026442 0.066106
0 0.346755 0.574519 0.022837 0.057692
0 0.278245 0.448317 0.020433 0.031250
0 0.584736 0.432692 0.022837 0.060096
0 0.673678 0.568510 0.025240 0.057692
0 0.543870 0.586538 0.020433 0.036058
0 0.371995 0.586538 0.018029 0.033654
0 0.061298 0.448317 0.019231 0.031250
0 0.621394 0.582332 0.024038 0.027644
0 0.650240 0.579327 0.019231 0.031250
0 0.412861 0.580529 0.018029 0.031250
0 0.257212 0.432692 0.019231 0.064904
0 0.027644 0.587139 0.026442 0.046875
0 0.818510 0.583534 0.019231 0.037260
0 0.178486 0.447115 0.025240 0.028846
0 0.174880 0.587139 0.020433 0.030048
0 0.579327 0.587740 0.016827 0.028846
0 0.420673 0.430889 0.024038 0.063702
0 0.452524 0.444111 0.022837 0.032452
0 0.085938 0.432091 0.020433 0.058894
0 0.340745 0.447115 0.018029 0.028846
0 0.304087 0.447716 0.019231 0.027644
0 0.138221 0.447115 0.021635 0.028846
0 0.393029 0.572115 0.021635 0.055288
0 0.503005 0.436899 0.013221 0.051683
0 0.280048 0.590144 0.021635 0.028846
0 0.209135 0.445913 0.024038 0.031250
0 0.318510 0.588341 0.019231 0.030048
0 0.474760 0.574519 0.024038 0.060096
0 0.079327 0.589543 0.019231 0.034856
0 0.361779 0.432692 0.024038 0.057692
0 0.742788 0.585337 0.019231 0.033654
0 0.715144 0.587740 0.028846 0.031250
0 0.957933 0.445913 0.016827 0.033654
0 0.597356 0.569111 0.019231 0.051683
0 0.236779 0.444712 0.016827 0.033654
0 0.554688 0.446514 0.018029 0.025240
0 0.781250 0.425481 0.024038 0.062500
0 0.323317 0.448317 0.016827 0.031250
0 0.240385 0.566707 0.031250 0.066106
0 0.934495 0.445913 0.022837 0.026442
0 0.656250 0.439904 0.026442 0.036058
0 0.562500 0.573918 0.012019 0.049279
0 0.878005 0.444111 0.022837 0.025240
0 0.531851 0.443510 0.020433 0.028846
0 0.792067 0.573918 0.031250 0.049279
0 0.058894 0.591346 0.016827 0.033654
0 0.132212 0.591947 0.021635 0.027644
0 0.763822 0.583534 0.018029 0.022837
0 0.691707 0.439904 0.027644 0.036058
0 0.116587 0.448317 0.021635 0.028846
0 0.982572 0.447716 0.018029 0.030048
0 0.843750 0.582933 0.026442 0.036058
0 0.906250 0.442909 0.024038 0.027644
0 0.156250 0.578125 0.016827 0.052885
0 0.480769 0.445312 0.019231 0.030048
0 0.815505 0.445913 0.020433 0.031250
0 0.520276 0.588714 0.017764 0.035529
0 0.298678 0.575721 0.015625 0.055288
0 0.499555 0.584099 0.021322 0.033870
