0 0.105168 0.432692 0.018029 0.038462
0 0.126803 0.419471 0.022837 0.069712
0 0.414243 0.546731 0.042067 0.087740
0 0.265325 0.468750 0.028245 0.110577
0 0.121995 0.570312 0.018029 0.039663
0 0.617788 0.556490 0.036058 0.100962
0 0.225962 0.435096 0.014423 0.038462
0 0.067909 0.420673 0.020433 0.060096
0 0.698918 0.567909 0.025240 0.039663
0 0.465745 0.552284 0.022837 0.058894
0 0.721755 0.561298 0.018029 0.072115
0 0.204928 0.415865 0.015625 0.072115
0 0.299880 0.585938 0.015625 0.058894
0 0.512019 0.569111 0.019231 0.037260
0 0.144231 0.572716 0.024038 0.034856
0 0.658053 0.566106 0.025240 0.050481
0 0.822115 0.578125 0.024038 0.064904
0 0.087139 0.432692 0.015625 0.043269
0 0.926082 0.569111 0.022837 0.037260
0 0.034856 0.566106 0.026442 0.050481
0 0.951923 0.554688 0.021635 0.051683
0 0.287861 0.430288 0.013221 0.036058
0 0.171875 0.435096 0.014423 0.040865
0 0.848558 0.555288 0.021635 0.055288
0 0.187500 0.417668 0.014423 0.063702
0 0.215144 0.554087 0.024038 0.067308
0 0.234976 0.567909 0.015625 0.042067
0 0.272236 0.566106 0.018029 0.043269
0 0.152644 0.435697 0.014423 0.037260
0 0.870793 0.560697 0.013221 0.022837
0 0.100361 0.574519 0.022837 0.033654
0 0.075048 0.574231 0.025240 0.030048
0 0.898510 0.559291 0.036707 0.066226
0 0.472356 0.626202 0.026442 0.057692
0 0.251803 0.565505 0.015625 0.063702
0 0.256611 0.629207 0.025240 0.063702
0 0.053365 0.576226 0.015481 0.029519
0 0.246719 0.430721 0.016755 0.043654
0 0.267626 0.450120 0.002224 0.000000
0 0.441821 0.573275 0.017007 0.027368
0 0.494339 0.556635 0.025144 0.067308
0 0.526334 0.589742 0.021827 0.070637
0 0.285379 0.576815 0.010685 0.029255
