0 0.561298 0.606971 0.043269 0.067308
0 0.494591 0.611779 0.049279 0.060096
0 0.343750 0.372596 0.048077 0.105769
0 0.271034 0.641827 0.042067 0.086538
0 0.608774 0.618990 0.044471 0.048077
0 0.587740 0.475962 0.038462 0.043269
0 0.495192 0.469351 0.033654 0.056490
0 0.567909 0.337740 0.037260 0.033654
0 0.661058 0.618389 0.045673 0.042067
0 0.550481 0.465144 0.036058 0.060096
0 0.718149 0.617788 0.046875 0.040865
0 0.484375 0.335337 0.038462 0.048077
0 0.282452 0.335938 0.052885 0.046875
0 0.526442 0.332933 0.036058 0.060096
0 0.676683 0.478365 0.045673 0.043269
0 0.656250 0.337139 0.040865 0.039663
0 0.341346 0.618389 0.052885 0.046875
0 0.630409 0.478365 0.039663 0.038462
0 0.611779 0.337139 0.033654 0.034856
0 0.349159 0.481971 0.044471 0.038462
0 0.283053 0.477764 0.044471 0.037260
0 0.427885 0.611779 0.043269 0.019231
0 0.418269 0.337139 0.033654 0.020433
0 0.420673 0.477764 0.036058 0.020433
