0 0.183293 0.491587 0.039663 0.072115
0 0.487380 0.506010 0.049279 0.040865
0 0.687500 0.504808 0.036058 0.052885
0 0.341346 0.501202 0.045673 0.060096
0 0.361178 0.426683 0.030048 0.052885
0 0.342548 0.567909 0.040865 0.056490
0 0.220553 0.522236 0.030048 0.042067
0 0.770433 0.561298 0.036058 0.052885
0 0.551683 0.568510 0.038462 0.057692
0 0.780649 0.491587 0.044471 0.067308
0 0.629808 0.496995 0.026442 0.042067
0 0.736779 0.487981 0.031250 0.216346
0 0.567909 0.496394 0.030048 0.055288
0 0.423077 0.500601 0.033654 0.049279
0 0.768029 0.429688 0.024038 0.051683
0 0.572115 0.419471 0.038462 0.067308
0 0.301683 0.506010 0.031250 0.192308
0 0.334621 0.427254 0.027704 0.017055
0 0.381166 0.490679 0.036947 0.209964
0 0.538011 0.493516 0.042993 0.207825
0 0.590240 0.492981 0.032332 0.218846
0 0.815126 0.490853 0.037296 0.201803
