0 0.320913 0.547476 0.038462 0.094952
0 0.491587 0.555889 0.048077 0.092548
0 0.317308 0.447115 0.038462 0.062500
0 0.356971 0.452524 0.038462 0.049279
0 0.397236 0.453125 0.037260 0.040865
0 0.665264 0.515625 0.030048 0.060096
0 0.506611 0.453726 0.051683 0.039663
0 0.566707 0.527043 0.037260 0.039663
0 0.699519 0.515625 0.031250 0.062500
0 0.608173 0.522236 0.021635 0.046875
0 0.635817 0.528846 0.026442 0.028846
0 0.375601 0.528846 0.027644 0.036058
0 0.457933 0.447716 0.021635 0.054087
0 0.531250 0.527644 0.031250 0.033654
0 0.426082 0.529447 0.025240 0.032452
0 0.403846 0.524038 0.019231 0.050481
0 0.457746 0.520198 0.035877 0.052752
0 0.353317 0.521629 0.025841 0.052031
