0 0.611178 0.593149 0.025240 0.078125
0 0.185096 0.427284 0.024038 0.037260
0 0.727163 0.566106 0.021635 0.038462
0 0.131010 0.426683 0.021635 0.033654
0 0.051683 0.423678 0.024038 0.042067
0 0.243389 0.564303 0.027644 0.034856
0 0.243990 0.414062 0.026442 0.061298
0 0.643029 0.567308 0.024038 0.033654
0 0.858774 0.552885 0.022837 0.052885
0 0.493990 0.566707 0.026442 0.034856
0 0.371995 0.563101 0.025240 0.032452
0 0.102163 0.410457 0.021635 0.063702
0 0.204327 0.567909 0.026442 0.039663
0 0.147837 0.567909 0.024038 0.034856
0 0.290264 0.566707 0.020433 0.037260
0 0.020433 0.414062 0.033654 0.066106
0 0.070312 0.561298 0.030048 0.019231
0 0.564904 0.568510 0.024038 0.031250
0 0.116587 0.569712 0.028846 0.038462
0 0.940505 0.570913 0.030048 0.100962
0 0.077524 0.426683 0.020433 0.040865
0 0.908053 0.566707 0.022837 0.032452
0 0.801082 0.566707 0.022837 0.046875
0 0.157452 0.428486 0.021635 0.034856
0 0.773438 0.558894 0.027644 0.069712
0 0.697115 0.562500 0.021635 0.062500
0 0.588942 0.567909 0.019231 0.032452
0 0.524038 0.569111 0.031250 0.037260
0 0.670072 0.567909 0.027644 0.034856
0 0.969952 0.567308 0.021635 0.038462
0 0.172476 0.591947 0.025240 0.090144
0 0.424555 0.564904 0.047524 0.036058
0 0.212740 0.428486 0.028846 0.039663
0 0.884615 0.555288 0.024038 0.062500
0 0.749399 0.568510 0.020433 0.033654
0 0.271034 0.555889 0.013221 0.051683
0 0.994591 0.568510 0.010817 0.045673
0 0.320060 0.570547 0.023846 0.038666
0 0.343335 0.555403 0.023690 0.057031
