0 0.492788 0.483774 0.031250 0.061298
0 0.561899 0.353966 0.042067 0.116587
0 0.411058 0.623798 0.028846 0.064904
0 0.682091 0.483173 0.030048 0.060096
0 0.583534 0.238582 0.034856 0.099760
0 0.444111 0.636418 0.025240 0.042067
0 0.474760 0.625601 0.026442 0.058894
0 0.619591 0.490385 0.027644 0.036058
0 0.289663 0.762620 0.024038 0.056490
0 0.454327 0.492188 0.031250 0.044471
0 0.083534 0.492788 0.020433 0.036058
0 0.135216 0.622596 0.022837 0.050481
0 0.371394 0.778846 0.019231 0.036058
0 0.109375 0.778846 0.055288 0.048077
0 0.137620 0.477163 0.034856 0.062500
0 0.033053 0.476562 0.022837 0.066106
0 0.486779 0.760216 0.031250 0.066106
0 0.841947 0.491587 0.025240 0.036058
0 0.897837 0.353365 0.021635 0.028846
0 0.743990 0.495192 0.028846 0.028846
0 0.031250 0.632212 0.021635 0.040865
0 0.314303 0.777043 0.025240 0.032452
0 0.231370 0.206130 0.025240 0.039663
0 0.393630 0.765024 0.022837 0.058894
0 0.145433 0.216947 0.026442 0.056490
0 0.227163 0.340144 0.021635 0.060096
0 0.119591 0.350361 0.037260 0.037260
0 0.034856 0.189303 0.028846 0.068510
0 0.174880 0.206731 0.022837 0.040865
0 0.716346 0.489784 0.024038 0.032452
0 0.466346 0.335337 0.026442 0.048077
0 0.970553 0.342548 0.034856 0.055288
0 0.351562 0.332933 0.025240 0.067308
0 0.107572 0.495793 0.022837 0.034856
0 0.375000 0.492188 0.024038 0.037260
0 0.491587 0.339543 0.024038 0.058894
0 0.450721 0.199519 0.021635 0.033654
0 0.064303 0.330529 0.022837 0.060096
0 0.346755 0.762620 0.025240 0.056490
0 0.809495 0.488582 0.027644 0.030048
0 0.331731 0.640625 0.024038 0.031250
0 0.178486 0.769832 0.020433 0.054087
0 0.774639 0.481971 0.020433 0.055288
0 0.451923 0.778846 0.031250 0.036058
0 0.090745 0.349760 0.020433 0.031250
0 0.410457 0.353365 0.022837 0.033654
0 0.085337 0.626803 0.016827 0.051683
0 0.290865 0.337740 0.021635 0.057692
0 0.362981 0.637019 0.016827 0.031250
0 0.591346 0.496394 0.026442 0.033654
0 0.201322 0.195913 0.020433 0.057692
0 0.198918 0.338341 0.025240 0.030048
0 0.254207 0.354567 0.022837 0.031250
0 0.219952 0.637019 0.024038 0.040865
0 0.064303 0.209135 0.022837 0.038462
0 0.811298 0.351562 0.019231 0.022837
0 0.516226 0.349159 0.022837 0.039663
0 0.655048 0.347957 0.024038 0.039663
0 0.887019 0.496394 0.048077 0.036058
0 0.870793 0.343149 0.022837 0.061298
0 0.530048 0.481971 0.021635 0.069712
0 0.699519 0.345553 0.048077 0.037260
0 0.789062 0.334736 0.022837 0.044471
0 0.308293 0.488582 0.030048 0.044471
0 0.848558 0.353966 0.019231 0.027644
0 0.830529 0.339543 0.016827 0.049279
0 0.420072 0.777644 0.025240 0.033654
0 0.061298 0.481971 0.019231 0.057692
0 0.207332 0.783654 0.022837 0.036058
0 0.382212 0.349159 0.021635 0.039663
0 0.308293 0.209135 0.027644 0.038462
0 0.246995 0.632212 0.022837 0.033654
0 0.262620 0.197716 0.018029 0.051683
0 0.317909 0.347957 0.022837 0.030048
0 0.039663 0.769832 0.045673 0.056490
0 0.625601 0.346755 0.022837 0.039663
0 0.923678 0.355168 0.027644 0.034856
0 0.383413 0.627404 0.014423 0.048077
0 0.345553 0.201322 0.025240 0.044471
0 0.100962 0.210337 0.028846 0.036058
0 0.106971 0.631611 0.021635 0.039663
0 0.512620 0.208534 0.030048 0.027644
0 0.242188 0.478365 0.025240 0.052885
0 0.341947 0.491587 0.027644 0.038462
0 0.558894 0.485577 0.019231 0.050481
0 0.151442 0.775841 0.021635 0.042067
0 0.422476 0.192909 0.030048 0.061298
0 0.192861 0.492524 0.021635 0.032452
0 0.055889 0.636418 0.015625 0.032452
0 0.478365 0.208534 0.028846 0.030048
0 0.284255 0.635216 0.022837 0.042067
0 0.213942 0.494591 0.021635 0.030048
0 0.037861 0.346755 0.025240 0.037260
0 0.308894 0.631611 0.021635 0.037260
0 0.281238 0.205968 0.012788 0.047608
0 0.559543 0.206683 0.023125 0.025361
0 0.537049 0.209796 0.019627 0.026466
