0 0.890024 0.429087 0.027644 0.040865
0 0.099760 0.573317 0.033654 0.108173
0 0.432091 0.426082 0.025240 0.044471
0 0.951322 0.427284 0.022837 0.039663
0 0.123798 0.427885 0.021635 0.038462
0 0.024038 0.411058 0.033654 0.064904
0 0.829327 0.408654 0.031250 0.076923
0 0.629207 0.413462 0.022837 0.060096
0 0.566106 0.426082 0.021635 0.034856
0 0.251202 0.412260 0.024038 0.062500
0 0.060697 0.424880 0.027644 0.037260
0 0.283053 0.429087 0.022837 0.036058
0 0.503005 0.426683 0.030048 0.038462
0 0.611178 0.584736 0.027644 0.075721
0 0.686298 0.424880 0.031250 0.039663
0 0.397236 0.415865 0.032452 0.057692
0 0.706130 0.565505 0.018029 0.039663
0 0.091346 0.414062 0.024038 0.068510
0 0.532452 0.419471 0.021635 0.060096
0 0.581130 0.564904 0.027644 0.031250
0 0.339880 0.464195 0.039663 0.104567
0 0.147837 0.427284 0.024038 0.032452
0 0.277644 0.563101 0.019231 0.046875
0 0.794471 0.418269 0.021635 0.048077
0 0.337740 0.566707 0.021635 0.037260
0 0.457933 0.428486 0.024038 0.037260
0 0.205529 0.426082 0.024038 0.034856
0 0.682692 0.555288 0.024038 0.055288
0 0.413462 0.567308 0.019231 0.045673
0 0.592548 0.411058 0.031250 0.067308
0 0.132212 0.561899 0.016827 0.044471
0 0.471755 0.571514 0.032452 0.044471
0 0.246394 0.558894 0.028846 0.060096
0 0.507212 0.555288 0.031250 0.067308
0 0.156250 0.570913 0.028846 0.033654
0 0.390024 0.569111 0.020433 0.034856
0 0.652043 0.586538 0.025240 0.079327
0 0.173678 0.427885 0.022837 0.036058
0 0.863582 0.410457 0.022837 0.078125
0 0.924279 0.430288 0.024038 0.043269
0 0.066106 0.563101 0.021635 0.034856
0 0.304688 0.569111 0.027644 0.037260
0 0.228365 0.425481 0.019231 0.036058
0 0.978365 0.426082 0.031250 0.046875
0 0.653846 0.429087 0.024038 0.040865
0 0.745793 0.555288 0.027644 0.069712
0 0.362981 0.570913 0.026442 0.040865
0 0.733774 0.421274 0.025240 0.034856
0 0.040865 0.577524 0.028846 0.058894
0 0.534255 0.559495 0.020433 0.051683
0 0.312819 0.429465 0.027320 0.027007
0 0.559063 0.548642 0.031731 0.070553
0 0.633756 0.561214 0.013666 0.045409
0 0.706376 0.450637 0.039291 0.083966
0 0.772404 0.420613 0.026851 0.044423
0 0.729844 0.555403 0.021514 0.062512
