0 0.303486 0.579327 0.025240 0.091346
0 0.793269 0.442909 0.036058 0.082933
0 0.367788 0.436298 0.028846 0.074519
0 0.898438 0.560096 0.025240 0.045673
0 0.029315 0.424718 0.032188 0.114507
0 0.182692 0.415865 0.024038 0.038462
0 0.868389 0.543870 0.027644 0.054087
0 0.244591 0.400841 0.027644 0.054087
0 0.722957 0.414663 0.020433 0.036058
0 0.178486 0.578125 0.032452 0.081731
0 0.924279 0.412260 0.026442 0.036058
0 0.561899 0.552284 0.025240 0.037260
0 0.032452 0.545072 0.026442 0.058894
0 0.446514 0.438702 0.027644 0.074519
0 0.397837 0.417067 0.024038 0.031250
0 0.055288 0.413462 0.019231 0.036058
0 0.228365 0.545072 0.016827 0.049279
0 0.588942 0.545673 0.021635 0.060096
0 0.338341 0.415865 0.022837 0.036058
0 0.453726 0.561298 0.015625 0.045673
0 0.663462 0.548678 0.024038 0.054087
0 0.953125 0.417067 0.028846 0.031250
0 0.951322 0.548678 0.030048 0.058894
0 0.273035 0.414663 0.029243 0.026442
0 0.158053 0.406851 0.018029 0.054087
0 0.649639 0.415865 0.020433 0.033654
0 0.924880 0.547476 0.022837 0.054087
0 0.060096 0.560096 0.021635 0.026442
0 0.848558 0.411659 0.014423 0.037260
0 0.525841 0.419471 0.020433 0.033654
0 0.696514 0.398438 0.025240 0.056490
0 0.492788 0.558293 0.043269 0.030048
0 0.501202 0.417067 0.024038 0.033654
0 0.099159 0.413462 0.013221 0.040865
0 0.801683 0.561298 0.026442 0.031250
0 0.557692 0.420673 0.036058 0.040865
0 0.307662 0.418053 0.039315 0.032452
0 0.615986 0.405649 0.030048 0.054087
0 0.274639 0.558293 0.025240 0.025240
0 0.634615 0.545673 0.024038 0.052885
0 0.147837 0.559495 0.028846 0.030048
0 0.743990 0.547476 0.033654 0.049279
0 0.330529 0.559495 0.016827 0.030048
0 0.829928 0.406250 0.020433 0.048077
0 0.120192 0.560096 0.021635 0.028846
0 0.092548 0.547476 0.031250 0.054087
0 0.135817 0.406851 0.019231 0.054087
0 0.382212 0.558894 0.026442 0.031250
0 0.353966 0.558894 0.020433 0.024038
0 0.887620 0.406250 0.034856 0.050481
0 0.075721 0.414663 0.019231 0.031250
0 0.750601 0.420673 0.032452 0.028846
0 0.712139 0.558894 0.018029 0.026442
0 0.689862 0.559279 0.019147 0.035769
0 0.251202 0.555889 0.019231 0.025240
0 0.671875 0.415264 0.019231 0.034856
0 0.115986 0.422476 0.020433 0.022837
0 0.607007 0.556623 0.021514 0.035288
0 0.777740 0.557710 0.027067 0.035998
0 0.778161 0.417266 0.018245 0.024651
0 0.869802 0.416274 0.017752 0.028269
0 0.421755 0.417398 0.024327 0.030517
0 0.201755 0.554970 0.015457 0.035349
