0 0.363582 0.487380 0.044471 0.070913
0 0.954327 0.494591 0.045673 0.070913
0 0.045072 0.489183 0.049279 0.069712
0 0.648438 0.490986 0.034856 0.070913
0 0.826923 0.493990 0.038462 0.060096
0 0.193510 0.495192 0.048077 0.057692
0 0.906250 0.523438 0.028846 0.046875
0 0.146635 0.522837 0.026442 0.045673
0 0.415264 0.496995 0.046875 0.049279
0 0.544471 0.492788 0.055288 0.043269
0 0.237981 0.470553 0.031250 0.037260
0 0.289663 0.501803 0.026442 0.051683
0 0.745793 0.496394 0.027644 0.038462
0 0.454928 0.465745 0.032452 0.020433
0 0.121370 0.492127 0.040024 0.064663
0 0.674147 0.523101 0.038077 0.041731
0 0.884862 0.491244 0.039171 0.067368
