0 0.106370 0.488582 0.090144 0.078125
0 0.703125 0.495793 0.081731 0.054087
0 0.374399 0.506010 0.044471 0.033654
0 0.808293 0.508413 0.066106 0.040865
0 0.906851 0.506010 0.044471 0.040865
0 0.269832 0.492788 0.054087 0.057692
0 0.861178 0.502404 0.034856 0.043269
0 0.501803 0.504207 0.034856 0.044471
0 0.328726 0.507812 0.044471 0.042067
0 0.441707 0.509615 0.068510 0.038462
0 0.542067 0.498197 0.036058 0.058894
0 0.591947 0.502404 0.034856 0.021635
0 0.625799 0.501611 0.032416 0.035048
0 0.750523 0.510523 0.042368 0.034411
