0 0.503005 0.370793 0.049279 0.063702
0 0.776442 0.413462 0.050481 0.084135
0 0.558293 0.370793 0.044471 0.073317
0 0.251202 0.583534 0.055288 0.061298
0 0.823918 0.579928 0.051683 0.066106
0 0.138822 0.579928 0.061298 0.082933
0 0.128606 0.370793 0.033654 0.068510
0 0.242188 0.373798 0.032452 0.069712
0 0.353966 0.600361 0.037260 0.039663
0 0.501803 0.599760 0.039663 0.048077
0 0.346755 0.370793 0.025240 0.051683
0 0.314904 0.380409 0.033654 0.037260
0 0.350962 0.504808 0.038462 0.050481
0 0.551683 0.510817 0.026442 0.033654
0 0.375000 0.377404 0.031250 0.040865
0 0.468750 0.590144 0.019231 0.052885
0 0.280048 0.376803 0.019231 0.049279
0 0.664663 0.503606 0.031250 0.064904
0 0.198317 0.387019 0.043269 0.036058
0 0.697716 0.385216 0.032452 0.042067
0 0.216346 0.498798 0.033654 0.060096
0 0.477764 0.504808 0.032452 0.050481
0 0.424279 0.594351 0.050481 0.044471
0 0.605769 0.510216 0.026442 0.037260
0 0.304087 0.596755 0.050481 0.037260
0 0.412260 0.513822 0.033654 0.030048
0 0.412861 0.385817 0.027644 0.045673
0 0.710337 0.581130 0.069712 0.073317
0 0.310697 0.498197 0.037260 0.061298
0 0.606370 0.382212 0.034856 0.040865
0 0.519832 0.500601 0.027644 0.046875
0 0.648438 0.382212 0.039663 0.033654
0 0.447716 0.516827 0.025240 0.028846
0 0.193510 0.615703 0.048077 0.088425
0 0.280048 0.513822 0.024038 0.032452
0 0.383413 0.512620 0.021635 0.030048
0 0.581875 0.511220 0.021779 0.033474
0 0.639195 0.506719 0.027476 0.039952
0 0.735667 0.609904 0.033786 0.035048
0 0.864435 0.622296 0.040889 0.058582
0 0.249117 0.516893 0.034195 0.037584
0 0.164231 0.364766 0.037308 0.068329
0 0.740763 0.387536 0.034651 0.038413
