0 0.028245 0.569712 0.039663 0.112981
0 0.458137 0.560096 0.048486 0.043269
0 0.531556 0.589267 0.033329 0.101707
0 0.070312 0.560697 0.037260 0.042067
0 0.186298 0.405649 0.033654 0.061298
0 0.500601 0.540865 0.027644 0.072115
0 0.373197 0.412260 0.030048 0.038462
0 0.260817 0.579327 0.026442 0.088942
0 0.833534 0.536058 0.032452 0.069712
0 0.368540 0.558780 0.049579 0.090469
0 0.876803 0.413462 0.025240 0.036058
0 0.142428 0.552284 0.025240 0.037260
0 0.624399 0.542668 0.027644 0.061298
0 0.293870 0.554087 0.025240 0.036058
0 0.563101 0.551683 0.022837 0.052885
0 0.026442 0.414062 0.031250 0.044471
0 0.135817 0.415865 0.028846 0.040865
0 0.945913 0.400841 0.028846 0.073317
0 0.065505 0.414663 0.030048 0.038462
0 0.757812 0.415865 0.025240 0.045673
0 0.220553 0.412861 0.030048 0.037260
0 0.661058 0.555288 0.026442 0.038462
0 0.177284 0.553486 0.037260 0.034856
0 0.852163 0.401442 0.021635 0.062500
0 0.899639 0.542668 0.030048 0.061298
0 0.771034 0.539663 0.030048 0.067308
0 0.929688 0.551082 0.025240 0.051683
0 0.790264 0.412260 0.027644 0.038462
0 0.097957 0.412861 0.030048 0.042067
0 0.408053 0.540264 0.025240 0.082933
0 0.490986 0.419471 0.030048 0.038462
0 0.600962 0.558293 0.019231 0.030048
0 0.259014 0.414663 0.039663 0.038462
0 0.108774 0.558894 0.022837 0.040865
0 0.579327 0.419519 0.031250 0.122212
0 0.445312 0.418017 0.027644 0.043269
0 0.661058 0.412861 0.026442 0.032452
0 0.693510 0.412861 0.028846 0.030048
0 0.802885 0.555288 0.024038 0.038462
0 0.865385 0.554688 0.031250 0.044471
0 0.958534 0.552284 0.032452 0.044471
0 0.322716 0.558293 0.025240 0.039663
0 0.317909 0.405048 0.030048 0.057692
0 0.689303 0.560096 0.025240 0.038462
0 0.823317 0.418269 0.031250 0.036058
0 0.626803 0.417067 0.030048 0.036058
0 0.906250 0.392428 0.031250 0.082933
0 0.343149 0.401442 0.015625 0.052885
0 0.466514 0.424964 0.022740 0.035529
0 0.607206 0.421292 0.029363 0.032921
0 0.581983 0.548005 0.013029 0.059447
0 0.295541 0.407326 0.017572 0.055156
