0 0.111178 0.516827 0.039663 0.069712
0 0.426082 0.509014 0.039663 0.063702
0 0.756010 0.522837 0.043269 0.064904
0 0.534255 0.530048 0.027644 0.038462
0 0.798678 0.520433 0.032452 0.057692
0 0.705529 0.529447 0.036058 0.032452
0 0.669471 0.526442 0.026442 0.031250
0 0.205529 0.534856 0.028846 0.036058
0 0.290264 0.529447 0.027644 0.030048
0 0.463341 0.530048 0.030048 0.026442
0 0.906851 0.532452 0.039663 0.033654
0 0.868990 0.529447 0.033654 0.037260
0 0.836538 0.527644 0.019231 0.040865
0 0.251803 0.534255 0.034856 0.030048
0 0.501803 0.528245 0.025240 0.032452
0 0.574519 0.534255 0.033654 0.032452
0 0.164405 0.516478 0.059675 0.071058
0 0.626202 0.529447 0.045673 0.022837
0 0.356971 0.519832 0.028846 0.018029
