0 0.334736 0.614183 0.049279 0.074519
0 0.724760 0.371995 0.021635 0.111779
0 0.225962 0.621995 0.024038 0.046875
0 0.199519 0.610577 0.021635 0.072115
0 0.772236 0.621394 0.032452 0.055288
0 0.320913 0.205529 0.033654 0.112981
0 0.164062 0.485577 0.027644 0.033654
0 0.819712 0.620793 0.024038 0.044471
0 0.666466 0.610577 0.022837 0.069712
0 0.700721 0.212139 0.028846 0.109375
0 0.531250 0.180889 0.028846 0.068510
0 0.389423 0.332332 0.033654 0.061298
0 0.484375 0.621995 0.026442 0.046875
0 0.611178 0.338942 0.027644 0.060096
0 0.125601 0.485577 0.030048 0.043269
0 0.396034 0.489183 0.030048 0.050481
0 0.250601 0.468750 0.022837 0.076923
0 0.070312 0.611178 0.018029 0.063702
0 0.534255 0.753005 0.027644 0.068510
0 0.045072 0.624399 0.020433 0.042067
0 0.219952 0.468750 0.026442 0.069712
0 0.641827 0.625000 0.024038 0.050481
0 0.661659 0.197115 0.020433 0.040865
0 0.391226 0.765024 0.020433 0.049279
0 0.021635 0.323317 0.028846 0.076923
0 0.081731 0.472356 0.033654 0.057692
0 0.251803 0.606971 0.025240 0.074519
0 0.626803 0.745793 0.022837 0.075721
0 0.646034 0.468750 0.018029 0.050481
0 0.677284 0.763221 0.030048 0.043269
0 0.899038 0.324519 0.019231 0.062500
0 0.265024 0.754808 0.013221 0.067308
0 0.511418 0.484976 0.027644 0.051683
0 0.891827 0.486779 0.021635 0.031250
0 0.366587 0.759014 0.026442 0.058894
0 0.751202 0.341346 0.021635 0.043269
0 0.743389 0.622596 0.022837 0.038462
0 0.651442 0.760216 0.019231 0.042067
0 0.635817 0.182091 0.019231 0.066106
0 0.118990 0.630409 0.024038 0.046875
0 0.454928 0.201322 0.020433 0.049279
0 0.401442 0.620192 0.028846 0.052885
0 0.093149 0.623798 0.020433 0.040865
0 0.793870 0.330529 0.020433 0.064904
0 0.539663 0.619591 0.021635 0.046875
0 0.531851 0.336538 0.022837 0.040865
0 0.904447 0.612981 0.022837 0.064904
0 0.612981 0.200721 0.021635 0.043269
0 0.541466 0.476562 0.022837 0.051683
0 0.910457 0.195312 0.030048 0.058894
0 0.487981 0.757812 0.016827 0.049279
0 0.217548 0.769832 0.028846 0.039663
0 0.194712 0.483774 0.021635 0.039663
0 0.735577 0.474159 0.012019 0.056490
0 0.712139 0.617788 0.027644 0.043269
0 0.187500 0.340144 0.021635 0.043269
0 0.160457 0.778846 0.022837 0.096154
0 0.820913 0.339543 0.019231 0.034856
0 0.247596 0.762019 0.019231 0.043269
0 0.668870 0.336538 0.022837 0.040865
0 0.052885 0.340144 0.028846 0.040865
0 0.427885 0.232572 0.028846 0.109375
0 0.291466 0.182692 0.020433 0.074519
0 0.023438 0.483173 0.030048 0.048077
0 0.316707 0.766226 0.020433 0.049279
0 0.185096 0.764423 0.019231 0.045673
0 0.418870 0.770433 0.027644 0.043269
0 0.454327 0.616587 0.028846 0.079327
0 0.697115 0.340144 0.026442 0.040865
0 0.581130 0.198918 0.027644 0.046875
0 0.062500 0.198317 0.024038 0.038462
0 0.773438 0.334736 0.015625 0.044471
0 0.719952 0.756010 0.026442 0.076923
0 0.367188 0.487380 0.022837 0.046875
0 0.755409 0.482572 0.022837 0.044471
0 0.959736 0.625000 0.020433 0.043269
0 0.881611 0.624399 0.018029 0.034856
0 0.688702 0.470553 0.026442 0.063702
0 0.327524 0.336538 0.027644 0.038462
0 0.290264 0.750601 0.018029 0.075721
0 0.513221 0.618990 0.019231 0.038462
0 0.394231 0.202524 0.026442 0.037260
0 0.264423 0.200721 0.026442 0.036058
0 0.368389 0.201322 0.018029 0.037260
0 0.982572 0.617788 0.018029 0.057692
0 0.343149 0.485577 0.025240 0.052885
0 0.105769 0.341947 0.019231 0.042067
0 0.297476 0.341346 0.025240 0.038462
0 0.082332 0.366587 0.025240 0.091346
0 0.929688 0.624399 0.022837 0.039663
0 0.871995 0.327524 0.025240 0.063702
0 0.375601 0.613582 0.015625 0.061298
0 0.021635 0.615986 0.021635 0.068510
0 0.573918 0.484976 0.039663 0.054087
0 0.236779 0.200721 0.019231 0.033654
0 0.572115 0.766827 0.036058 0.043269
0 0.794471 0.486178 0.026442 0.037260
0 0.025841 0.771034 0.039663 0.039663
0 0.278846 0.480168 0.021635 0.049279
0 0.482572 0.478365 0.015625 0.062500
0 0.819111 0.477764 0.018029 0.044471
0 0.582933 0.609375 0.024038 0.076923
0 0.842548 0.201923 0.031250 0.043269
0 0.756611 0.185096 0.018029 0.064904
0 0.885216 0.198918 0.018029 0.032452
0 0.730168 0.194712 0.022837 0.043269
0 0.612380 0.625000 0.025240 0.050481
0 0.462740 0.480168 0.024038 0.054087
0 0.918870 0.325120 0.020433 0.066106
0 0.851562 0.490986 0.022837 0.111779
0 0.093750 0.766827 0.026442 0.043269
0 0.560697 0.623197 0.020433 0.042067
0 0.605168 0.750601 0.020433 0.068510
0 0.018630 0.185697 0.025240 0.070913
0 0.135817 0.327524 0.026442 0.078125
0 0.162260 0.322716 0.024038 0.070913
0 0.716346 0.480168 0.019231 0.049279
0 0.142428 0.631611 0.020433 0.042067
0 0.443510 0.338942 0.021635 0.040865
0 0.505409 0.328125 0.025240 0.064904
0 0.064904 0.768029 0.024038 0.038462
0 0.845553 0.338341 0.022837 0.039663
0 0.780048 0.183293 0.019231 0.070913
0 0.168870 0.612981 0.025240 0.064904
0 0.480168 0.189904 0.025240 0.057692
0 0.844351 0.621394 0.020433 0.040865
0 0.174880 0.198317 0.020433 0.036058
0 0.280649 0.635817 0.015625 0.021635
0 0.120793 0.225962 0.032452 0.079327
0 0.149038 0.200120 0.021635 0.042067
0 0.509615 0.770433 0.019231 0.031250
0 0.665865 0.481971 0.019231 0.043269
0 0.578726 0.337139 0.030048 0.046875
0 0.041466 0.188702 0.010817 0.055288
0 0.420072 0.335337 0.018029 0.050481
0 0.049279 0.483173 0.019231 0.033654
0 0.554688 0.337740 0.018029 0.043269
0 0.868389 0.194712 0.013221 0.043269
0 0.555288 0.198918 0.019231 0.032452
0 0.207933 0.195312 0.026442 0.051683
0 0.347067 0.185216 0.033630 0.085505
0 0.278059 0.341004 0.029243 0.043978
0 0.206406 0.342933 0.026106 0.032861
0 0.873023 0.478906 0.015853 0.037740
0 0.841196 0.483059 0.019123 0.033450
0 0.866599 0.613498 0.014591 0.060385
