0 0.210938 0.525240 0.054087 0.098558
0 0.632812 0.480168 0.046875 0.078125
0 0.319111 0.498197 0.068510 0.042067
0 0.530649 0.495192 0.042067 0.048077
0 0.803486 0.498197 0.075721 0.042067
0 0.474159 0.496995 0.044471 0.042067
0 0.256611 0.496394 0.037260 0.040865
0 0.733173 0.496995 0.052885 0.039663
0 0.429688 0.486779 0.027644 0.067308
0 0.091947 0.492188 0.039663 0.044471
0 0.384014 0.496995 0.042067 0.042067
0 0.888822 0.497596 0.022837 0.040865
0 0.143029 0.481370 0.028846 0.063702
0 0.677885 0.500000 0.043269 0.033654
0 0.169417 0.484279 0.035877 0.065721
