0 0.040865 0.490385 0.052885 0.072115
0 0.088341 0.490986 0.042067 0.073317
0 0.138221 0.494591 0.045673 0.070913
0 0.742788 0.493990 0.036058 0.072115
0 0.783654 0.492188 0.038462 0.066106
0 0.484976 0.493389 0.044471 0.066106
0 0.402644 0.493990 0.036058 0.079327
0 0.185096 0.496995 0.040865 0.068510
0 0.602764 0.494591 0.034856 0.058894
0 0.558894 0.495793 0.043269 0.066106
0 0.832332 0.493990 0.032452 0.067308
0 0.639423 0.497596 0.036058 0.067308
0 0.948918 0.497596 0.037260 0.064904
0 0.313702 0.490385 0.019231 0.079327
0 0.885216 0.497596 0.030048 0.064904
0 0.242788 0.492788 0.050481 0.076923
0 0.282452 0.503606 0.028846 0.045673
0 0.435096 0.501202 0.028846 0.067308
0 0.979567 0.491587 0.019231 0.079327
0 0.667530 0.497410 0.021791 0.091430
0 0.525535 0.498119 0.042392 0.064892
0 0.862091 0.491725 0.031971 0.078161
0 0.917157 0.496935 0.037897 0.071058
