0 0.831130 0.395433 0.049279 0.069712
0 0.676082 0.611178 0.044471 0.063702
0 0.521034 0.403846 0.044471 0.074519
0 0.279447 0.608173 0.078125 0.057692
0 0.125000 0.404447 0.055288 0.085337
0 0.716947 0.641226 0.032452 0.049279
0 0.579327 0.409255 0.038462 0.039663
0 0.308894 0.431490 0.043269 0.052885
0 0.544471 0.620192 0.036058 0.040865
0 0.766226 0.614183 0.051683 0.057692
0 0.703726 0.408053 0.034856 0.042067
0 0.617188 0.611779 0.044471 0.057692
0 0.337139 0.543870 0.037260 0.049279
0 0.308293 0.335938 0.046875 0.049279
0 0.262620 0.336538 0.042067 0.040865
0 0.346755 0.618389 0.049279 0.046875
0 0.281851 0.548077 0.032452 0.040865
0 0.887019 0.379808 0.036058 0.038462
0 0.405649 0.588942 0.032452 0.036058
0 0.769832 0.394832 0.044471 0.066106
0 0.436298 0.404447 0.033654 0.039663
0 0.125715 0.631713 0.059123 0.088810
0 0.444712 0.588942 0.033654 0.036058
0 0.618389 0.383413 0.037260 0.021635
0 0.270186 0.394886 0.063594 0.065012
