0 0.047476 0.489183 0.020433 0.055288
0 0.126803 0.355769 0.013221 0.055288
0 0.110577 0.630409 0.024038 0.051683
0 0.217548 0.355168 0.021635 0.032452
0 0.059495 0.629808 0.032452 0.043269
0 0.549880 0.353966 0.018029 0.034856
0 0.147837 0.355769 0.019231 0.033654
0 0.241587 0.641827 0.024038 0.031250
0 0.321514 0.352163 0.027644 0.033654
0 0.319111 0.667067 0.025240 0.084135
0 0.933894 0.412861 0.016827 0.054087
0 0.075721 0.355769 0.016827 0.031250
0 0.256010 0.492788 0.012019 0.050481
0 0.459135 0.503606 0.016827 0.028846
0 0.573317 0.356370 0.021635 0.032452
0 0.111178 0.358774 0.013221 0.034856
0 0.560234 0.628762 0.028041 0.055601
0 0.686899 0.493990 0.022837 0.043269
0 0.371394 0.340745 0.019231 0.044471
0 0.756334 0.355553 0.025913 0.028846
0 0.580529 0.512620 0.019231 0.080529
0 0.608774 0.355168 0.015625 0.037260
0 0.136418 0.626803 0.020433 0.058894
0 0.933894 0.352764 0.014423 0.030048
0 0.832332 0.355769 0.020433 0.033654
0 0.880409 0.355168 0.018029 0.030048
0 0.730769 0.339543 0.019231 0.051683
0 0.435697 0.492788 0.022837 0.045673
0 0.915264 0.341947 0.013221 0.054087
0 0.950120 0.341947 0.013221 0.049279
0 0.237981 0.376202 0.019231 0.081731
0 0.901442 0.350962 0.014423 0.033654
0 0.685697 0.640625 0.020433 0.043269
0 0.757212 0.492788 0.016827 0.036058
0 0.387019 0.630409 0.024038 0.049279
0 0.642806 0.638263 0.016382 0.026526
0 0.201322 0.646034 0.030048 0.027644
0 0.471154 0.646635 0.019231 0.084135
0 0.162260 0.641827 0.021635 0.028846
0 0.805871 0.431983 0.016334 0.027644
0 0.371995 0.502404 0.018029 0.026442
0 0.849159 0.429087 0.018029 0.024038
0 0.871394 0.419471 0.021635 0.043269
0 0.516226 0.357572 0.018029 0.030048
0 0.416466 0.638221 0.027644 0.028846
0 0.204327 0.503606 0.019231 0.026442
0 0.233173 0.505409 0.024038 0.049279
0 0.695913 0.415865 0.016827 0.052885
0 0.773438 0.416466 0.018029 0.051683
0 0.646034 0.496995 0.025240 0.032452
0 0.093149 0.342548 0.013221 0.055288
0 0.561298 0.503606 0.016827 0.026442
0 0.070913 0.501202 0.019231 0.028846
0 0.290264 0.343750 0.025240 0.050481
0 0.105745 0.504603 0.022837 0.031250
0 0.051082 0.344351 0.020433 0.058894
0 0.714543 0.414663 0.013221 0.055288
0 0.405649 0.340745 0.013221 0.051683
0 0.811298 0.496394 0.019231 0.031250
0 0.697716 0.342548 0.018029 0.048077
0 0.015625 0.353966 0.021635 0.022837
0 0.790264 0.486178 0.018029 0.049279
0 0.585216 0.634273 0.016178 0.031647
0 0.266226 0.629207 0.018029 0.049279
0 0.776635 0.350889 0.014808 0.033654
0 0.352163 0.500601 0.021635 0.027644
0 0.620192 0.631611 0.019231 0.039663
0 0.856370 0.344952 0.020433 0.052885
0 0.666466 0.495793 0.015625 0.032452
0 0.812500 0.351178 0.012019 0.039976
0 0.845974 0.487626 0.017620 0.053978
0 0.481971 0.339543 0.021635 0.056490
0 0.514423 0.484976 0.019231 0.056490
0 0.169567 0.498936 0.031442 0.036334
0 0.965144 0.347957 0.016827 0.027644
0 0.390625 0.346755 0.012019 0.030048
0 0.949681 0.426929 0.016382 0.027704
0 0.668077 0.639008 0.016178 0.039291
0 0.914916 0.425000 0.016322 0.034351
0 0.399038 0.501202 0.019231 0.026442
0 0.271635 0.501202 0.014423 0.031250
0 0.460938 0.350361 0.018029 0.032452
0 0.830529 0.420072 0.014423 0.042067
0 0.423678 0.341346 0.015625 0.048077
0 0.288462 0.490385 0.019231 0.052885
0 0.441106 0.352163 0.019231 0.031250
0 0.285457 0.642428 0.015625 0.027644
0 0.519345 0.641112 0.017055 0.029820
0 0.979742 0.426478 0.023690 0.040264
0 0.496995 0.638221 0.020433 0.028846
0 0.192308 0.360577 0.019231 0.026442
0 0.016226 0.500601 0.020433 0.020433
0 0.539663 0.501803 0.019231 0.027644
0 0.135102 0.500601 0.032224 0.032452
0 0.486779 0.501202 0.016827 0.028846
0 0.731971 0.424880 0.016827 0.034856
0 0.662861 0.420673 0.022837 0.024038
0 0.655048 0.344952 0.021635 0.024038
0 0.752404 0.424279 0.016827 0.036058
0 0.166611 0.339730 0.022260 0.065373
0 0.499465 0.344543 0.016430 0.057764
0 0.534988 0.357476 0.017404 0.031899
0 0.713570 0.355541 0.014976 0.028510
0 0.790763 0.355607 0.012320 0.028281
0 0.963540 0.419243 0.012656 0.042236
0 0.897957 0.426887 0.018894 0.033197
0 0.791587 0.431400 0.015913 0.028113
0 0.744441 0.478792 0.022632 0.048257
0 0.768696 0.495956 0.018906 0.032344
0 0.829651 0.490986 0.011442 0.045288
0 0.499639 0.502674 0.010697 0.032344
0 0.473762 0.500931 0.014687 0.027368
0 0.189525 0.502548 0.011935 0.030601
0 0.090138 0.504417 0.011695 0.033834
0 0.304519 0.642572 0.017957 0.030553
0 0.222939 0.636611 0.011575 0.042476
0 0.175463 0.645595 0.017440 0.023137
0 0.537674 0.641647 0.019243 0.026250
0 0.599147 0.632843 0.014207 0.028041
0 0.655583 0.636166 0.013834 0.049784
