0 0.342548 0.482572 0.040865 0.094952
0 0.239784 0.454327 0.039663 0.081731
0 0.240986 0.600361 0.049279 0.078125
0 0.625000 0.563702 0.043269 0.050481
0 0.501803 0.640024 0.054087 0.051683
0 0.649038 0.637019 0.043269 0.062500
0 0.557692 0.370192 0.050481 0.052885
0 0.448317 0.469952 0.036058 0.036058
0 0.310697 0.645433 0.034856 0.033654
0 0.725962 0.360577 0.028846 0.043269
0 0.348558 0.638221 0.028846 0.055288
0 0.450721 0.353966 0.028846 0.034856
0 0.311298 0.356370 0.040865 0.042067
0 0.703726 0.572115 0.039663 0.036058
0 0.252404 0.352764 0.067308 0.049279
0 0.791466 0.355168 0.032452 0.054087
0 0.719351 0.476562 0.034856 0.051683
0 0.646635 0.358173 0.028846 0.038462
0 0.379207 0.639423 0.030048 0.060096
0 0.393630 0.561899 0.032452 0.058894
0 0.319712 0.558894 0.024038 0.055288
0 0.549279 0.572115 0.031250 0.033654
0 0.490986 0.343750 0.030048 0.052885
0 0.493389 0.462740 0.034856 0.064904
0 0.624399 0.485577 0.027644 0.028846
0 0.283654 0.571514 0.028846 0.034856
0 0.606370 0.360577 0.037260 0.031250
0 0.451923 0.567308 0.021635 0.043269
0 0.665865 0.571514 0.031250 0.034856
0 0.349159 0.356370 0.032452 0.039663
0 0.303486 0.455529 0.032452 0.031250
0 0.507812 0.573918 0.044471 0.034856
0 0.272837 0.453726 0.026442 0.030048
0 0.698918 0.355769 0.020433 0.045673
0 0.524639 0.478365 0.027644 0.033654
0 0.580529 0.573918 0.028846 0.030048
0 0.382212 0.451923 0.024038 0.069712
0 0.599159 0.632812 0.051683 0.042067
0 0.657452 0.491587 0.031250 0.028846
0 0.756010 0.362380 0.026442 0.032452
0 0.687500 0.489784 0.026442 0.032452
0 0.423678 0.343149 0.025240 0.051683
0 0.554688 0.483173 0.025240 0.033654
0 0.671875 0.358774 0.021635 0.037260
0 0.278179 0.640805 0.030300 0.039904
0 0.358347 0.560517 0.047776 0.063053
0 0.421773 0.573444 0.034724 0.038185
0 0.535685 0.660931 0.016082 0.018594
0 0.683582 0.636046 0.025385 0.076899
