0 0.486779 0.579327 0.043269 0.098558
0 0.628606 0.533053 0.038462 0.068510
0 0.524038 0.543269 0.026442 0.045673
0 0.406851 0.417668 0.037260 0.037260
0 0.510216 0.395433 0.025240 0.062500
0 0.591947 0.551082 0.027644 0.037260
0 0.446514 0.408654 0.027644 0.028846
0 0.585337 0.423678 0.033654 0.082933
0 0.478365 0.409255 0.021635 0.034856
0 0.558894 0.544471 0.019231 0.050481
0 0.551082 0.398438 0.025240 0.044471
0 0.443510 0.548678 0.028846 0.039663
0 0.393245 0.539087 0.050048 0.046827
0 0.359375 0.435697 0.040865 0.080529
0 0.460012 0.457722 0.243510 0.046743
