0 0.043870 0.532452 0.054087 0.060096
0 0.357572 0.540865 0.046875 0.050481
0 0.887620 0.474760 0.039663 0.036058
0 0.646034 0.541466 0.042067 0.051683
0 0.932692 0.446514 0.026442 0.034856
0 0.744591 0.463341 0.030048 0.042067
0 0.049880 0.462740 0.039663 0.060096
0 0.900841 0.539062 0.042067 0.066106
0 0.095553 0.532452 0.046875 0.050481
0 0.466947 0.476562 0.037260 0.034856
0 0.599760 0.536659 0.040865 0.058894
0 0.843149 0.534255 0.056490 0.058894
0 0.174880 0.451322 0.027644 0.034856
0 0.135817 0.447115 0.024038 0.048077
0 0.422476 0.465144 0.044471 0.052885
0 0.091346 0.477764 0.031250 0.034856
0 0.962740 0.445913 0.026442 0.036058
0 0.614784 0.467548 0.034856 0.055288
0 0.305288 0.539062 0.040865 0.063702
0 0.528846 0.467548 0.038462 0.060096
0 0.650240 0.478365 0.028846 0.031250
0 0.826400 0.464694 0.063858 0.059940
