0 0.302885 0.555889 0.057692 0.073317
0 0.764423 0.546274 0.057692 0.082933
0 0.524038 0.413462 0.040865 0.072115
0 0.513221 0.578726 0.045673 0.080529
0 0.138221 0.417067 0.043269 0.064904
0 0.602163 0.542668 0.048077 0.066106
0 0.680889 0.405649 0.034856 0.058894
0 0.762620 0.418870 0.037260 0.034856
0 0.801082 0.411058 0.022837 0.050481
0 0.448918 0.406250 0.030048 0.055288
0 0.418269 0.539062 0.048077 0.066106
0 0.163462 0.563702 0.036058 0.028846
0 0.700721 0.559495 0.033654 0.046875
0 0.643630 0.415264 0.034856 0.032452
0 0.833534 0.415865 0.030048 0.031250
0 0.174279 0.427885 0.019231 0.048077
0 0.314904 0.420673 0.031250 0.031250
0 0.394832 0.419471 0.027644 0.036058
0 0.352764 0.419471 0.042067 0.026442
0 0.604567 0.420072 0.036058 0.030048
0 0.356370 0.570913 0.042067 0.033654
0 0.558293 0.562500 0.037260 0.048077
0 0.722356 0.420673 0.031250 0.031250
0 0.865986 0.399038 0.034856 0.052885
0 0.119591 0.558894 0.022837 0.045673
0 0.661659 0.549880 0.039663 0.056490
0 0.208534 0.561899 0.030048 0.039663
0 0.563101 0.423678 0.037260 0.025240
0 0.212740 0.423678 0.031250 0.030048
0 0.269267 0.418870 0.051971 0.032452
0 0.460938 0.559495 0.034856 0.032452
0 0.417043 0.418660 0.030793 0.040637
