0 0.298077 0.526442 0.045673 0.091346
0 0.195312 0.518029 0.049279 0.081731
0 0.409651 0.523203 0.045697 0.083209
0 0.053486 0.482572 0.049279 0.073317
0 0.646635 0.486779 0.048077 0.072115
0 0.462740 0.512620 0.045673 0.078125
0 0.601562 0.492788 0.037260 0.048077
0 0.547476 0.495192 0.039663 0.038462
0 0.246394 0.487981 0.028846 0.064904
0 0.507812 0.493990 0.030048 0.038462
0 0.863582 0.484976 0.037260 0.066106
0 0.782452 0.494591 0.028846 0.039663
0 0.818510 0.494591 0.036058 0.046875
0 0.343750 0.492788 0.024038 0.028846
0 0.149038 0.497596 0.036058 0.038462
0 0.900240 0.500601 0.031250 0.046875
0 0.729129 0.496995 0.074555 0.037260
0 0.105769 0.498197 0.040865 0.037260
0 0.981971 0.503606 0.021635 0.024038
0 0.378191 0.496334 0.032752 0.031034
0 0.671995 0.495817 0.032812 0.041370
