0 0.744591 0.503606 0.037260 0.048077
0 0.387019 0.511418 0.052885 0.049279
0 0.742188 0.429688 0.037260 0.056490
0 0.545072 0.425481 0.049279 0.062500
0 0.394832 0.425481 0.046875 0.057692
0 0.245192 0.580529 0.064904 0.048077
0 0.245192 0.504207 0.043269 0.051683
0 0.682091 0.581731 0.032452 0.038462
0 0.797476 0.582332 0.027644 0.037260
0 0.790264 0.509014 0.030048 0.042067
0 0.246394 0.424279 0.043269 0.069712
0 0.471154 0.579928 0.033654 0.030048
0 0.682091 0.429688 0.034856 0.034856
0 0.323317 0.570913 0.036058 0.028846
0 0.467548 0.507812 0.036058 0.034856
0 0.783053 0.437500 0.027644 0.040865
0 0.610577 0.438702 0.043269 0.038462
0 0.472356 0.433293 0.036058 0.034856
0 0.746995 0.574519 0.034856 0.050481
0 0.386418 0.577524 0.044471 0.049279
0 0.532452 0.571514 0.036058 0.054087
0 0.324519 0.502404 0.036058 0.038462
0 0.669471 0.510817 0.031250 0.043269
0 0.323918 0.428486 0.039663 0.037260
0 0.546875 0.516827 0.048077 0.038462
0 0.568900 0.584507 0.046911 0.029183
