0 0.801082 0.481971 0.046875 0.069712
0 0.072115 0.477163 0.062500 0.091346
0 0.522837 0.504207 0.050481 0.087740
0 0.314904 0.472356 0.045673 0.067308
0 0.900841 0.485577 0.044471 0.067308
0 0.606370 0.480769 0.039663 0.067308
0 0.128606 0.497596 0.048077 0.048077
0 0.406250 0.493990 0.026442 0.045673
0 0.439904 0.492788 0.028846 0.038462
0 0.181490 0.490986 0.028846 0.049279
0 0.847957 0.481971 0.046875 0.067308
0 0.382212 0.484375 0.016827 0.060096
0 0.478365 0.490986 0.038462 0.037260
0 0.651442 0.501202 0.028846 0.043269
0 0.351160 0.495397 0.041286 0.036755
0 0.563197 0.493696 0.041274 0.041286
0 0.755439 0.475036 0.059363 0.058245
