0 0.830529 0.495793 0.043269 0.078125
0 0.140024 0.543870 0.034856 0.116587
0 0.509014 0.509014 0.039663 0.042067
0 0.448317 0.497596 0.048077 0.067308
0 0.942909 0.496394 0.037260 0.069712
0 0.894832 0.511418 0.046875 0.046875
0 0.039062 0.496995 0.032452 0.063702
0 0.554688 0.495793 0.032452 0.078125
0 0.067308 0.508413 0.021635 0.040865
0 0.087740 0.507812 0.019231 0.044471
0 0.275240 0.502404 0.043269 0.067308
0 0.796274 0.525841 0.018029 0.046875
0 0.740385 0.496995 0.043269 0.058894
0 0.112981 0.500601 0.016827 0.061298
0 0.776394 0.503876 0.032139 0.073522
