0 0.455529 0.598558 0.043269 0.048077
0 0.600962 0.601562 0.052885 0.051683
0 0.508413 0.618990 0.043269 0.050481
0 0.170072 0.466346 0.099760 0.100962
0 0.448918 0.315505 0.042067 0.046875
0 0.736779 0.323317 0.050481 0.048077
0 0.599760 0.321514 0.052885 0.049279
0 0.281250 0.474760 0.040865 0.043269
0 0.604657 0.458395 0.055060 0.045276
0 0.449519 0.459135 0.048077 0.048077
0 0.664062 0.348558 0.025240 0.038462
0 0.802885 0.473558 0.026442 0.045673
0 0.627404 0.683894 0.040865 0.028846
0 0.514423 0.472356 0.026442 0.033654
0 0.646635 0.626202 0.038462 0.045673
0 0.735805 0.459736 0.049279 0.044471
0 0.665913 0.476490 0.030337 0.036707
0 0.485577 0.477163 0.024038 0.036058
0 0.524038 0.683293 0.028846 0.030048
0 0.804688 0.700721 0.032452 0.031250
0 0.670072 0.682692 0.030048 0.026442
0 0.487981 0.336538 0.026442 0.036058
0 0.765625 0.701322 0.038462 0.034856
0 0.804279 0.346683 0.026058 0.035937
0 0.459135 0.683894 0.050481 0.033654
0 0.515625 0.336538 0.028846 0.040865
0 0.771034 0.626202 0.030048 0.064904
0 0.731208 0.605108 0.048834 0.045937
0 0.349760 0.400240 0.062500 0.235577
0 0.639838 0.478792 0.027993 0.035829
0 0.773059 0.480475 0.031719 0.036190
0 0.634525 0.349117 0.027416 0.034387
0 0.776364 0.341490 0.027296 0.031538
0 0.791034 0.609369 0.019615 0.029772
0 0.843858 0.391887 0.044231 0.256442
