0 0.811298 0.790264 0.052885 0.063702
0 0.620793 0.181490 0.066106 0.060096
0 0.608774 0.910457 0.068510 0.066106
0 0.417067 0.669471 0.069712 0.081731
0 0.218149 0.180889 0.042067 0.080529
0 0.069111 0.905649 0.054087 0.063702
0 0.451322 0.064904 0.051683 0.057692
0 0.048077 0.478365 0.040865 0.072115
0 0.049880 0.668269 0.049279 0.057692
0 0.281250 0.291466 0.036058 0.080529
0 0.051082 0.055288 0.056490 0.067308
0 0.456130 0.296875 0.042067 0.079327
0 0.772837 0.189303 0.040865 0.068510
0 0.057692 0.811016 0.045673 0.124435
0 0.781851 0.906250 0.039663 0.067308
0 0.737380 0.312500 0.025240 0.045673
0 0.263822 0.203125 0.032452 0.045673
0 0.504808 0.901442 0.026442 0.067308
0 0.542067 0.797476 0.028846 0.039663
0 0.972957 0.793269 0.044471 0.062500
0 0.139423 0.679087 0.031250 0.038462
0 0.470553 0.671875 0.034856 0.074519
0 0.207332 0.899038 0.037260 0.081731
0 0.612380 0.308894 0.056490 0.062500
0 0.740986 0.797476 0.034856 0.037260
0 0.858774 0.794471 0.032452 0.045673
0 0.318510 0.313702 0.024038 0.038462
0 0.682692 0.777043 0.038462 0.073317
0 0.072115 0.313101 0.024038 0.034856
0 0.068540 0.192909 0.036118 0.046875
0 0.496394 0.313101 0.026442 0.046875
0 0.541466 0.177284 0.039663 0.066106
0 0.144832 0.176082 0.030048 0.070913
0 0.278846 0.680288 0.021635 0.038462
0 0.302885 0.812500 0.033654 0.062500
0 0.104567 0.188101 0.038462 0.046875
0 0.450120 0.799279 0.032452 0.040865
0 0.431490 0.483774 0.021635 0.061298
0 0.352163 0.791466 0.024038 0.058894
0 0.510216 0.676082 0.022837 0.037260
0 0.698317 0.314303 0.036058 0.037260
0 0.272236 0.063702 0.037260 0.045673
0 0.375000 0.490385 0.028846 0.055288
0 0.418269 0.905649 0.021635 0.063702
0 0.129207 0.801082 0.034856 0.037260
0 0.039663 0.301683 0.028846 0.048077
0 0.456130 0.490385 0.013221 0.045673
0 0.530048 0.078726 0.026442 0.046875
0 0.184495 0.491587 0.032452 0.050481
0 0.734375 0.902043 0.036058 0.070913
0 0.234375 0.309495 0.043269 0.044471
0 0.255409 0.669471 0.025240 0.062500
0 0.146034 0.913462 0.020433 0.043269
0 0.737380 0.185096 0.018029 0.052885
0 0.668870 0.194111 0.030048 0.034856
0 0.313101 0.899038 0.034856 0.050481
0 0.624399 0.668870 0.027644 0.054087
0 0.106370 0.682091 0.030048 0.032452
0 0.901442 0.800481 0.028846 0.036058
0 0.493389 0.079327 0.027644 0.043269
0 0.506010 0.188101 0.028846 0.044471
0 0.374399 0.299880 0.027644 0.066106
0 0.613606 0.064303 0.048077 0.063702
0 0.429688 0.188101 0.030048 0.054087
0 0.204327 0.661659 0.026442 0.063702
0 0.168870 0.797476 0.027644 0.034856
0 0.649038 0.796274 0.024038 0.037260
0 0.302885 0.679688 0.026442 0.032452
0 0.772236 0.681490 0.025240 0.028846
0 0.391827 0.914062 0.014423 0.054087
0 0.235577 0.493990 0.033654 0.043269
0 0.800481 0.674880 0.024038 0.042067
0 0.571514 0.799880 0.022837 0.030048
0 0.703726 0.920673 0.025240 0.036058
0 0.272837 0.799880 0.024038 0.032452
0 0.099760 0.300481 0.031250 0.057692
0 0.117788 0.915264 0.026442 0.039663
0 0.563702 0.674279 0.026442 0.062500
0 0.703726 0.192909 0.025240 0.044471
0 0.325313 0.198161 0.059279 0.038678
0 0.390625 0.070913 0.024038 0.055288
0 0.137620 0.311298 0.030048 0.036058
0 0.591148 0.482536 0.040781 0.066178
0 0.087740 0.496995 0.028846 0.034856
0 0.121394 0.493389 0.024038 0.034856
0 0.194111 0.305889 0.027644 0.046875
0 0.394832 0.801683 0.020433 0.038462
0 0.621394 0.797476 0.021635 0.037260
0 0.350619 0.072121 0.042007 0.042055
0 0.770433 0.299880 0.028846 0.063702
0 0.494591 0.513822 0.046875 0.109375
0 0.170673 0.066106 0.019231 0.045673
0 0.463341 0.918269 0.018029 0.040865
0 0.481971 0.920673 0.019231 0.036058
0 0.444712 0.909255 0.014423 0.056490
0 0.198317 0.072716 0.031250 0.034856
0 0.533654 0.920673 0.026442 0.040865
0 0.936298 0.785457 0.021635 0.054087
0 0.141827 0.073317 0.024038 0.033654
0 0.468149 0.191707 0.032452 0.049279
0 0.663462 0.920072 0.033654 0.039663
0 0.172476 0.680288 0.030048 0.033654
0 0.598558 0.801683 0.024038 0.028846
0 0.359976 0.183894 0.020433 0.048077
0 0.386418 0.187500 0.032452 0.045673
0 0.347356 0.308894 0.021635 0.050481
0 0.659255 0.317909 0.034856 0.032452
0 0.557692 0.072716 0.024038 0.037260
0 0.669886 0.498972 0.028906 0.042200
0 0.251803 0.906851 0.025240 0.032452
0 0.404447 0.501803 0.027644 0.030048
0 0.227163 0.667067 0.016827 0.043269
0 0.727740 0.679567 0.049663 0.035409
0 0.535457 0.677885 0.020433 0.038462
0 0.423077 0.790865 0.021635 0.052885
0 0.365986 0.911659 0.015625 0.049279
0 0.493990 0.784255 0.028846 0.068510
0 0.112981 0.075120 0.026442 0.034856
0 0.590144 0.684495 0.026442 0.032452
0 0.634802 0.493744 0.026454 0.028690
0 0.539062 0.319111 0.046875 0.034856
0 0.658017 0.670535 0.026274 0.049892
0 0.274038 0.497596 0.043269 0.043269
0 0.165865 0.308894 0.019231 0.031250
0 0.049880 0.170168 0.044471 0.063894
0 0.677632 0.678702 0.025385 0.038870
0 0.178371 0.896484 0.034627 0.082031
0 0.321544 0.078870 0.024627 0.029231
0 0.295433 0.074928 0.022332 0.036130
0 0.080763 0.070505 0.027921 0.045433
0 0.581148 0.075938 0.021142 0.031971
0 0.479724 0.501466 0.027957 0.038678
0 0.526292 0.497200 0.031046 0.034856
0 0.604820 0.499922 0.028678 0.033041
0 0.654111 0.486941 0.018702 0.054651
0 0.144099 0.499946 0.025312 0.030637
0 0.078636 0.680469 0.023762 0.043437
0 0.095042 0.802476 0.031935 0.039615
0 0.248708 0.787873 0.037272 0.055913
0 0.376929 0.804255 0.018017 0.046899
0 0.513924 0.785343 0.030397 0.071767
0 0.711094 0.798221 0.032933 0.042644
0 0.343750 0.923395 0.034183 0.038618
