0 0.314904 0.454327 0.076923 0.076923
0 0.187500 0.465745 0.055288 0.073317
0 0.338942 0.542668 0.026442 0.046875
0 0.773438 0.546875 0.032452 0.040865
0 0.830529 0.547476 0.045673 0.044471
0 0.181490 0.542668 0.038462 0.046875
0 0.678486 0.550481 0.037260 0.036058
0 0.508413 0.534856 0.026442 0.055288
0 0.439904 0.545072 0.026442 0.032452
0 0.567909 0.536058 0.030048 0.057692
0 0.368990 0.549279 0.028846 0.031250
0 0.478365 0.549279 0.024038 0.038462
0 0.301082 0.552284 0.032452 0.027644
0 0.727764 0.545673 0.037260 0.040865
0 0.603966 0.536659 0.027644 0.054087
0 0.400841 0.550481 0.032452 0.031250
0 0.368756 0.475475 0.046550 0.055421
0 0.274363 0.540319 0.041010 0.051358
0 0.226887 0.492656 0.021418 0.015889
0 0.531310 0.545120 0.028822 0.030673
0 0.637897 0.553431 0.044712 0.033257
