0 0.524038 0.567308 0.038462 0.055288
0 0.395433 0.445913 0.026442 0.033654
0 0.585337 0.426082 0.038462 0.054087
0 0.629207 0.423678 0.039663 0.061298
0 0.566106 0.572716 0.028846 0.037260
0 0.491587 0.581731 0.021635 0.028846
0 0.598558 0.579928 0.026442 0.044471
0 0.744591 0.433894 0.037260 0.079327
0 0.316106 0.587139 0.033654 0.034856
0 0.381010 0.586538 0.028846 0.033654
0 0.438101 0.439303 0.037260 0.034856
0 0.546875 0.436298 0.028846 0.036058
0 0.515024 0.432091 0.020433 0.042067
0 0.413462 0.579928 0.021635 0.037260
0 0.669471 0.437500 0.031250 0.031250
0 0.359976 0.439904 0.025240 0.038462
0 0.285457 0.424880 0.025240 0.049279
0 0.347957 0.590745 0.027644 0.030048
0 0.276442 0.573918 0.043269 0.032452
0 0.442909 0.578726 0.022837 0.049279
0 0.481370 0.424279 0.022837 0.055288
0 0.714639 0.420018 0.042260 0.068618
0 0.311298 0.441707 0.024038 0.025240
0 0.465180 0.585457 0.017260 0.025889
