0 0.342548 0.564904 0.045673 0.064904
0 0.578726 0.420072 0.039663 0.063702
0 0.165865 0.570312 0.036058 0.066106
0 0.495192 0.567909 0.038462 0.061298
0 0.456130 0.474159 0.039663 0.111779
0 0.643630 0.582332 0.027644 0.046875
0 0.963942 0.564303 0.031250 0.044471
0 0.124399 0.432091 0.030048 0.063702
0 0.738582 0.430288 0.030048 0.055288
0 0.039663 0.572716 0.052885 0.049279
0 0.088942 0.579928 0.033654 0.044471
0 0.611178 0.433293 0.025240 0.037260
0 0.695312 0.438702 0.020433 0.033654
0 0.781250 0.563101 0.026442 0.056490
0 0.743990 0.581731 0.028846 0.033654
0 0.533053 0.582332 0.030048 0.039663
0 0.676082 0.579928 0.025240 0.030048
0 0.885817 0.441106 0.036058 0.045673
0 0.070913 0.430889 0.014423 0.046875
0 0.845553 0.420673 0.042067 0.072115
0 0.967548 0.425481 0.045673 0.069712
0 0.929688 0.573317 0.025240 0.038462
0 0.388822 0.577524 0.032452 0.042067
0 0.882212 0.579928 0.050481 0.044471
0 0.416466 0.574519 0.020433 0.045673
0 0.834736 0.579327 0.027644 0.038462
0 0.215745 0.420673 0.025240 0.055288
0 0.265024 0.438702 0.018029 0.038462
0 0.641226 0.439904 0.022837 0.036058
0 0.925481 0.442909 0.031250 0.042067
0 0.347957 0.425481 0.020433 0.060096
0 0.303486 0.436899 0.020433 0.032452
0 0.573918 0.582933 0.030048 0.038462
0 0.207332 0.573317 0.032452 0.036058
0 0.251803 0.575721 0.037260 0.043269
0 0.411058 0.430889 0.024038 0.039663
0 0.670673 0.423678 0.021635 0.066106
0 0.793269 0.439303 0.024038 0.037260
0 0.096154 0.436899 0.024038 0.042067
0 0.712139 0.574519 0.027644 0.043269
0 0.328125 0.423678 0.019231 0.063702
0 0.285457 0.426683 0.015625 0.057692
0 0.245192 0.442909 0.021635 0.042067
0 0.613582 0.584135 0.020433 0.045673
0 0.385817 0.431490 0.024038 0.028846
0 0.166466 0.431490 0.032452 0.038462
0 0.713942 0.439303 0.016827 0.032452
0 0.808293 0.573918 0.018029 0.044471
0 0.131010 0.575721 0.021635 0.040865
0 0.032452 0.417067 0.028846 0.060096
0 0.767428 0.438101 0.020433 0.037260
