0 0.147236 0.489784 0.044471 0.114183
0 0.451322 0.484375 0.025240 0.048077
0 0.582332 0.504207 0.034856 0.087740
0 0.368389 0.469351 0.025240 0.054087
0 0.310697 0.458534 0.037260 0.070913
0 0.775240 0.471154 0.028846 0.067308
0 0.027043 0.462139 0.032452 0.075721
0 0.644231 0.477764 0.036058 0.039663
0 0.944111 0.505409 0.030048 0.094952
0 0.427284 0.465144 0.020433 0.060096
0 0.096755 0.463942 0.027644 0.069712
0 0.701923 0.478365 0.028846 0.043269
0 0.737981 0.481370 0.036058 0.044471
0 0.299279 0.560697 0.028846 0.034856
0 0.064904 0.472957 0.026442 0.051683
0 0.484375 0.475962 0.024038 0.048077
0 0.197115 0.478365 0.028846 0.040865
0 0.253005 0.559495 0.039663 0.042067
0 0.510817 0.462740 0.024038 0.069712
0 0.879207 0.469952 0.027644 0.052885
0 0.341346 0.480769 0.024038 0.031250
0 0.399639 0.481370 0.025240 0.034856
0 0.977163 0.477764 0.028846 0.044471
0 0.805288 0.477163 0.026442 0.038462
0 0.323918 0.531851 0.027644 0.022837
0 0.614784 0.476562 0.022837 0.039663
0 0.913462 0.479567 0.028846 0.033654
0 0.831731 0.478966 0.026442 0.030048
0 0.533053 0.480168 0.020433 0.030048
0 0.122776 0.477939 0.011827 0.044820
0 0.170559 0.478804 0.033498 0.096310
0 0.558978 0.475108 0.028077 0.036707
