0 0.957332 0.523438 0.051683 0.102163
0 0.051082 0.478365 0.061298 0.067308
0 0.264423 0.479567 0.057692 0.076923
0 0.799279 0.488582 0.038462 0.068510
0 0.683894 0.485577 0.040865 0.052885
0 0.551082 0.492188 0.027644 0.042067
0 0.463942 0.489183 0.021635 0.055288
0 0.905048 0.493990 0.050481 0.043269
0 0.847957 0.497596 0.054087 0.038462
0 0.390625 0.494591 0.031250 0.042067
0 0.585938 0.494591 0.027644 0.034856
0 0.753606 0.495192 0.028846 0.036058
0 0.332332 0.500601 0.037260 0.039663
0 0.520433 0.477764 0.026442 0.061298
0 0.494591 0.481370 0.025240 0.066106
0 0.426082 0.500000 0.039663 0.036058
0 0.296208 0.499105 0.039411 0.051719
0 0.717055 0.495102 0.044784 0.041046
