0 0.882212 0.487981 0.033654 0.110577
0 0.028245 0.456130 0.025240 0.075721
0 0.522837 0.475361 0.024038 0.046875
0 0.433293 0.477163 0.020433 0.043269
0 0.974760 0.510216 0.024038 0.116587
0 0.285457 0.510216 0.030048 0.114183
0 0.561298 0.468750 0.033654 0.052885
0 0.233774 0.487380 0.022837 0.037260
0 0.735577 0.474760 0.021635 0.040865
0 0.101562 0.504207 0.025240 0.082933
0 0.687500 0.484375 0.024038 0.045673
0 0.829928 0.472957 0.018029 0.039663
0 0.159856 0.468750 0.014423 0.060096
0 0.385216 0.483774 0.025240 0.039663
0 0.631611 0.468750 0.020433 0.038462
0 0.908978 0.479543 0.017476 0.043317
0 0.058894 0.481971 0.024038 0.033654
0 0.458534 0.459135 0.022837 0.074519
0 0.138822 0.474760 0.022837 0.045673
0 0.490385 0.477764 0.026442 0.046875
0 0.361178 0.466947 0.015625 0.061298
0 0.854567 0.482572 0.019231 0.037260
0 0.951322 0.468149 0.022837 0.051683
0 0.655048 0.476562 0.019231 0.037260
0 0.408654 0.481971 0.019231 0.045673
0 0.803486 0.477764 0.022837 0.030048
0 0.205529 0.463341 0.024038 0.063702
0 0.713942 0.478365 0.021635 0.031250
0 0.770433 0.465144 0.038462 0.060096
0 0.343149 0.472356 0.020433 0.043269
0 0.183293 0.477764 0.020433 0.034856
0 0.123413 0.469706 0.019207 0.057151
0 0.264910 0.478083 0.026358 0.029555
0 0.923756 0.481406 0.019459 0.024375
