0 0.331731 0.412861 0.055288 0.056490
0 0.490385 0.412861 0.040865 0.075721
0 0.474760 0.558894 0.060096 0.057692
0 0.042668 0.409255 0.030048 0.068510
0 0.560697 0.418870 0.039663 0.056490
0 0.642428 0.552284 0.027644 0.056490
0 0.091346 0.581731 0.024038 0.055288
0 0.338942 0.554087 0.028846 0.069712
0 0.405649 0.559495 0.037260 0.070913
0 0.366587 0.582332 0.024038 0.058894
0 0.676683 0.556490 0.038462 0.055288
0 0.263221 0.418269 0.045673 0.062500
0 0.930288 0.558894 0.033654 0.057692
0 0.869591 0.552284 0.042067 0.061298
0 0.025841 0.554688 0.030048 0.063702
0 0.063702 0.553486 0.028846 0.066106
0 0.126202 0.554087 0.026442 0.052885
0 0.808293 0.560096 0.030048 0.040865
0 0.188702 0.554087 0.031250 0.055288
0 0.155048 0.558894 0.031250 0.055288
0 0.966346 0.545673 0.031250 0.040865
0 0.590144 0.554688 0.038462 0.066106
0 0.203125 0.415865 0.033654 0.064904
0 0.078125 0.395433 0.026442 0.043269
0 0.714543 0.555889 0.037260 0.049279
0 0.227163 0.554087 0.038462 0.067308
0 0.524038 0.442909 0.026442 0.054087
0 0.288462 0.551683 0.026442 0.045673
0 0.139423 0.424279 0.026442 0.045673
0 0.548678 0.560096 0.030048 0.062500
0 0.605769 0.396635 0.028846 0.038462
0 0.750601 0.543269 0.025240 0.033654
0 0.994591 0.546875 0.010817 0.052885
0 0.894988 0.580986 0.026322 0.051274
0 0.612861 0.580559 0.022909 0.042320
