0 0.040865 0.478966 0.045673 0.085337
0 0.858173 0.486178 0.024038 0.049279
0 0.780649 0.483173 0.030048 0.057692
0 0.966947 0.502404 0.039663 0.033654
0 0.217548 0.506010 0.028846 0.031250
0 0.311899 0.527644 0.022837 0.086538
0 0.716346 0.492188 0.024038 0.034856
0 0.890625 0.485577 0.024038 0.052885
0 0.161058 0.483774 0.021635 0.066106
0 0.567308 0.509014 0.031250 0.049279
0 0.185697 0.500601 0.027644 0.039663
0 0.259014 0.500601 0.022837 0.087740
0 0.651442 0.491587 0.014423 0.048077
0 0.626202 0.501803 0.021635 0.034856
0 0.668870 0.497596 0.020433 0.031250
0 0.597957 0.501202 0.022837 0.031250
0 0.929688 0.500601 0.030048 0.025240
0 0.359976 0.498798 0.022837 0.036058
0 0.120793 0.489183 0.034856 0.060096
0 0.339543 0.499399 0.018029 0.027644
0 0.083534 0.500000 0.030048 0.033654
0 0.290865 0.490385 0.016827 0.048077
0 0.830529 0.500601 0.024038 0.022837
0 0.484375 0.492788 0.019231 0.045673
0 0.455529 0.494591 0.026442 0.042067
0 0.691106 0.483173 0.019231 0.062500
0 0.545096 0.499675 0.021274 0.026154
0 0.803167 0.507374 0.025493 0.022921
0 0.913185 0.491803 0.017572 0.046370
