0 0.452524 0.682091 0.056490 0.058894
0 0.706130 0.680889 0.066106 0.063702
0 0.262620 0.326322 0.044471 0.073317
0 0.274639 0.678486 0.061298 0.058894
0 0.525240 0.540865 0.055288 0.062500
0 0.280649 0.536058 0.054087 0.062500
0 0.411659 0.540264 0.051683 0.061298
0 0.372596 0.351562 0.031250 0.034856
0 0.334135 0.339543 0.033654 0.058894
0 0.716947 0.539663 0.073317 0.062500
0 0.578125 0.551683 0.050481 0.040865
0 0.566707 0.328726 0.039663 0.070913
0 0.470553 0.550481 0.039663 0.036058
0 0.362380 0.535457 0.039663 0.058894
0 0.501803 0.332933 0.051683 0.036058
0 0.696514 0.379808 0.027644 0.048077
0 0.396635 0.690505 0.050481 0.042067
0 0.420673 0.350361 0.052885 0.039663
0 0.338341 0.692909 0.042067 0.037260
0 0.657452 0.370192 0.043269 0.031250
0 0.743389 0.370793 0.034856 0.037260
0 0.503005 0.692909 0.039663 0.039663
0 0.302885 0.356370 0.026442 0.034856
0 0.626202 0.549279 0.024038 0.043269
0 0.621394 0.367788 0.024038 0.024038
0 0.586538 0.686899 0.028846 0.034856
0 0.318095 0.555649 0.042488 0.041010
0 0.593888 0.364459 0.028810 0.036947
0 0.722458 0.365565 0.015517 0.042861
