0 0.293870 0.627404 0.042067 0.096154
0 0.633413 0.665865 0.050481 0.125000
0 0.489183 0.337139 0.043269 0.058894
0 0.622596 0.478365 0.040865 0.062500
0 0.218149 0.439904 0.032452 0.093750
0 0.299279 0.486178 0.026442 0.034856
0 0.372596 0.482572 0.033654 0.058894
0 0.282452 0.408654 0.024038 0.057692
0 0.703726 0.490385 0.044471 0.036058
0 0.564303 0.351562 0.032452 0.032452
0 0.227163 0.332332 0.036058 0.073317
0 0.413462 0.477163 0.026442 0.060096
0 0.331130 0.489183 0.032452 0.031250
0 0.341947 0.417067 0.030048 0.033654
0 0.438702 0.349159 0.028846 0.027644
0 0.259615 0.335337 0.028846 0.064904
0 0.365986 0.629808 0.034856 0.040865
0 0.369591 0.331130 0.027644 0.061298
0 0.585938 0.487981 0.025240 0.031250
0 0.471755 0.418870 0.027644 0.032452
0 0.564303 0.617788 0.027644 0.055288
0 0.641226 0.350361 0.034856 0.030048
0 0.258413 0.475962 0.038462 0.060096
0 0.251803 0.417067 0.030048 0.040865
0 0.326322 0.332933 0.037260 0.064904
0 0.397236 0.628606 0.025240 0.048077
0 0.477163 0.490986 0.026442 0.034856
0 0.525240 0.348558 0.028846 0.036058
0 0.661659 0.491587 0.030048 0.028846
0 0.446514 0.484976 0.020433 0.037260
0 0.509014 0.625000 0.022837 0.045673
0 0.469351 0.635216 0.046875 0.034856
0 0.373197 0.420072 0.030048 0.032452
0 0.549880 0.493389 0.022837 0.027644
0 0.505409 0.426082 0.037260 0.037260
0 0.605168 0.347356 0.018029 0.043269
0 0.789062 0.490986 0.032452 0.032452
0 0.515625 0.496394 0.031250 0.031250
0 0.593750 0.619591 0.019231 0.054087
0 0.747596 0.489183 0.036058 0.038462
0 0.441707 0.411659 0.025240 0.049279
0 0.408053 0.424279 0.030048 0.031250
0 0.401442 0.346755 0.026442 0.025240
0 0.310096 0.424279 0.021635 0.031250
0 0.289663 0.345553 0.031250 0.037260
0 0.326454 0.633888 0.026274 0.031526
