0 0.188101 0.581731 0.066106 0.072115
0 0.569712 0.485577 0.050481 0.088942
0 0.526442 0.573918 0.052885 0.068510
0 0.647236 0.582332 0.044471 0.066106
0 0.332933 0.571514 0.055288 0.058894
0 0.702524 0.579928 0.044471 0.068510
0 0.846755 0.573317 0.049279 0.079327
0 0.353365 0.428486 0.052885 0.073317
0 0.802885 0.600361 0.033654 0.037260
0 0.435000 0.571809 0.067308 0.083137
0 0.444111 0.437500 0.042067 0.064904
0 0.810096 0.433293 0.038462 0.085337
0 0.707332 0.430889 0.034856 0.061298
0 0.215144 0.436298 0.031250 0.079327
0 0.741587 0.427885 0.024038 0.081731
0 0.747596 0.575120 0.043269 0.058894
0 0.182091 0.451923 0.027644 0.040865
0 0.574519 0.590144 0.043269 0.045673
0 0.656851 0.440505 0.032452 0.063702
0 0.766226 0.454928 0.025240 0.039663
0 0.386394 0.467999 0.044327 0.049868
0 0.532512 0.440841 0.063918 0.067236
0 0.369585 0.615036 0.029916 0.052091
0 0.785793 0.465463 0.013197 0.044171
0 0.778305 0.577536 0.028678 0.074880
