0 0.481370 0.457933 0.044471 0.072115
0 0.026442 0.468750 0.031250 0.067308
0 0.374399 0.474760 0.027644 0.045673
0 0.705529 0.478365 0.024038 0.043269
0 0.318510 0.463942 0.024038 0.074519
0 0.186899 0.466346 0.015625 0.062500
0 0.289663 0.477163 0.024038 0.043269
0 0.106971 0.476562 0.026442 0.042067
0 0.346154 0.463942 0.026442 0.069712
0 0.674880 0.504808 0.030048 0.093750
0 0.793870 0.460337 0.034856 0.067308
0 0.877404 0.476562 0.026442 0.042067
0 0.975962 0.465745 0.014423 0.056490
0 0.823317 0.477163 0.021635 0.043269
0 0.891827 0.546274 0.024038 0.034856
0 0.534255 0.466947 0.022837 0.063702
0 0.577524 0.476562 0.018029 0.037260
0 0.920072 0.545673 0.020433 0.036058
0 0.054688 0.475962 0.022837 0.036058
0 0.257212 0.462740 0.031250 0.081731
0 0.407452 0.475962 0.014423 0.038462
0 0.208534 0.468750 0.015625 0.050481
0 0.798083 0.541581 0.036070 0.063930
0 0.079327 0.476562 0.019231 0.037260
0 0.159255 0.483173 0.022837 0.040865
0 0.598558 0.459736 0.016827 0.068510
0 0.903245 0.478365 0.022837 0.038462
0 0.847957 0.477764 0.020433 0.034856
0 0.865385 0.546274 0.016827 0.037260
0 0.942308 0.539663 0.024038 0.062500
0 0.843149 0.549880 0.020433 0.034856
0 0.641400 0.469681 0.030781 0.095325
0 0.623798 0.483173 0.021635 0.043269
0 0.951923 0.463942 0.019231 0.072115
0 0.727764 0.477764 0.020433 0.037260
0 0.558894 0.477163 0.016827 0.033654
0 0.133413 0.478966 0.019231 0.039663
0 0.929688 0.483173 0.020433 0.038462
0 0.510589 0.477969 0.022548 0.042692
0 0.659423 0.471118 0.012957 0.057764
0 0.818444 0.554249 0.029002 0.045325
