0 0.510817 0.550481 0.040865 0.086538
0 0.565505 0.447115 0.054087 0.055288
0 0.810697 0.554087 0.051683 0.093750
0 0.248798 0.454327 0.033654 0.100962
0 0.334135 0.447115 0.026442 0.031250
0 0.176082 0.507212 0.034856 0.048077
0 0.389423 0.525240 0.028846 0.028846
0 0.180889 0.426082 0.049279 0.063702
0 0.721755 0.521034 0.032452 0.039663
0 0.552284 0.512019 0.027644 0.055288
0 0.293870 0.514423 0.034856 0.055288
0 0.679688 0.510817 0.037260 0.062500
0 0.332933 0.509014 0.026442 0.051683
0 0.304087 0.434495 0.021635 0.056490
0 0.209135 0.521635 0.026442 0.026442
0 0.580529 0.519832 0.028846 0.034856
0 0.419471 0.447115 0.026442 0.036058
0 0.611779 0.451322 0.031250 0.032452
0 0.391827 0.432692 0.028846 0.057692
0 0.609976 0.515024 0.020433 0.049279
0 0.423678 0.530048 0.032452 0.033654
0 0.464543 0.519832 0.037260 0.042067
0 0.457933 0.453125 0.036058 0.031250
0 0.644832 0.454327 0.030048 0.028846
0 0.640625 0.519832 0.033654 0.037260
0 0.245192 0.524038 0.033654 0.031250
0 0.361779 0.520433 0.014423 0.024038
0 0.363582 0.428486 0.020433 0.051683
0 0.216034 0.452404 0.030048 0.030288
0 0.277608 0.453017 0.023654 0.035962
0 0.772915 0.521611 0.036046 0.033678
