0 0.721755 0.724159 0.037260 0.090144
0 0.492188 0.442308 0.034856 0.088942
0 0.685096 0.304087 0.036058 0.096154
0 0.635216 0.304087 0.037260 0.088942
0 0.762019 0.425481 0.045673 0.064904
0 0.262019 0.734375 0.031250 0.091346
0 0.592127 0.131575 0.051274 0.082548
0 0.806641 0.873492 0.044700 0.096430
0 0.602764 0.585938 0.027644 0.080529
0 0.589543 0.731370 0.030048 0.099760
0 0.551683 0.562500 0.024038 0.038462
0 0.761418 0.700721 0.027644 0.033654
0 0.617188 0.410457 0.027644 0.054087
0 0.093149 0.425481 0.034856 0.103365
0 0.203726 0.417668 0.025240 0.042067
0 0.435096 0.695913 0.024038 0.050481
0 0.065505 0.835337 0.030048 0.057692
0 0.117188 0.836538 0.025240 0.057692
0 0.334135 0.412861 0.026442 0.058894
0 0.510817 0.266226 0.026442 0.061298
0 0.648438 0.409255 0.027644 0.068510
0 0.545072 0.262019 0.027644 0.060096
0 0.332933 0.125601 0.031250 0.063702
0 0.525469 0.123582 0.050481 0.060096
0 0.233774 0.695312 0.025240 0.056490
0 0.314904 0.561298 0.024038 0.038462
0 0.060096 0.410457 0.031250 0.058894
0 0.445312 0.138822 0.034856 0.037260
0 0.474159 0.839543 0.022837 0.044471
0 0.525240 0.548678 0.024038 0.061298
0 0.149639 0.123798 0.032452 0.060096
0 0.233173 0.418269 0.026442 0.038462
0 0.393029 0.277644 0.026442 0.036058
0 0.974159 0.416466 0.037260 0.039663
0 0.201923 0.282452 0.033654 0.033654
0 0.675481 0.409856 0.024038 0.057692
0 0.195913 0.709135 0.038462 0.050481
0 0.295072 0.265625 0.030048 0.060096
0 0.495192 0.562500 0.026442 0.031250
0 0.052885 0.550481 0.026442 0.067308
0 0.253005 0.281250 0.044471 0.038462
0 0.414663 0.131611 0.024038 0.042067
0 0.092548 0.131010 0.014423 0.050481
0 0.166466 0.278245 0.025240 0.046875
0 0.157452 0.549880 0.021635 0.061298
0 0.218750 0.554087 0.021635 0.057692
0 0.097957 0.547476 0.039663 0.061298
0 0.065505 0.271034 0.042067 0.063702
0 0.133077 0.277572 0.039663 0.073317
0 0.724159 0.416466 0.027644 0.037260
0 0.475962 0.277043 0.028846 0.039663
0 0.801683 0.420072 0.026442 0.039663
0 0.526442 0.417067 0.024038 0.038462
0 0.418870 0.420673 0.025240 0.038462
0 0.295673 0.695312 0.019231 0.056490
0 0.938702 0.413462 0.024038 0.038462
0 0.820913 0.698918 0.038462 0.078125
0 0.659856 0.548678 0.021635 0.056490
0 0.069111 0.688702 0.030048 0.060096
0 0.346755 0.707933 0.034856 0.033654
0 0.132212 0.560096 0.026442 0.026442
0 0.875601 0.419471 0.027644 0.036058
0 0.644832 0.705529 0.030048 0.033654
0 0.635817 0.561298 0.024038 0.036058
0 0.450120 0.406250 0.022837 0.067308
0 0.159255 0.706731 0.022837 0.038462
0 0.909856 0.406250 0.031250 0.057692
0 0.670673 0.841947 0.021635 0.037260
0 0.743990 0.843149 0.024038 0.034856
0 0.388221 0.120793 0.024038 0.063702
0 0.390625 0.420673 0.024038 0.038462
0 0.790264 0.561298 0.022837 0.038462
0 0.858173 0.702524 0.031250 0.044471
0 0.243389 0.550481 0.025240 0.060096
0 0.323317 0.275841 0.021635 0.032452
0 0.618389 0.705529 0.022837 0.040865
0 0.279447 0.849159 0.027644 0.027644
0 0.817308 0.548077 0.021635 0.062500
0 0.734976 0.552885 0.013221 0.052885
0 0.700120 0.406250 0.020433 0.055288
0 0.316106 0.708534 0.021635 0.037260
0 0.121394 0.409856 0.019231 0.052885
0 0.850361 0.414663 0.015625 0.048077
0 0.573317 0.278245 0.026442 0.034856
0 0.212740 0.129207 0.014423 0.046875
0 0.545072 0.697716 0.020433 0.049279
0 0.566106 0.701322 0.016827 0.046875
0 0.248353 0.140865 0.047187 0.038942
0 0.365986 0.830529 0.030048 0.062500
0 0.263221 0.420072 0.031250 0.034856
0 0.521635 0.694111 0.024038 0.056490
0 0.493990 0.707933 0.028846 0.028846
0 0.098558 0.728365 0.028846 0.086538
0 0.617788 0.831731 0.024038 0.057692
0 0.465745 0.555288 0.015625 0.045673
0 0.688702 0.135817 0.026442 0.043269
0 0.713942 0.828726 0.026442 0.066106
0 0.688101 0.561298 0.022837 0.033654
0 0.150240 0.843149 0.026442 0.039663
0 0.093750 0.841947 0.016827 0.049279
0 0.185096 0.558293 0.028846 0.049279
0 0.364183 0.412861 0.021635 0.042067
0 0.717548 0.135216 0.021635 0.030048
0 0.396635 0.843149 0.028846 0.032452
0 0.015024 0.413462 0.015625 0.021635
0 0.438269 0.849038 0.048245 0.034615
0 0.540865 0.843750 0.028846 0.038462
0 0.712740 0.558293 0.021635 0.037260
0 0.246995 0.848558 0.025240 0.036058
0 0.461538 0.703125 0.026442 0.040865
0 0.757812 0.558894 0.030048 0.055288
0 0.115986 0.131611 0.027644 0.032452
0 0.066707 0.132812 0.025240 0.049279
0 0.753606 0.132212 0.031250 0.031250
0 0.131611 0.706731 0.022837 0.038462
0 0.308293 0.847957 0.022837 0.032452
0 0.180288 0.843149 0.024038 0.042067
0 0.355168 0.280048 0.037260 0.036058
0 0.168870 0.422476 0.025240 0.034856
0 0.503606 0.847356 0.028846 0.036058
0 0.026442 0.131010 0.021635 0.021635
0 0.365373 0.136418 0.020433 0.042067
0 0.827524 0.425481 0.022837 0.031250
0 0.373798 0.582332 0.021635 0.030048
0 0.427464 0.557109 0.059255 0.054123
0 0.024038 0.695312 0.019231 0.020433
0 0.689303 0.835938 0.015625 0.049279
0 0.288990 0.543450 0.023029 0.060865
0 0.586538 0.847356 0.026442 0.031250
0 0.786659 0.704327 0.022837 0.038462
0 0.558486 0.136689 0.024952 0.032344
0 0.620721 0.132416 0.027260 0.039567
0 0.101791 0.282218 0.023750 0.029627
0 0.137175 0.421833 0.025168 0.035108
0 0.470757 0.413888 0.017043 0.050565
0 0.551250 0.421298 0.030938 0.035745
0 0.607494 0.281412 0.029363 0.030998
0 0.662620 0.269639 0.015120 0.051538
0 0.579778 0.562434 0.026959 0.034435
0 0.335331 0.569069 0.022680 0.024483
0 0.265270 0.552103 0.030325 0.056418
0 0.563738 0.844736 0.024832 0.042212
0 0.641947 0.845156 0.025240 0.035168
0 0.779844 0.839050 0.029591 0.032067
