0 0.404447 0.530649 0.058894 0.097356
0 0.070913 0.483173 0.040865 0.081731
0 0.918870 0.489183 0.058894 0.067308
0 0.654447 0.489183 0.049279 0.069712
0 0.593149 0.490385 0.044471 0.067308
0 0.304087 0.488582 0.052885 0.068510
0 0.838341 0.496995 0.061298 0.049279
0 0.469351 0.501803 0.044471 0.046875
0 0.232572 0.498798 0.046875 0.045673
0 0.164062 0.490385 0.032452 0.064904
0 0.763221 0.500601 0.060096 0.042067
0 0.112981 0.500601 0.038462 0.054087
0 0.712139 0.503005 0.039663 0.044471
0 0.349760 0.492788 0.038462 0.052885
0 0.189567 0.497951 0.028077 0.049748
