0 0.710938 0.520433 0.032452 0.100962
0 0.063702 0.477764 0.024038 0.061298
0 0.367788 0.477163 0.033654 0.067308
0 0.977764 0.487380 0.020433 0.037260
0 0.212740 0.496394 0.031250 0.033654
0 0.112380 0.493389 0.018029 0.030048
0 0.180288 0.492188 0.024038 0.039663
0 0.954928 0.487981 0.020433 0.031250
0 0.534856 0.489183 0.019231 0.031250
0 0.415865 0.490385 0.019231 0.031250
0 0.895769 0.492133 0.024712 0.027752
0 0.860180 0.478041 0.026442 0.057692
0 0.434928 0.490986 0.016827 0.032452
0 0.090745 0.481971 0.018029 0.062500
0 0.779447 0.474159 0.015625 0.046875
0 0.299111 0.496130 0.028846 0.042067
0 0.626202 0.490986 0.019231 0.034856
0 0.257812 0.478966 0.025240 0.056490
0 0.649038 0.477764 0.021635 0.058894
0 0.813582 0.487272 0.014663 0.027861
0 0.673143 0.489405 0.016959 0.031695
0 0.492188 0.484375 0.018029 0.045673
0 0.475697 0.492578 0.018029 0.025733
0 0.131611 0.492788 0.020433 0.033654
0 0.568263 0.492662 0.014315 0.031719
0 0.760216 0.481370 0.018029 0.030048
0 0.037861 0.486178 0.020433 0.046875
0 0.933293 0.477163 0.022837 0.055288
0 0.512620 0.492188 0.020433 0.030048
0 0.318510 0.504207 0.014423 0.020433
0 0.452031 0.481953 0.011899 0.043233
0 0.022428 0.475980 0.029856 0.073882
0 0.282284 0.489531 0.016659 0.029856
0 0.386274 0.497500 0.022644 0.034832
0 0.611400 0.484423 0.013161 0.047861
0 0.595246 0.482710 0.019147 0.045805
0 0.553876 0.489976 0.014363 0.025120
0 0.578660 0.490577 0.011623 0.027356
0 0.464483 0.477752 0.015385 0.042043
0 0.692752 0.490415 0.024207 0.029507
0 0.796605 0.482512 0.021550 0.032692
0 0.827133 0.488654 0.015300 0.033654
0 0.871929 0.497728 0.016815 0.024952
0 0.919273 0.475048 0.017007 0.056322
