0 0.257212 0.415264 0.055288 0.054087
0 0.393630 0.562500 0.049279 0.055288
0 0.649038 0.558293 0.045673 0.063702
0 0.200721 0.414062 0.052885 0.049279
0 0.484375 0.417067 0.043269 0.057692
0 0.308894 0.414663 0.048077 0.050481
0 0.141827 0.566707 0.060096 0.046875
0 0.296274 0.560697 0.049279 0.046875
0 0.816707 0.560096 0.032452 0.060096
0 0.202524 0.564904 0.022837 0.052885
0 0.489183 0.564303 0.028846 0.030048
0 0.556490 0.552284 0.040865 0.066106
0 0.784856 0.571514 0.031250 0.030048
0 0.849159 0.560697 0.030048 0.058894
0 0.450721 0.567308 0.036058 0.038462
0 0.240385 0.571514 0.036058 0.034856
0 0.042668 0.566707 0.068510 0.080529
0 0.959135 0.563702 0.038462 0.069712
0 0.519832 0.566106 0.030048 0.036058
0 0.121394 0.415264 0.036058 0.030048
0 0.746995 0.561899 0.030048 0.056490
0 0.045673 0.425481 0.064904 0.081731
0 0.881611 0.564904 0.015625 0.040865
0 0.367188 0.399038 0.037260 0.033654
0 0.540865 0.420673 0.052885 0.045673
0 0.696514 0.574519 0.030048 0.031250
0 0.420673 0.423678 0.031250 0.018029
0 0.901749 0.569862 0.033762 0.036046
0 0.933606 0.566052 0.021322 0.023858
