0 0.452524 0.428486 0.030048 0.051683
0 0.606971 0.436298 0.024038 0.038462
0 0.368990 0.433293 0.012019 0.039663
0 0.092548 0.580529 0.026442 0.057692
0 0.293678 0.427091 0.018029 0.058894
0 0.664062 0.437500 0.022837 0.033654
0 0.340144 0.430288 0.028846 0.043269
0 0.217548 0.578726 0.024038 0.037260
0 0.194712 0.581731 0.014423 0.031250
0 0.274639 0.578726 0.027644 0.044471
0 0.016827 0.580529 0.016827 0.031250
0 0.161058 0.436298 0.016827 0.033654
0 0.141226 0.429688 0.020433 0.037260
0 0.180288 0.436298 0.021635 0.028846
0 0.147837 0.573317 0.026442 0.052885
0 0.096755 0.431490 0.018029 0.031250
0 0.239183 0.424279 0.048077 0.060096
0 0.405649 0.424279 0.022837 0.057692
0 0.482572 0.439303 0.022837 0.030048
0 0.027644 0.424279 0.026442 0.057692
0 0.543870 0.438101 0.020433 0.034856
0 0.737981 0.443510 0.024038 0.026442
0 0.070913 0.420072 0.019231 0.056490
0 0.502404 0.430288 0.014423 0.045673
0 0.385216 0.438101 0.018029 0.027644
0 0.931148 0.436454 0.036743 0.048389
0 0.036659 0.579928 0.020433 0.032452
0 0.712740 0.439303 0.021635 0.030048
0 0.965144 0.439904 0.019231 0.028846
0 0.247596 0.575721 0.021635 0.043269
0 0.784856 0.420673 0.036058 0.052885
0 0.819712 0.438101 0.024038 0.027644
0 0.688702 0.439303 0.026442 0.030048
0 0.903828 0.440998 0.023065 0.024808
0 0.634615 0.459135 0.028846 0.072115
0 0.521635 0.439303 0.019231 0.027644
0 0.861713 0.431412 0.024916 0.054964
0 0.988582 0.442909 0.018029 0.025240
0 0.174279 0.576923 0.016827 0.043269
0 0.122596 0.575721 0.021635 0.036058
0 0.052284 0.436298 0.018029 0.031250
0 0.272776 0.439531 0.024880 0.034423
0 0.556358 0.441544 0.017091 0.042969
0 0.620066 0.441040 0.012320 0.039459
0 0.799615 0.432614 0.020649 0.031022
0 0.839892 0.439892 0.013654 0.036995
0 0.880132 0.435138 0.021755 0.028738
