0 0.146635 0.570913 0.050481 0.069712
0 0.737380 0.569712 0.049279 0.060096
0 0.087139 0.566707 0.044471 0.061298
0 0.480769 0.450721 0.050481 0.064904
0 0.899639 0.424880 0.061298 0.075721
0 0.434495 0.570312 0.030048 0.063702
0 0.742788 0.427284 0.055288 0.054087
0 0.630409 0.429087 0.037260 0.057692
0 0.078726 0.423678 0.044471 0.070913
0 0.302284 0.428486 0.034856 0.063702
0 0.486779 0.595553 0.043269 0.063702
0 0.657452 0.569111 0.031250 0.063702
0 0.398438 0.584736 0.030048 0.030048
0 0.335938 0.429688 0.027644 0.063702
0 0.216346 0.570312 0.043269 0.034856
0 0.370793 0.444712 0.037260 0.033654
0 0.539663 0.438702 0.043269 0.033654
0 0.149038 0.423678 0.072115 0.061298
0 0.619591 0.573317 0.039663 0.055288
0 0.674279 0.427885 0.033654 0.067308
0 0.319111 0.573317 0.032452 0.069712
0 0.843750 0.437500 0.045673 0.040865
0 0.408654 0.443510 0.031250 0.033654
0 0.442909 0.430889 0.025240 0.056490
0 0.570312 0.582332 0.030048 0.039663
0 0.792668 0.435697 0.034856 0.034856
0 0.233774 0.424880 0.032452 0.032452
0 0.582332 0.441106 0.039663 0.036058
0 0.535457 0.582332 0.032452 0.030048
0 0.359976 0.585938 0.034856 0.037260
0 0.787746 0.571304 0.035300 0.060565
0 0.868389 0.578726 0.044471 0.032452
0 0.291695 0.571851 0.035817 0.062572
0 0.825258 0.583804 0.038666 0.033498
