0 0.742188 0.494591 0.061298 0.061298
0 0.594351 0.495192 0.051683 0.064904
0 0.533654 0.496995 0.060096 0.063702
0 0.049880 0.497596 0.049279 0.067308
0 0.817308 0.501202 0.067308 0.060096
0 0.097957 0.513221 0.046875 0.043269
0 0.184495 0.504808 0.032452 0.067308
0 0.343149 0.498798 0.044471 0.062500
0 0.142428 0.513822 0.034856 0.042067
0 0.929087 0.509014 0.033654 0.046875
0 0.457332 0.496995 0.049279 0.075721
0 0.289062 0.516226 0.063702 0.037260
0 0.658053 0.509615 0.039663 0.033654
0 0.966346 0.496995 0.028846 0.080529
0 0.887620 0.504808 0.025240 0.021635
0 0.220553 0.520433 0.039663 0.031250
