0 0.373798 0.256010 0.062500 0.069712
0 0.374399 0.401442 0.049279 0.074519
0 0.583534 0.566707 0.063702 0.106971
0 0.580529 0.284856 0.057692 0.115385
0 0.379303 0.690667 0.045457 0.080060
0 0.588383 0.712242 0.079868 0.131791
0 0.380409 0.537260 0.046875 0.076923
0 0.651442 0.558894 0.055288 0.052885
0 0.576322 0.425481 0.066106 0.149038
0 0.418269 0.400841 0.028846 0.073317
0 0.418870 0.539663 0.025240 0.086538
0 0.629808 0.423077 0.040865 0.040865
0 0.422476 0.253606 0.034856 0.079327
0 0.636833 0.280030 0.056887 0.045565
0 0.641605 0.698690 0.051286 0.046202
0 0.405859 0.682338 0.023522 0.094603
