0 0.685096 0.526442 0.040865 0.100962
0 0.910457 0.486779 0.046875 0.062500
0 0.234375 0.485577 0.040865 0.062500
0 0.043269 0.484375 0.036058 0.062500
0 0.579327 0.489784 0.043269 0.058894
0 0.647236 0.488582 0.032452 0.058894
0 0.466947 0.495192 0.044471 0.040865
0 0.804087 0.495793 0.028846 0.034856
0 0.876202 0.488582 0.019231 0.044471
0 0.513822 0.495793 0.032452 0.037260
0 0.102764 0.495192 0.027644 0.038462
0 0.547476 0.485577 0.020433 0.050481
0 0.727163 0.487380 0.043269 0.061298
0 0.167668 0.495793 0.037260 0.037260
0 0.295072 0.482572 0.058894 0.070913
0 0.770433 0.497596 0.028846 0.031250
0 0.076923 0.486178 0.016827 0.049279
0 0.405048 0.483774 0.026442 0.020433
0 0.843149 0.497596 0.027644 0.036058
0 0.133413 0.493990 0.028846 0.043269
0 0.352764 0.483173 0.027644 0.079327
