0 0.732572 0.317308 0.022837 0.064904
0 0.619591 0.334736 0.018029 0.037260
0 0.511418 0.619591 0.022837 0.032452
0 0.435096 0.638822 0.064904 0.090144
0 0.310697 0.622596 0.027644 0.033654
0 0.278245 0.477163 0.025240 0.040865
0 0.683293 0.324519 0.030048 0.057692
0 0.120192 0.610577 0.031250 0.057692
0 0.406250 0.472356 0.026442 0.040865
0 0.436298 0.472957 0.026442 0.034856
0 0.151442 0.470553 0.019231 0.039663
0 0.796274 0.621394 0.018029 0.040865
0 0.661058 0.621995 0.024038 0.030048
0 0.070312 0.458534 0.032452 0.078125
0 0.070913 0.600361 0.019231 0.058894
0 0.146635 0.620192 0.019231 0.040865
0 0.508413 0.337740 0.024038 0.036058
0 0.340745 0.608774 0.022837 0.051683
0 0.496995 0.470553 0.018029 0.039663
0 0.376803 0.623197 0.018029 0.039663
0 0.550481 0.477163 0.024038 0.038462
0 0.049880 0.608774 0.015625 0.046875
0 0.686899 0.611178 0.020433 0.046875
0 0.759014 0.335337 0.020433 0.033654
0 0.470553 0.333534 0.015625 0.037260
0 0.213942 0.656851 0.028846 0.128606
0 0.277644 0.620192 0.026442 0.038462
0 0.451923 0.335337 0.016827 0.036058
0 0.487380 0.335337 0.018029 0.036058
0 0.718149 0.469952 0.022837 0.060096
0 0.486178 0.620793 0.025240 0.030048
0 0.765625 0.477163 0.019231 0.036058
0 0.746394 0.464543 0.016827 0.066106
0 0.609375 0.623197 0.024038 0.034856
0 0.968149 0.478365 0.027644 0.036058
0 0.261418 0.328125 0.025240 0.057692
0 0.030048 0.617788 0.021635 0.031250
0 0.356370 0.328726 0.020433 0.034856
0 0.588942 0.622596 0.016827 0.033654
0 0.789062 0.478365 0.027644 0.038462
0 0.430889 0.334736 0.022837 0.034856
0 0.623798 0.475361 0.021635 0.032452
0 0.757212 0.605769 0.016827 0.052885
0 0.087740 0.337139 0.019231 0.051683
0 0.170673 0.470553 0.016827 0.034856
0 0.873197 0.501202 0.027644 0.096154
0 0.784255 0.333534 0.022837 0.032452
0 0.726562 0.607572 0.020433 0.046875
0 0.104567 0.462139 0.024038 0.066106
0 0.028245 0.330529 0.027644 0.069712
0 0.284856 0.341947 0.019231 0.030048
0 0.587169 0.480210 0.037320 0.037344
0 0.170072 0.328726 0.015625 0.056490
0 0.188702 0.340144 0.019231 0.033654
0 0.808293 0.329327 0.015625 0.050481
0 0.595553 0.320312 0.027644 0.058894
0 0.560697 0.631010 0.030048 0.055288
0 0.637620 0.618389 0.015625 0.027644
0 0.901442 0.474760 0.019231 0.043269
0 0.328125 0.334135 0.016827 0.036058
0 0.361178 0.621394 0.013221 0.033654
0 0.692308 0.504207 0.019231 0.051683
0 0.828726 0.328125 0.020433 0.052885
0 0.302013 0.334099 0.012296 0.045841
0 0.130409 0.462740 0.013221 0.048077
0 0.894934 0.335889 0.025012 0.032620
0 0.939303 0.480769 0.020433 0.040865
0 0.655048 0.475962 0.024038 0.038462
0 0.307091 0.475962 0.025240 0.036058
0 0.060096 0.347356 0.026442 0.036058
0 0.248798 0.617788 0.019231 0.028846
0 0.035457 0.471154 0.027644 0.043269
0 0.775841 0.617788 0.018029 0.031250
0 0.707933 0.328125 0.012019 0.045673
0 0.515950 0.455493 0.015072 0.039615
0 0.705529 0.616587 0.012019 0.036058
0 0.542482 0.617620 0.013425 0.030601
0 0.640192 0.474093 0.016923 0.041118
0 0.923984 0.448738 0.010565 0.039904
0 0.872091 0.335481 0.017981 0.027692
0 0.312951 0.334651 0.012608 0.036659
