0 0.490986 0.438702 0.042067 0.081731
0 0.446514 0.439904 0.042067 0.064904
0 0.497596 0.512620 0.052885 0.066106
0 0.600962 0.451322 0.043269 0.044471
0 0.312500 0.549279 0.055288 0.093750
0 0.547476 0.522236 0.039663 0.042067
0 0.644231 0.448317 0.031250 0.043269
0 0.452524 0.519832 0.037260 0.044471
0 0.601562 0.516827 0.051683 0.050481
0 0.415865 0.514423 0.024038 0.055288
0 0.353966 0.451923 0.039663 0.048077
0 0.381010 0.516827 0.036058 0.045673
0 0.687500 0.447716 0.033654 0.022837
0 0.552885 0.452524 0.038462 0.044471
0 0.397837 0.453125 0.043269 0.043269
0 0.642007 0.557206 0.069976 0.114195
0 0.526695 0.447212 0.029663 0.064375
0 0.350649 0.512422 0.031346 0.057103
0 0.318185 0.431821 0.042548 0.069411
