0 0.646034 0.478966 0.032452 0.106971
0 0.825721 0.567909 0.045673 0.058894
0 0.646635 0.188702 0.033654 0.105769
0 0.742188 0.582933 0.022837 0.036058
0 0.566707 0.582933 0.022837 0.033654
0 0.106971 0.570913 0.028846 0.062500
0 0.838341 0.160457 0.015625 0.034856
0 0.178486 0.581731 0.022837 0.036058
0 0.733774 0.296875 0.030048 0.045673
0 0.463341 0.574519 0.032452 0.057692
0 0.154447 0.567308 0.022837 0.060096
0 0.474159 0.853966 0.015625 0.051683
0 0.667067 0.583534 0.021635 0.034856
0 0.262620 0.302885 0.030048 0.036058
0 0.319111 0.430288 0.030048 0.067308
0 0.492788 0.582933 0.021635 0.038462
0 0.088942 0.721755 0.021635 0.032452
0 0.234976 0.298678 0.020433 0.037260
0 0.628606 0.297476 0.028846 0.042067
0 0.296875 0.585938 0.021635 0.039663
0 0.579928 0.281851 0.022837 0.058894
0 0.915865 0.586538 0.028846 0.028846
0 0.186899 0.725361 0.025240 0.034856
0 0.201322 0.871995 0.022837 0.034856
0 0.589543 0.448317 0.022837 0.031250
0 0.521034 0.850962 0.027644 0.057692
0 0.566707 0.161058 0.015625 0.036058
0 0.715745 0.725962 0.027644 0.040865
0 0.118990 0.435096 0.024038 0.045673
0 0.818510 0.161659 0.021635 0.032452
0 0.257812 0.584736 0.018029 0.034856
0 0.216346 0.715144 0.026442 0.050481
0 0.641226 0.581130 0.020433 0.037260
0 0.870793 0.719351 0.013221 0.051683
0 0.677284 0.284255 0.025240 0.051683
0 0.609976 0.724760 0.020433 0.033654
0 0.372596 0.159856 0.021635 0.040865
0 0.933293 0.150240 0.013221 0.052885
0 0.323317 0.139423 0.033654 0.091346
0 0.235577 0.581130 0.024038 0.034856
0 0.371394 0.301683 0.026442 0.036058
0 0.399639 0.162260 0.020433 0.033654
0 0.519832 0.286058 0.037260 0.060096
0 0.704928 0.298678 0.020433 0.034856
0 0.746394 0.715144 0.019231 0.060096
0 0.401442 0.583534 0.021635 0.034856
0 0.373197 0.585938 0.025240 0.030048
0 0.543269 0.718750 0.028846 0.052885
0 0.492188 0.164663 0.027644 0.033654
0 0.315505 0.290264 0.022837 0.063702
0 0.388822 0.724760 0.025240 0.043269
0 0.073317 0.143029 0.031250 0.060096
0 0.174279 0.148438 0.028846 0.063702
0 0.067308 0.716947 0.016827 0.044471
0 0.516226 0.722957 0.020433 0.042067
0 0.121394 0.156250 0.024038 0.048077
0 0.524639 0.143630 0.018029 0.063702
0 0.602163 0.284856 0.021635 0.057692
0 0.774639 0.159255 0.030048 0.099760
0 0.162260 0.304087 0.026442 0.038462
0 0.709135 0.433293 0.014423 0.044471
0 0.379808 0.858173 0.019231 0.057692
0 0.777644 0.426082 0.024038 0.061298
0 0.077524 0.563702 0.030048 0.060096
0 0.953125 0.158654 0.021635 0.036058
0 0.223558 0.861178 0.019231 0.056490
0 0.894231 0.750000 0.028846 0.084135
0 0.968149 0.444111 0.025240 0.039663
0 0.162260 0.726562 0.024038 0.037260
0 0.426082 0.446514 0.030048 0.030048
0 0.110577 0.295072 0.024038 0.058894
0 0.911659 0.157452 0.020433 0.033654
0 0.451322 0.435096 0.013221 0.050481
0 0.071514 0.424880 0.030048 0.039663
0 0.474760 0.444712 0.024038 0.031250
0 0.347356 0.584736 0.019231 0.034856
0 0.111779 0.712740 0.021635 0.062500
0 0.216947 0.450120 0.032452 0.054087
0 0.814904 0.727163 0.024038 0.028846
0 0.347356 0.427885 0.026442 0.072115
0 0.354567 0.868990 0.019231 0.036058
0 0.473558 0.715144 0.024038 0.060096
0 0.143029 0.450721 0.016827 0.024038
0 0.713341 0.585938 0.025240 0.030048
0 0.873798 0.571514 0.021635 0.051683
0 0.429087 0.303486 0.019231 0.032452
0 0.545673 0.155649 0.021635 0.042067
0 0.731370 0.444111 0.027644 0.032452
0 0.609976 0.581731 0.022837 0.036058
0 0.513822 0.444712 0.020433 0.031250
0 0.615986 0.445312 0.022837 0.039663
0 0.590144 0.719952 0.014423 0.048077
0 0.121394 0.867188 0.033654 0.039663
0 0.173678 0.429688 0.025240 0.058894
0 0.350962 0.146034 0.016827 0.070913
0 0.372596 0.443510 0.024038 0.043269
0 0.977163 0.159255 0.024038 0.037260
0 0.452524 0.861779 0.022837 0.036058
0 0.347356 0.299880 0.019231 0.037260
0 0.496394 0.718149 0.014423 0.051683
0 0.417067 0.726562 0.026442 0.032452
0 0.335938 0.728966 0.032452 0.039663
0 0.870192 0.171274 0.026442 0.099760
0 0.471124 0.290108 0.023161 0.069351
0 0.296274 0.870192 0.025240 0.028846
0 0.212740 0.581731 0.021635 0.033654
0 0.221154 0.167668 0.031250 0.046875
0 0.839543 0.750000 0.025240 0.081731
0 0.326923 0.573317 0.021635 0.060096
0 0.687500 0.577524 0.019231 0.054087
0 0.064904 0.867188 0.021635 0.046875
0 0.907356 0.448257 0.025240 0.027644
0 0.691106 0.144832 0.014423 0.046875
0 0.189904 0.292668 0.019231 0.056490
0 0.266827 0.161659 0.016827 0.037260
0 0.146034 0.167668 0.018029 0.022837
0 0.028245 0.569111 0.015625 0.022837
0 0.448317 0.724159 0.026442 0.034856
0 0.398438 0.444111 0.015625 0.032452
0 0.468750 0.157452 0.014423 0.043269
0 0.496394 0.866587 0.021635 0.033654
0 0.268630 0.437500 0.015625 0.028846
0 0.713341 0.155048 0.022837 0.033654
0 0.766226 0.584135 0.025240 0.038462
0 0.442891 0.158972 0.039627 0.041502
0 0.635216 0.713341 0.030048 0.054087
0 0.790264 0.727163 0.020433 0.028846
0 0.212740 0.289663 0.019231 0.052885
0 0.088942 0.865986 0.021635 0.044471
0 0.562500 0.445312 0.021635 0.027644
0 0.245192 0.867188 0.024038 0.042067
0 0.404447 0.304688 0.030048 0.034856
0 0.893630 0.158654 0.015625 0.031250
0 0.304087 0.731971 0.024038 0.040865
0 0.276442 0.577524 0.012019 0.044471
0 0.803738 0.429802 0.029543 0.054315
0 0.400841 0.867188 0.020433 0.039663
0 0.845120 0.429543 0.018029 0.060096
0 0.253005 0.725962 0.030048 0.026442
0 0.590144 0.573918 0.014423 0.046875
0 0.132812 0.569712 0.015625 0.062500
0 0.570312 0.719351 0.022837 0.049279
0 0.517428 0.584736 0.020433 0.032452
0 0.246995 0.451923 0.015625 0.021635
0 0.430288 0.865986 0.019231 0.030048
0 0.891118 0.437572 0.015841 0.050625
0 0.271635 0.869591 0.019231 0.027644
0 0.930427 0.446148 0.018810 0.028954
0 0.670673 0.741587 0.016827 0.031250
0 0.861034 0.441599 0.025312 0.034880
0 0.597536 0.157903 0.022812 0.032993
0 0.327524 0.870192 0.030048 0.033654
0 0.769832 0.713341 0.020433 0.046875
0 0.498293 0.431202 0.018606 0.067428
0 0.540385 0.447512 0.016971 0.027139
0 0.198516 0.442740 0.014868 0.038462
0 0.198113 0.161599 0.021851 0.036178
0 0.243972 0.177278 0.008329 0.009748
0 0.132380 0.316358 0.040144 0.062596
0 0.452728 0.292524 0.025577 0.069111
0 0.550090 0.291472 0.031310 0.059002
0 0.620000 0.157374 0.026106 0.031935
0 0.857440 0.151340 0.019976 0.055589
0 0.798257 0.162386 0.021538 0.028137
0 0.827488 0.426875 0.016755 0.054351
0 0.948660 0.444994 0.018570 0.030805
0 0.879008 0.442728 0.013810 0.035337
0 0.367518 0.718522 0.023281 0.061611
0 0.186641 0.857133 0.029675 0.060853
0 0.889688 0.584261 0.025553 0.033041
0 0.849429 0.586965 0.022969 0.024002
