0 0.248798 0.495192 0.040865 0.072115
0 0.823918 0.503606 0.030048 0.033654
0 0.454327 0.492188 0.043269 0.056490
0 0.118990 0.493389 0.052885 0.061298
0 0.620793 0.490385 0.027644 0.052885
0 0.859375 0.506010 0.033654 0.031250
0 0.528846 0.487380 0.036058 0.063702
0 0.412861 0.492788 0.032452 0.052885
0 0.751803 0.487981 0.025240 0.057692
0 0.688101 0.489784 0.032452 0.054087
0 0.784856 0.503606 0.031250 0.031250
0 0.173678 0.501202 0.049279 0.050481
0 0.654447 0.503606 0.022837 0.024038
0 0.721755 0.497596 0.015625 0.040865
0 0.502987 0.473846 0.035228 0.040889
0 0.222332 0.478167 0.028822 0.030156
