0 0.198918 0.487380 0.049279 0.056490
0 0.449519 0.489183 0.048077 0.069712
0 0.572115 0.487981 0.052885 0.060096
0 0.570312 0.338341 0.049279 0.080529
0 0.199519 0.334135 0.084135 0.062500
0 0.183882 0.661743 0.056947 0.100962
0 0.350361 0.640024 0.039663 0.044471
0 0.396635 0.623197 0.040865 0.066106
0 0.522236 0.496394 0.046875 0.043269
0 0.667668 0.340745 0.039663 0.061298
0 0.623798 0.489183 0.036058 0.036058
0 0.623798 0.352764 0.043269 0.042067
0 0.433894 0.336538 0.033654 0.052885
0 0.254808 0.623798 0.028846 0.076923
0 0.727163 0.355168 0.057692 0.044471
0 0.492188 0.353966 0.037260 0.042067
0 0.284856 0.488582 0.019231 0.046875
0 0.276442 0.349159 0.016827 0.049279
0 0.819712 0.358173 0.033654 0.036058
0 0.487981 0.487380 0.016827 0.049279
0 0.779447 0.358173 0.034856 0.038462
0 0.359375 0.500601 0.038462 0.042067
0 0.246995 0.493990 0.032452 0.036058
0 0.658654 0.491587 0.033654 0.026442
0 0.316508 0.623299 0.028041 0.068714
0 0.308894 0.355168 0.045673 0.030048
0 0.317308 0.500601 0.038462 0.032452
0 0.356370 0.370192 0.022837 0.028846
0 0.247945 0.347903 0.029063 0.040397
0 0.466028 0.350144 0.022584 0.041875
0 0.220817 0.640649 0.036250 0.040913
0 0.288840 0.624850 0.037296 0.065950
