0 0.380409 0.542067 0.082933 0.055288
0 0.722957 0.465144 0.056490 0.057692
0 0.390024 0.466947 0.044471 0.056490
0 0.272236 0.474760 0.070913 0.043269
0 0.907452 0.478365 0.045673 0.033654
0 0.313101 0.545072 0.020433 0.022837
0 0.948918 0.453726 0.027644 0.044471
0 0.109375 0.462740 0.036058 0.048077
0 0.334135 0.474760 0.021635 0.024038
0 0.476562 0.470553 0.042067 0.042067
0 0.435697 0.473558 0.025240 0.024038
0 0.808894 0.466947 0.050481 0.051683
0 0.040264 0.460337 0.039663 0.074519
0 0.271034 0.543269 0.037260 0.057692
0 0.861178 0.476562 0.030048 0.032452
0 0.360397 0.500739 0.284111 0.028089
0 0.750517 0.494994 0.023365 0.031286
