0 0.634014 0.473558 0.068510 0.067308
0 0.068510 0.521034 0.036058 0.094952
0 0.508413 0.491587 0.033654 0.036058
0 0.472957 0.485577 0.025240 0.062500
0 0.927284 0.490986 0.034856 0.039663
0 0.355168 0.493990 0.025240 0.038462
0 0.966947 0.491587 0.044471 0.040865
0 0.118389 0.484976 0.042067 0.049279
0 0.382212 0.486779 0.016827 0.048077
0 0.745192 0.492188 0.033654 0.034856
0 0.541466 0.490986 0.027644 0.039663
0 0.241587 0.481971 0.026442 0.060096
0 0.783654 0.483173 0.024038 0.060096
0 0.411659 0.492188 0.032452 0.037260
0 0.811298 0.484375 0.024038 0.057692
0 0.200120 0.495793 0.042067 0.032452
0 0.274038 0.489784 0.016827 0.046875
0 0.851562 0.489784 0.027644 0.020433
0 0.031250 0.477163 0.038462 0.064904
0 0.303486 0.490986 0.034856 0.046875
0 0.157452 0.492788 0.031250 0.028846
0 0.890625 0.482572 0.036058 0.061298
0 0.710337 0.480168 0.033654 0.068510
0 0.443510 0.494591 0.024038 0.032452
0 0.676767 0.490210 0.031779 0.042368
