0 0.161058 0.494591 0.024038 0.054087
0 0.329928 0.493990 0.022837 0.052885
0 0.948918 0.484976 0.018029 0.056490
0 0.895433 0.496394 0.024038 0.050481
0 0.588942 0.491587 0.021635 0.050481
0 0.845198 0.491983 0.015276 0.046274
0 0.234375 0.494591 0.016827 0.044471
0 0.926683 0.495192 0.016827 0.033654
0 0.541466 0.502404 0.025240 0.057692
0 0.387019 0.496394 0.019231 0.048077
0 0.254808 0.496995 0.021635 0.046875
0 0.753606 0.493990 0.016827 0.040865
0 0.362380 0.497596 0.018029 0.045673
0 0.771034 0.495192 0.018029 0.036058
0 0.965631 0.495715 0.016502 0.032945
0 0.469351 0.497596 0.020433 0.045673
0 0.710337 0.490385 0.019231 0.055288
0 0.292067 0.502404 0.014423 0.031250
0 0.052284 0.496394 0.022837 0.050481
0 0.637019 0.501803 0.019231 0.044471
0 0.437500 0.508413 0.014423 0.028846
0 0.212740 0.496394 0.019231 0.043269
0 0.017428 0.496394 0.020433 0.055288
0 0.789207 0.499748 0.018029 0.036058
0 0.407452 0.489183 0.016827 0.028846
0 0.491587 0.501202 0.021635 0.033654
0 0.825120 0.495793 0.015625 0.032452
0 0.674279 0.495793 0.016827 0.030048
0 0.110577 0.501202 0.016827 0.028846
0 0.183293 0.503606 0.015625 0.024038
0 0.865733 0.485571 0.017524 0.055276
0 0.618083 0.522951 0.014700 0.042248
0 0.733774 0.497596 0.018029 0.026442
0 0.070294 0.509303 0.014892 0.026490
0 0.501556 0.483371 0.010613 0.009243
0 0.606328 0.508257 0.013810 0.023942
0 0.803383 0.477266 0.011142 0.012344
0 0.876593 0.516677 0.011911 0.037969
0 0.976995 0.476334 0.014303 0.013750
