0 0.796274 0.466947 0.068510 0.066106
0 0.256611 0.546875 0.039663 0.040865
0 0.462740 0.471154 0.055288 0.055288
0 0.903245 0.463942 0.044471 0.064904
0 0.450120 0.541466 0.025240 0.056490
0 0.489183 0.551082 0.040865 0.037260
0 0.531250 0.539663 0.038462 0.052885
0 0.120793 0.546274 0.037260 0.042067
0 0.186298 0.467548 0.045673 0.057692
0 0.664663 0.541466 0.036058 0.061298
0 0.128606 0.475962 0.028846 0.040865
0 0.337740 0.552885 0.028846 0.033654
0 0.165865 0.548077 0.036058 0.028846
0 0.212139 0.540264 0.030048 0.058894
0 0.311899 0.481971 0.037260 0.036058
0 0.852764 0.483774 0.032452 0.037260
0 0.551082 0.463341 0.027644 0.066106
0 0.611779 0.543870 0.019231 0.049279
0 0.367188 0.483173 0.044471 0.033654
0 0.579928 0.540264 0.025240 0.049279
0 0.295072 0.551683 0.025240 0.028846
0 0.514423 0.473558 0.036058 0.036058
0 0.409856 0.539663 0.033654 0.057692
0 0.694712 0.477764 0.036058 0.030048
0 0.644832 0.481971 0.034856 0.038462
0 0.273438 0.481370 0.027644 0.034856
0 0.634014 0.547476 0.022837 0.030048
0 0.378005 0.551683 0.027644 0.026442
0 0.104934 0.465817 0.035950 0.063053
0 0.161418 0.466803 0.026442 0.061731
