0 0.166466 0.434495 0.025240 0.094952
0 0.049279 0.429688 0.016827 0.037260
0 0.736178 0.552885 0.032452 0.052885
0 0.424880 0.565505 0.025240 0.049279
0 0.126803 0.432692 0.025240 0.031250
0 0.317909 0.431490 0.020433 0.033654
0 0.733053 0.429315 0.019231 0.026442
0 0.914062 0.562500 0.018029 0.031250
0 0.492957 0.455096 0.015625 0.078125
0 0.765625 0.448317 0.019231 0.074519
0 0.610577 0.412861 0.019231 0.056490
0 0.264423 0.429087 0.019231 0.031250
0 0.102764 0.430889 0.018029 0.034856
0 0.067308 0.419471 0.016827 0.060096
0 0.837398 0.561232 0.016142 0.028065
0 0.135817 0.569075 0.031250 0.102764
0 0.295673 0.429688 0.021635 0.032452
0 0.887620 0.566106 0.018029 0.028846
0 0.026442 0.434495 0.019231 0.102163
0 0.310697 0.567909 0.018029 0.032452
0 0.677885 0.564303 0.021635 0.032452
0 0.365030 0.564447 0.014243 0.030409
0 0.486178 0.584736 0.018029 0.075721
0 0.569712 0.424880 0.016827 0.032452
0 0.510216 0.426683 0.015625 0.028846
0 0.712139 0.450120 0.018029 0.080529
0 0.183852 0.566106 0.011935 0.045673
0 0.819273 0.549489 0.025565 0.070132
0 0.854567 0.570312 0.014423 0.094952
0 0.462139 0.564904 0.030048 0.033654
0 0.207332 0.564904 0.015625 0.050481
0 0.507212 0.566106 0.016827 0.036058
0 0.868990 0.550481 0.012019 0.050481
0 0.328125 0.564904 0.014423 0.038462
0 0.347957 0.569712 0.020433 0.031250
0 0.459928 0.426172 0.017091 0.027921
0 0.631010 0.426082 0.012019 0.030048
0 0.254808 0.564303 0.014423 0.039663
0 0.539050 0.574910 0.015529 0.029002
0 0.272837 0.570312 0.021635 0.030048
0 0.790264 0.424279 0.015625 0.026442
0 0.576923 0.587740 0.016827 0.072115
0 0.390024 0.420072 0.018029 0.044471
0 0.810697 0.424279 0.020433 0.028846
0 0.632812 0.564904 0.018029 0.033654
0 0.652644 0.564904 0.019231 0.033654
0 0.060697 0.548678 0.013221 0.068510
0 0.961737 0.567356 0.022200 0.023966
0 0.943522 0.555925 0.018029 0.055288
0 0.548666 0.420463 0.018269 0.043618
0 0.359976 0.426082 0.020433 0.058894
0 0.039663 0.558293 0.024038 0.056490
0 0.648438 0.420673 0.018029 0.043269
0 0.212794 0.430571 0.016478 0.031599
0 0.674279 0.420673 0.014423 0.036058
0 0.477163 0.412861 0.012019 0.051683
0 0.192013 0.420661 0.025853 0.055312
0 0.088600 0.422151 0.020517 0.068798
0 0.280877 0.424778 0.009038 0.042200
0 0.375288 0.433564 0.017236 0.071262
0 0.442945 0.429706 0.019543 0.087512
0 0.529477 0.424537 0.021839 0.025613
0 0.692686 0.426587 0.018233 0.035962
0 0.750649 0.424615 0.013966 0.030048
0 0.759657 0.583251 0.020204 0.045925
0 0.558209 0.567782 0.021394 0.031863
0 0.522951 0.554369 0.016214 0.057608
0 0.378233 0.570583 0.012861 0.025901
0 0.194573 0.570228 0.013738 0.032236
0 0.019375 0.557181 0.015433 0.065901
0 0.901629 0.554718 0.008017 0.046719
0 0.929056 0.564898 0.011454 0.028137
0 0.980096 0.566172 0.019351 0.028882
0 0.846653 0.568059 0.019147 0.083425
