0 0.046875 0.484976 0.064904 0.082933
0 0.897837 0.504808 0.028846 0.031250
0 0.935096 0.505409 0.026442 0.030048
0 0.436298 0.510817 0.031250 0.031250
0 0.969351 0.507212 0.030048 0.033654
0 0.829327 0.495192 0.033654 0.069712
0 0.518029 0.503606 0.036058 0.062500
0 0.778245 0.509014 0.022837 0.034856
0 0.399038 0.510817 0.026442 0.040865
0 0.221755 0.505409 0.025240 0.030048
0 0.165264 0.491587 0.030048 0.074519
0 0.365986 0.509014 0.027644 0.034856
0 0.712139 0.507212 0.020433 0.033654
0 0.584736 0.509014 0.025240 0.032452
0 0.555288 0.508413 0.021635 0.033654
0 0.281250 0.507212 0.026442 0.043269
0 0.736779 0.492188 0.024038 0.066106
0 0.663462 0.501202 0.043269 0.060096
0 0.801683 0.501803 0.021635 0.058894
0 0.201442 0.490300 0.031394 0.065024
0 0.258522 0.512284 0.042861 0.107500
0 0.691701 0.506004 0.013666 0.040276
0 0.757831 0.503233 0.036575 0.111563
