0 0.027644 0.561899 0.021635 0.034856
0 0.966611 0.562686 0.018365 0.034339
0 0.629207 0.564303 0.018029 0.032452
0 0.400841 0.427284 0.022837 0.039663
0 0.813702 0.445312 0.019231 0.078125
0 0.390625 0.564303 0.024038 0.030048
0 0.726562 0.565505 0.018029 0.030048
0 0.531250 0.566106 0.028846 0.026442
0 0.168269 0.414663 0.014423 0.043269
0 0.947115 0.552284 0.016827 0.051683
0 0.243389 0.567308 0.018029 0.028846
0 0.890024 0.554087 0.015625 0.048077
0 0.908654 0.561298 0.016827 0.028846
0 0.601562 0.570913 0.025240 0.048077
0 0.362981 0.588942 0.024038 0.086538
0 0.656851 0.413462 0.025240 0.052885
0 0.704928 0.563702 0.020433 0.028846
0 0.356971 0.413462 0.019231 0.048077
0 0.024038 0.408053 0.026442 0.066106
0 0.193510 0.580529 0.026442 0.055288
0 0.140000 0.563678 0.015577 0.031202
0 0.219952 0.554087 0.019231 0.048077
0 0.275240 0.564904 0.019231 0.028846
0 0.743389 0.555288 0.015625 0.050481
0 0.530649 0.424279 0.020433 0.031250
0 0.484976 0.561899 0.018029 0.030048
0 0.926683 0.563101 0.016827 0.032452
0 0.413462 0.554688 0.019231 0.046875
0 0.680288 0.555889 0.021635 0.042067
0 0.560096 0.561298 0.016827 0.026442
0 0.655048 0.561899 0.021635 0.027644
0 0.053486 0.558894 0.020433 0.057692
0 0.129808 0.420673 0.021635 0.031250
0 0.114784 0.554688 0.027644 0.058894
0 0.505409 0.426082 0.022837 0.032452
0 0.854567 0.420072 0.019231 0.034856
0 0.239183 0.424279 0.021635 0.043269
0 0.583534 0.421875 0.032452 0.038462
0 0.679087 0.423678 0.019231 0.027644
0 0.093750 0.422476 0.033654 0.030048
0 0.431490 0.423678 0.028846 0.032452
0 0.579327 0.561298 0.016827 0.031250
0 0.805288 0.563101 0.026442 0.032452
0 0.760216 0.423678 0.030048 0.034856
0 0.553486 0.423678 0.020433 0.037260
0 0.790865 0.423678 0.019231 0.020433
0 0.305288 0.432091 0.026442 0.068510
0 0.728365 0.418269 0.016827 0.040865
0 0.150841 0.420072 0.015625 0.030048
0 0.197115 0.450721 0.021635 0.088942
0 0.331130 0.424279 0.020433 0.036058
0 0.850721 0.562957 0.017837 0.033654
0 0.218750 0.423678 0.019231 0.030048
0 0.834736 0.423077 0.018029 0.024038
0 0.048125 0.423624 0.025120 0.029555
0 0.296761 0.565631 0.016863 0.029940
0 0.260745 0.557813 0.013630 0.051154
0 0.156160 0.565992 0.019507 0.028666
0 0.502001 0.564345 0.015300 0.029892
0 0.829561 0.564802 0.021358 0.031238
0 0.980757 0.562031 0.013822 0.030553
0 0.691707 0.424279 0.014976 0.031538
