0 0.745793 0.567909 0.056490 0.049279
0 0.414663 0.413462 0.069712 0.060096
0 0.648438 0.495192 0.068510 0.043269
0 0.550481 0.497596 0.038462 0.050481
0 0.347813 0.480998 0.055288 0.205529
0 0.747596 0.497596 0.060096 0.050481
0 0.232572 0.454327 0.092548 0.040865
0 0.423678 0.488582 0.044471 0.061298
0 0.746995 0.418870 0.056490 0.063702
0 0.213341 0.501803 0.058894 0.046875
0 0.424279 0.561899 0.043269 0.054087
0 0.580529 0.632212 0.033654 0.028846
0 0.306316 0.493209 0.035829 0.028077
0 0.383161 0.494135 0.043966 0.024014
0 0.387963 0.561929 0.044700 0.050252
0 0.464075 0.486004 0.035841 0.210950
0 0.710907 0.488287 0.032849 0.205998
0 0.794315 0.486046 0.035457 0.216442
