0 0.156250 0.563702 0.045673 0.069712
0 0.865986 0.562500 0.044471 0.069712
0 0.513822 0.412861 0.039663 0.073317
0 0.320312 0.413462 0.039663 0.060096
0 0.359375 0.424880 0.036058 0.042067
0 0.522837 0.549279 0.040865 0.069712
0 0.400240 0.427284 0.028846 0.034856
0 0.932692 0.426683 0.028846 0.038462
0 0.183894 0.431490 0.021635 0.033654
0 0.274639 0.560697 0.027644 0.061298
0 0.426082 0.564904 0.044471 0.055288
0 0.564303 0.569111 0.042067 0.037260
0 0.233173 0.418269 0.033654 0.057692
0 0.605168 0.572115 0.027644 0.031250
0 0.875601 0.427284 0.025240 0.039663
0 0.311298 0.569712 0.026442 0.033654
0 0.608774 0.429688 0.022837 0.032452
0 0.634615 0.571514 0.026442 0.039663
0 0.805288 0.417668 0.028846 0.051683
0 0.692909 0.563101 0.032452 0.058894
0 0.841346 0.429688 0.026442 0.034856
0 0.833534 0.566106 0.018029 0.045673
0 0.694712 0.427284 0.019231 0.034856
0 0.639423 0.430889 0.026442 0.030048
0 0.438101 0.427284 0.039663 0.044471
0 0.128005 0.428486 0.025240 0.037260
0 0.740385 0.432091 0.021635 0.030048
0 0.198918 0.573918 0.030048 0.039663
0 0.055288 0.415865 0.031250 0.057692
0 0.774639 0.573918 0.034856 0.037260
0 0.963341 0.427284 0.032452 0.037260
0 0.666466 0.429087 0.027644 0.031250
0 0.375601 0.552284 0.032452 0.054087
0 0.100361 0.428486 0.025240 0.030048
0 0.735577 0.573317 0.043269 0.036058
0 0.235577 0.577524 0.036058 0.039663
0 0.766827 0.418870 0.028846 0.046875
0 0.157452 0.431490 0.026442 0.031250
0 0.716947 0.424880 0.018029 0.039663
0 0.262019 0.424279 0.019231 0.045673
0 0.805288 0.569111 0.016827 0.037260
0 0.287260 0.426683 0.024038 0.038462
0 0.574519 0.428486 0.024038 0.034856
0 0.664062 0.574519 0.022837 0.033654
0 0.903245 0.420673 0.025240 0.048077
0 0.545270 0.426004 0.034700 0.044026
0 0.206605 0.433840 0.022392 0.029099
0 0.348233 0.566508 0.023510 0.031719
