0 0.561298 0.542668 0.026442 0.049279
0 0.855769 0.552284 0.024038 0.049279
0 0.242188 0.549279 0.027644 0.043269
0 0.468149 0.533053 0.022837 0.078125
0 0.160457 0.409856 0.030048 0.055288
0 0.746394 0.548077 0.040865 0.076923
0 0.032452 0.394832 0.026442 0.070913
0 0.554688 0.406851 0.025240 0.034856
0 0.372596 0.393029 0.028846 0.060096
0 0.124399 0.409255 0.025240 0.037260
0 0.680889 0.543269 0.025240 0.052885
0 0.047476 0.550481 0.022837 0.055288
0 0.911659 0.553486 0.027644 0.039663
0 0.816707 0.570913 0.037260 0.134615
0 0.734375 0.409255 0.021635 0.039663
0 0.381010 0.537260 0.036058 0.084135
0 0.585337 0.412260 0.026442 0.038462
0 0.244591 0.412260 0.027644 0.050481
0 0.064303 0.396635 0.025240 0.076923
0 0.093149 0.407452 0.025240 0.055288
0 0.707332 0.406851 0.022837 0.049279
0 0.589543 0.543269 0.015625 0.062500
0 0.678486 0.432091 0.027644 0.121394
0 0.298678 0.547476 0.020433 0.049279
0 0.789663 0.400240 0.028846 0.060096
0 0.140625 0.551683 0.026442 0.045673
0 0.615986 0.404447 0.030048 0.061298
0 0.177284 0.579327 0.027644 0.105769
0 0.503005 0.539062 0.027644 0.073317
0 0.414062 0.554087 0.022837 0.040865
0 0.762019 0.410457 0.021635 0.039663
0 0.948317 0.539062 0.033654 0.068510
0 0.504808 0.401442 0.026442 0.055288
0 0.271034 0.579327 0.030048 0.115385
0 0.466346 0.400841 0.033654 0.066106
0 0.617788 0.552885 0.026442 0.045673
0 0.427885 0.412861 0.024038 0.046875
0 0.112380 0.530649 0.013221 0.056490
0 0.078125 0.536058 0.036058 0.067308
0 0.294471 0.405048 0.026442 0.050481
0 0.443510 0.546875 0.021635 0.043269
0 0.210337 0.547476 0.024038 0.042067
0 0.815505 0.405048 0.022837 0.050481
0 0.347356 0.549279 0.016827 0.031250
0 0.324519 0.560697 0.028846 0.061298
0 0.399639 0.408053 0.022837 0.037260
0 0.645433 0.536058 0.024038 0.064904
0 0.882212 0.556490 0.021635 0.036058
0 0.023041 0.532398 0.029111 0.082849
0 0.273540 0.406731 0.025180 0.045337
0 0.974399 0.550625 0.025625 0.049760
