0 0.249399 0.420072 0.054087 0.068510
0 0.043269 0.432692 0.048077 0.045673
0 0.066707 0.574519 0.058894 0.045673
0 0.185096 0.568510 0.033654 0.050481
0 0.337740 0.435096 0.028846 0.036058
0 0.278846 0.563101 0.033654 0.061298
0 0.449519 0.427885 0.031250 0.060096
0 0.411058 0.426683 0.033654 0.060096
0 0.785457 0.572115 0.027644 0.045673
0 0.737380 0.568510 0.039663 0.052885
0 0.102163 0.428486 0.031250 0.030048
0 0.372596 0.438702 0.036058 0.033654
0 0.161659 0.434495 0.042067 0.042067
0 0.487981 0.579327 0.038462 0.038462
0 0.343750 0.567909 0.021635 0.051683
0 0.631611 0.564904 0.034856 0.055288
0 0.313702 0.578726 0.026442 0.034856
0 0.525841 0.578726 0.030048 0.030048
0 0.566707 0.577524 0.037260 0.037260
0 0.947115 0.572716 0.038462 0.044471
0 0.881611 0.580529 0.030048 0.028846
0 0.118389 0.569111 0.018029 0.049279
0 0.829327 0.579928 0.021635 0.027644
0 0.147236 0.575120 0.032452 0.034856
0 0.216947 0.573317 0.030048 0.036058
0 0.368990 0.578125 0.026442 0.031250
0 0.915865 0.577524 0.021635 0.018029
0 0.691707 0.567308 0.027644 0.024038
0 0.810096 0.572716 0.014423 0.037260
0 0.406250 0.574519 0.019231 0.036058
0 0.247596 0.574519 0.026442 0.031250
0 0.192909 0.445312 0.020433 0.018029
0 0.293269 0.442308 0.031250 0.026442
