0 0.252404 0.449519 0.048077 0.067308
0 0.340144 0.462740 0.064904 0.072115
0 0.451923 0.455529 0.036058 0.069712
0 0.736178 0.548077 0.039663 0.038462
0 0.433894 0.542668 0.026442 0.037260
0 0.472356 0.551683 0.040865 0.048077
0 0.525240 0.551683 0.033654 0.038462
0 0.623798 0.539663 0.028846 0.064904
0 0.588942 0.542067 0.016827 0.043269
0 0.656250 0.542668 0.016827 0.039663
0 0.400240 0.463341 0.048077 0.063702
0 0.566106 0.548077 0.024038 0.031250
0 0.772837 0.551082 0.014423 0.037260
0 0.689904 0.548077 0.028846 0.038462
0 0.401442 0.522837 0.031250 0.052885
0 0.280409 0.483930 0.021611 0.019952
