0 0.182091 0.426683 0.066106 0.074519
0 0.409856 0.442909 0.040865 0.097356
0 0.451322 0.430288 0.037260 0.064904
0 0.273438 0.448317 0.058894 0.033654
0 0.393029 0.570312 0.069712 0.063702
0 0.486178 0.449519 0.025240 0.033654
0 0.587740 0.451322 0.036058 0.032452
0 0.236178 0.579327 0.054087 0.043269
0 0.169471 0.582933 0.040865 0.048077
0 0.692909 0.427885 0.049279 0.048077
0 0.312500 0.583534 0.038462 0.030048
0 0.516226 0.429087 0.020433 0.062500
0 0.228365 0.435697 0.021635 0.054087
0 0.807794 0.437608 0.099748 0.070192
0 0.688101 0.462740 0.054087 0.016827
0 0.310096 0.554688 0.050481 0.020433
