0 0.355769 0.493389 0.052885 0.049279
0 0.205529 0.556490 0.048077 0.060096
0 0.766226 0.570913 0.049279 0.069712
0 0.565505 0.560697 0.054087 0.056490
0 0.202524 0.420673 0.054087 0.060096
0 0.571514 0.486178 0.037260 0.054087
0 0.201923 0.490986 0.043269 0.061298
0 0.493990 0.500601 0.040865 0.044471
0 0.697115 0.505409 0.033654 0.042067
0 0.777644 0.420673 0.038462 0.052885
0 0.358173 0.415865 0.040865 0.052885
0 0.349760 0.558293 0.040865 0.061298
0 0.418870 0.502404 0.030048 0.043269
0 0.567909 0.423678 0.042067 0.056490
0 0.795252 0.494026 0.037644 0.061274
0 0.265024 0.501202 0.032452 0.033654
0 0.637620 0.501202 0.032452 0.043269
0 0.767344 0.499543 0.026971 0.016995
