0 0.620192 0.646034 0.050481 0.058894
0 0.393630 0.637620 0.032452 0.042067
0 0.703726 0.637019 0.037260 0.036058
0 0.400240 0.337139 0.064904 0.061298
0 0.242788 0.650240 0.045673 0.122596
0 0.430889 0.636418 0.034856 0.044471
0 0.664062 0.638221 0.032452 0.033654
0 0.512620 0.632812 0.054087 0.049279
0 0.281851 0.641226 0.032452 0.034856
0 0.362380 0.628005 0.018029 0.054087
0 0.321514 0.432692 0.068510 0.081731
0 0.291466 0.513822 0.044471 0.066106
0 0.324519 0.638822 0.036058 0.039663
0 0.751202 0.637620 0.038462 0.032452
0 0.497596 0.474760 0.040865 0.064904
0 0.433293 0.392428 0.032452 0.049279
0 0.574519 0.634014 0.028846 0.018029
0 0.417668 0.259014 0.039663 0.082933
0 0.313101 0.297476 0.032452 0.025240
0 0.461761 0.439730 0.026046 0.026046
0 0.527151 0.608203 0.029375 0.018281
