0 0.366587 0.570312 0.062500 0.066106
0 0.416550 0.431118 0.054087 0.067308
0 0.054688 0.433293 0.051683 0.066106
0 0.300481 0.573317 0.045673 0.069712
0 0.478966 0.571514 0.046875 0.058894
0 0.872596 0.427284 0.055288 0.056490
0 0.793269 0.424880 0.057692 0.063702
0 0.936298 0.426082 0.043269 0.061298
0 0.796875 0.582332 0.045673 0.044471
0 0.129207 0.574519 0.044471 0.055288
0 0.418870 0.582332 0.034856 0.034856
0 0.091947 0.582332 0.027644 0.037260
0 0.740986 0.578125 0.049279 0.069712
0 0.109375 0.443510 0.036058 0.036058
0 0.356370 0.424279 0.037260 0.072115
0 0.663462 0.434495 0.038462 0.054087
0 0.522837 0.605769 0.040865 0.060096
0 0.489183 0.400240 0.031250 0.043269
0 0.195913 0.434495 0.026442 0.042067
0 0.054688 0.578125 0.039663 0.062500
0 0.191106 0.586538 0.021635 0.033654
0 0.978365 0.409856 0.031250 0.024038
0 0.649639 0.573918 0.032452 0.042067
0 0.163462 0.595553 0.021635 0.018029
0 0.557692 0.564303 0.033654 0.022837
0 0.151442 0.457332 0.024038 0.022837
0 0.525240 0.403846 0.028846 0.019231
0 0.459916 0.466935 0.039904 0.057644
0 0.830655 0.553756 0.035108 0.025853
