0 0.360577 0.566106 0.028846 0.060096
0 0.514423 0.431490 0.028846 0.057692
0 0.397837 0.581130 0.031250 0.027644
0 0.185096 0.560697 0.031250 0.058894
0 0.278846 0.560697 0.036058 0.066106
0 0.658053 0.439303 0.039663 0.046875
0 0.445913 0.437500 0.043269 0.084135
0 0.501803 0.563101 0.044471 0.066106
0 0.462139 0.580529 0.025240 0.036058
0 0.548077 0.574519 0.038462 0.043269
0 0.544471 0.427885 0.026442 0.060096
0 0.433293 0.578125 0.027644 0.040865
0 0.245793 0.572716 0.022837 0.051683
0 0.347356 0.438101 0.028846 0.032452
0 0.412861 0.438101 0.022837 0.039663
0 0.323918 0.578125 0.025240 0.052885
0 0.789663 0.435697 0.038462 0.042067
0 0.743221 0.435643 0.044976 0.036358
0 0.184495 0.435096 0.046875 0.045673
0 0.828125 0.442308 0.031250 0.028846
0 0.385817 0.442909 0.028846 0.030048
0 0.700006 0.435054 0.039435 0.064988
0 0.477278 0.443107 0.040276 0.035469
0 0.211460 0.576659 0.026599 0.041755
0 0.296809 0.440889 0.023642 0.038413
