0 0.494591 0.427284 0.070913 0.075721
0 0.433293 0.560096 0.046875 0.074519
0 0.220553 0.463942 0.051683 0.115385
0 0.328125 0.421274 0.050481 0.073317
0 0.290865 0.566707 0.045673 0.073317
0 0.388221 0.432692 0.048077 0.052885
0 0.732572 0.435096 0.061298 0.045673
0 0.598558 0.424279 0.050481 0.062500
0 0.526442 0.580529 0.052885 0.050481
0 0.101562 0.564904 0.039663 0.060096
0 0.677885 0.430288 0.038462 0.055288
0 0.899038 0.437500 0.036058 0.048077
0 0.121394 0.436298 0.055288 0.048077
0 0.171875 0.421875 0.045673 0.062500
0 0.155649 0.581130 0.049279 0.042067
0 0.244591 0.580529 0.032452 0.028846
0 0.949519 0.436899 0.048077 0.046875
0 0.274038 0.437500 0.038462 0.043269
0 0.776442 0.435096 0.024038 0.062500
0 0.203726 0.580529 0.037260 0.038462
0 0.046875 0.429688 0.040865 0.022837
0 0.337740 0.575721 0.043269 0.045673
0 0.478365 0.573918 0.043269 0.046875
0 0.644832 0.424279 0.027644 0.060096
0 0.839543 0.444111 0.042067 0.039663
0 0.381611 0.577524 0.027644 0.037260
0 0.546737 0.447127 0.034724 0.042115
0 0.805721 0.438810 0.036202 0.056514
