0 0.597957 0.619591 0.037260 0.042067
0 0.677284 0.611779 0.034856 0.060096
0 0.205529 0.328726 0.031250 0.051683
0 0.202524 0.609375 0.020433 0.055288
0 0.547476 0.642428 0.044471 0.068510
0 0.264423 0.618389 0.028846 0.034856
0 0.562500 0.490385 0.036058 0.055288
0 0.521635 0.504808 0.038462 0.086538
0 0.296274 0.619591 0.027644 0.034856
0 0.718149 0.623798 0.037260 0.036058
0 0.475962 0.467548 0.031250 0.052885
0 0.335938 0.622596 0.042067 0.040865
0 0.772236 0.620793 0.037260 0.030048
0 0.204928 0.473558 0.034856 0.036058
0 0.637620 0.624399 0.030048 0.032452
0 0.632212 0.471755 0.026442 0.049279
0 0.470553 0.605168 0.032452 0.051683
0 0.298678 0.476562 0.025240 0.032452
0 0.251803 0.337139 0.044471 0.037260
0 0.264171 0.476058 0.045000 0.078341
0 0.705529 0.477764 0.040865 0.034856
0 0.332933 0.475962 0.033654 0.033654
0 0.231370 0.621394 0.027644 0.033654
0 0.599159 0.477163 0.030048 0.033654
0 0.665865 0.481971 0.028846 0.031250
0 0.806490 0.627404 0.016827 0.021635
0 0.746394 0.484375 0.021635 0.021635
0 0.236184 0.474585 0.025132 0.028570
0 0.511791 0.652831 0.045986 0.093738
