0 0.748798 0.496394 0.052885 0.057692
0 0.353966 0.509615 0.037260 0.048077
0 0.256611 0.503005 0.042067 0.056490
0 0.396635 0.510817 0.040865 0.050481
0 0.558894 0.516226 0.052885 0.039663
0 0.599760 0.514423 0.028846 0.038462
0 0.302885 0.503606 0.021635 0.021635
0 0.200721 0.500601 0.038462 0.044471
0 0.698918 0.498798 0.025240 0.021635
0 0.494591 0.477163 0.034856 0.045673
0 0.832656 0.474760 0.029399 0.043269
0 0.631611 0.501803 0.025240 0.051683
0 0.437500 0.481971 0.024038 0.021635
0 0.656280 0.481989 0.025493 0.050421
0 0.468966 0.476725 0.023269 0.044339
0 0.224856 0.532422 0.021611 0.036022
0 0.803912 0.477019 0.026599 0.015769
