0 0.201322 0.431490 0.025240 0.057692
0 0.782452 0.453125 0.014423 0.050481
0 0.573317 0.436298 0.028846 0.079327
0 0.231971 0.429688 0.021635 0.058894
0 0.164062 0.428486 0.015625 0.039663
0 0.021034 0.421875 0.030048 0.069712
0 0.834736 0.432091 0.018029 0.037260
0 0.799880 0.428486 0.020433 0.054087
0 0.434495 0.428486 0.020433 0.058894
0 0.117788 0.464543 0.021635 0.046875
0 0.514423 0.454327 0.021635 0.060096
0 0.643630 0.426082 0.022837 0.058894
0 0.850962 0.567308 0.024038 0.060096
0 0.701923 0.437500 0.019231 0.033654
0 0.860577 0.430288 0.019231 0.048077
0 0.665264 0.456731 0.020433 0.052885
0 0.734976 0.424279 0.022837 0.057692
0 0.872596 0.599760 0.019231 0.043269
0 0.263822 0.429688 0.025240 0.056490
0 0.063702 0.426082 0.021635 0.068510
0 0.885817 0.427885 0.024038 0.055288
0 0.962139 0.453125 0.015625 0.045673
0 0.309495 0.430889 0.018029 0.046875
0 0.929688 0.598558 0.018029 0.052885
0 0.459135 0.456130 0.016827 0.034856
0 0.942308 0.429087 0.016827 0.048077
0 0.617788 0.420673 0.024038 0.052885
0 0.983173 0.430889 0.014423 0.027644
0 0.409856 0.423678 0.019231 0.061298
0 0.362981 0.435697 0.019231 0.032452
0 0.907452 0.437500 0.019231 0.036058
0 0.763221 0.423678 0.016827 0.063702
0 0.895913 0.573317 0.012981 0.045673
0 0.328125 0.460938 0.019231 0.037260
0 0.286659 0.444111 0.018029 0.030048
0 0.077596 0.460980 0.017163 0.049267
0 0.101106 0.435421 0.029111 0.051875
0 0.473906 0.429075 0.016418 0.052620
0 0.497043 0.425156 0.032091 0.060457
0 0.928065 0.423474 0.018654 0.053365
0 0.909688 0.575409 0.021106 0.044736
