0 0.044333 0.479459 0.030541 0.069639
0 0.075030 0.498858 0.024123 0.034519
0 0.100072 0.500535 0.022909 0.046430
0 0.118864 0.494579 0.017103 0.040024
0 0.144219 0.482512 0.028101 0.061082
0 0.174916 0.488930 0.021683 0.039712
0 0.196755 0.500078 0.014663 0.027800
0 0.217374 0.484802 0.021070 0.054675
0 0.238299 0.484952 0.023209 0.060481
0 0.266707 0.491214 0.021995 0.043678
0 0.289615 0.494123 0.018942 0.036659
0 0.313744 0.495649 0.024435 0.037885
0 0.436082 0.479609 0.032692 0.058954
0 0.487398 0.481599 0.044291 0.035433
0 0.550631 0.483125 0.035132 0.065361
0 0.625162 0.509850 0.027175 0.116382
0 0.651737 0.497632 0.029627 0.040625
0 0.679075 0.490607 0.030553 0.047344
0 0.783089 0.482512 0.025962 0.068413
0 0.912596 0.479303 0.040625 0.073005
0 0.956737 0.474724 0.037272 0.071178
