0 0.016953 0.417260 0.021070 0.043077
0 0.038029 0.423365 0.014976 0.057115
0 0.060631 0.428107 0.026575 0.049483
0 0.114850 0.415577 0.031767 0.048269
0 0.139441 0.415427 0.011911 0.050397
0 0.156550 0.421839 0.019856 0.040625
0 0.171520 0.422909 0.013137 0.047644
0 0.189081 0.422915 0.024435 0.039099
0 0.232608 0.427188 0.028413 0.043990
0 0.254754 0.416803 0.015877 0.050096
0 0.272776 0.426581 0.017716 0.046430
0 0.332644 0.412218 0.039712 0.073930
0 0.357236 0.412218 0.016803 0.059267
0 0.381064 0.412374 0.022296 0.070565
0 0.399850 0.407332 0.012224 0.065986
0 0.417260 0.417260 0.020769 0.042452
0 0.437722 0.409621 0.025661 0.071166
0 0.481100 0.430541 0.022608 0.042764
0 0.500493 0.423065 0.016803 0.052236
0 0.520655 0.425962 0.017416 0.039712
0 0.543257 0.406875 0.030240 0.049784
0 0.578239 0.408401 0.020156 0.060793
0 0.603894 0.425198 0.018317 0.039411
0 0.623900 0.417109 0.011911 0.045204
0 0.661779 0.414056 0.012524 0.053762
0 0.682398 0.409165 0.020156 0.055589
0 0.715078 0.424435 0.039099 0.044591
0 0.769303 0.423365 0.024135 0.046130
0 0.794195 0.423978 0.023822 0.038798
0 0.814814 0.423522 0.019243 0.037885
0 0.836352 0.413894 0.020156 0.062620
0 0.852230 0.426731 0.017103 0.036346
0 0.873924 0.408702 0.022608 0.052236
0 0.893011 0.421076 0.022296 0.042151
0 0.915775 0.424285 0.021382 0.044291
0 0.938221 0.441851 0.014976 0.017716
0 0.018017 0.555937 0.025048 0.056514
0 0.039255 0.567085 0.021082 0.041550
0 0.062620 0.569075 0.023221 0.036346
0 0.086905 0.566166 0.020469 0.035433
0 0.144633 0.563419 0.032680 0.058041
0 0.175186 0.569381 0.026575 0.035132
0 0.199922 0.572584 0.021070 0.037885
0 0.222067 0.568305 0.019543 0.035433
0 0.243756 0.553191 0.027488 0.055901
0 0.280871 0.553648 0.017416 0.047656
0 0.304694 0.552115 0.024748 0.060481
0 0.326538 0.566472 0.017716 0.034820
0 0.350823 0.565403 0.025349 0.044291
0 0.414663 0.553648 0.032067 0.068425
0 0.444748 0.566322 0.026875 0.035745
0 0.469802 0.570445 0.021382 0.037885
0 0.489501 0.552121 0.025349 0.053762
0 0.513630 0.558684 0.020457 0.038185
0 0.558690 0.591833 0.028101 0.096526
0 0.585715 0.566166 0.023522 0.039712
0 0.610156 0.550288 0.022909 0.066587
0 0.632608 0.555325 0.017115 0.058341
0 0.649405 0.563119 0.020156 0.039099
0 0.673239 0.564489 0.027488 0.039411
0 0.702560 0.556244 0.026875 0.060781
0 0.730204 0.564796 0.024135 0.041851
0 0.753269 0.549976 0.021995 0.064760
0 0.796184 0.559603 0.021695 0.040024
0 0.818942 0.563269 0.020769 0.036346
0 0.845517 0.550895 0.017716 0.055589
0 0.874531 0.558684 0.031154 0.036959
0 0.892554 0.558690 0.014050 0.044904
0 0.907831 0.568005 0.018329 0.034207
0 0.927680 0.553492 0.023221 0.057728
0 0.951508 0.565102 0.019555 0.041839
0 0.970901 0.552121 0.015577 0.058642
0 0.988624 0.549369 0.016190 0.058041
