0 0.015841 0.420042 0.025048 0.018329
0 0.064105 0.420655 0.027488 0.058642
0 0.089459 0.431496 0.019543 0.040012
0 0.111611 0.428900 0.021082 0.028714
0 0.129633 0.420505 0.016190 0.058341
0 0.150553 0.427680 0.017115 0.032380
0 0.168882 0.417758 0.019543 0.075445
0 0.187969 0.414549 0.018630 0.067200
0 0.201869 0.429357 0.015877 0.041238
0 0.222338 0.435012 0.023209 0.048269
0 0.261130 0.446623 0.016490 0.029928
0 0.292440 0.420042 0.025962 0.058041
0 0.315805 0.434093 0.016490 0.034820
0 0.334591 0.431346 0.013750 0.034207
0 0.350325 0.430427 0.014062 0.039099
0 0.392939 0.423101 0.021695 0.057428
0 0.416004 0.431959 0.018329 0.032380
0 0.432494 0.423407 0.011599 0.048882
0 0.457079 0.433792 0.024135 0.036046
0 0.480150 0.430276 0.018329 0.034519
0 0.552692 0.419892 0.017404 0.060168
0 0.566286 0.426304 0.013438 0.051623
0 0.577127 0.434706 0.017404 0.028714
0 0.594994 0.430276 0.015276 0.036346
0 0.608744 0.431352 0.014651 0.036046
0 0.625853 0.411647 0.020769 0.055889
0 0.643257 0.427987 0.014663 0.034820
0 0.660367 0.410427 0.026887 0.076671
0 0.681442 0.432115 0.025048 0.036346
0 0.715505 0.418522 0.021082 0.054375
0 0.736274 0.429513 0.018630 0.030541
0 0.756130 0.429213 0.024135 0.031767
0 0.775066 0.455637 0.023522 0.090721
0 0.797981 0.425391 0.015577 0.033305
0 0.821040 0.429513 0.023834 0.037272
0 0.858810 0.415565 0.020769 0.045000
0 0.877139 0.426767 0.013029 0.029111
0 0.892518 0.427782 0.015276 0.034820
0 0.906262 0.416076 0.016298 0.054579
0 0.919706 0.427578 0.018738 0.029123
0 0.940877 0.416178 0.020361 0.053558
0 0.958389 0.433077 0.021995 0.030337
0 0.981508 0.433486 0.023425 0.027909
0 0.052230 0.570246 0.022272 0.091262
0 0.076238 0.554657 0.021947 0.070276
0 0.099934 0.573582 0.014627 0.029255
0 0.133792 0.572308 0.024483 0.040072
0 0.152398 0.593618 0.019075 0.038798
