0 0.054219 0.326575 0.069952 0.062933
0 0.065216 0.477470 0.069952 0.078810
0 0.188317 0.335132 0.056514 0.070865
0 0.244063 0.349327 0.039111 0.047957
0 0.288353 0.348263 0.041538 0.034820
0 0.336617 0.336196 0.043377 0.063233
0 0.386713 0.351623 0.033594 0.042764
0 0.433756 0.349026 0.067200 0.044904
0 0.487362 0.333906 0.046118 0.071466
0 0.534555 0.335739 0.040937 0.067200
0 0.583431 0.346731 0.040325 0.042764
0 0.619934 0.341695 0.022296 0.052837
0 0.653990 0.331923 0.029928 0.067500
0 0.676899 0.348413 0.030553 0.039399
0 0.714772 0.330084 0.042764 0.074231
0 0.755096 0.346430 0.035433 0.040938
0 0.791911 0.352536 0.055288 0.045817
0 0.201364 0.489820 0.052055 0.041755
0 0.255126 0.488413 0.047368 0.043317
0 0.300631 0.486238 0.021190 0.053918
0 0.351737 0.486701 0.033666 0.039892
0 0.394123 0.485457 0.044880 0.039279
0 0.428101 0.477037 0.026803 0.058594
0 0.452254 0.482806 0.033353 0.038954
0 0.480769 0.486394 0.035529 0.053606
0 0.521124 0.476569 0.041454 0.058906
0 0.573173 0.488570 0.043942 0.042380
0 0.685529 0.474237 0.052356 0.068570
0 0.739291 0.485300 0.032091 0.056418
0 0.784327 0.510234 0.059832 0.090685
0 0.844477 0.485451 0.044868 0.040517
0 0.892626 0.485300 0.047680 0.034591
0 0.949351 0.476887 0.058894 0.068870
0 0.786977 0.616977 0.058281 0.056094
0 0.729784 0.630222 0.043630 0.037079
0 0.693948 0.636611 0.048618 0.037404
0 0.642831 0.665126 0.052368 0.105036
0 0.603095 0.626484 0.020877 0.047680
0 0.565697 0.619002 0.045192 0.068870
0 0.511310 0.619621 0.029303 0.067632
0 0.460823 0.634898 0.059844 0.037704
0 0.409243 0.631629 0.038341 0.031791
0 0.351118 0.622746 0.043630 0.058906
0 0.299069 0.635835 0.041142 0.032103
0 0.261827 0.631472 0.042692 0.041454
0 0.207957 0.614417 0.103269 0.057224
