0 0.087488 0.489718 0.061298 0.063353
0 0.131508 0.492284 0.030036 0.059856
0 0.155168 0.495787 0.032500 0.053281
0 0.191160 0.502470 0.040325 0.040325
0 0.230553 0.500619 0.035577 0.034964
0 0.397061 0.491364 0.034964 0.051839
0 0.434603 0.495060 0.029832 0.047308
0 0.474201 0.492903 0.038666 0.060276
0 0.522951 0.490433 0.038666 0.066442
0 0.572728 0.503293 0.029207 0.033317
0 0.600186 0.506070 0.031887 0.028582
0 0.739874 0.501569 0.041238 0.027704
0 0.794964 0.501725 0.056971 0.040613
0 0.857139 0.503299 0.039663 0.034315
0 0.896803 0.501575 0.026442 0.045337
