0 0.036611 0.488744 0.030865 0.017224
0 0.097260 0.476725 0.052404 0.071406
0 0.140859 0.492518 0.026190 0.037680
0 0.165264 0.495210 0.020457 0.037320
0 0.191460 0.481214 0.024050 0.061731
0 0.225913 0.495204 0.031226 0.030144
0 0.254441 0.495391 0.016502 0.028353
0 0.276689 0.495565 0.020805 0.034447
0 0.298756 0.495204 0.016863 0.034447
0 0.320469 0.481575 0.029423 0.054543
0 0.421196 0.496046 0.027752 0.038510
0 0.449056 0.492692 0.022248 0.029904
0 0.475613 0.492933 0.024639 0.030865
0 0.586268 0.477386 0.023930 0.063401
0 0.619519 0.495685 0.031587 0.030625
0 0.659231 0.497242 0.031587 0.099291
0 0.678732 0.497843 0.020325 0.027752
0 0.705643 0.496881 0.027752 0.024411
0 0.743924 0.494964 0.038762 0.029663
0 0.780168 0.496761 0.029423 0.026070
0 0.813666 0.482530 0.019856 0.052151
0 0.835673 0.489225 0.011250 0.037800
0 0.863185 0.495925 0.026082 0.028221
0 0.895240 0.496160 0.029423 0.033017
0 0.922638 0.493534 0.023450 0.031587
0 0.955649 0.494129 0.031106 0.033738
