0 0.242013 0.306761 0.050685 0.097584
0 0.288125 0.281887 0.035529 0.070889
0 0.323179 0.294603 0.038690 0.043894
0 0.355469 0.292151 0.024639 0.050048
0 0.380493 0.295072 0.030481 0.036322
0 0.412073 0.282674 0.038690 0.059844
0 0.468528 0.320499 0.049579 0.086526
0 0.520000 0.282518 0.033149 0.058257
0 0.545024 0.290727 0.018798 0.054796
0 0.566502 0.286466 0.028269 0.058269
0 0.590343 0.292470 0.018474 0.039315
0 0.605895 0.320180 0.045156 0.074207
0 0.642368 0.281731 0.034423 0.055096
0 0.682794 0.295312 0.020204 0.030793
0 0.703948 0.283227 0.021166 0.054002
0 0.732368 0.282440 0.036947 0.069471
0 0.236400 0.428564 0.034171 0.047849
0 0.262638 0.439423 0.027584 0.030024
0 0.290956 0.437722 0.029050 0.026118
0 0.324399 0.435523 0.028077 0.033930
0 0.352464 0.429910 0.015865 0.043209
0 0.377975 0.439423 0.024892 0.030024
0 0.404952 0.430643 0.025144 0.054916
0 0.437903 0.431250 0.031983 0.051250
0 0.501364 0.435156 0.037344 0.037091
0 0.537987 0.442602 0.029050 0.026118
0 0.555559 0.443582 0.024651 0.080793
0 0.623660 0.429904 0.043209 0.045649
0 0.660156 0.435643 0.029784 0.032704
0 0.690180 0.436743 0.036130 0.030024
0 0.580210 0.503263 0.021719 0.030757
0 0.605721 0.503990 0.031731 0.035144
0 0.636358 0.501797 0.025144 0.043930
0 0.677001 0.506797 0.037103 0.030998
0 0.507350 0.511070 0.037103 0.027837
0 0.471364 0.508714 0.023906 0.031130
0 0.406364 0.517680 0.036358 0.095385
0 0.372115 0.522290 0.031130 0.040349
0 0.334387 0.510210 0.046827 0.030637
0 0.289681 0.513948 0.041599 0.034123
0 0.245847 0.497007 0.042584 0.046563
0 0.248588 0.568612 0.029147 0.049820
0 0.276112 0.579694 0.029387 0.034627
0 0.310853 0.573966 0.037115 0.056538
0 0.347584 0.580938 0.028389 0.030144
0 0.387933 0.580817 0.037356 0.028894
0 0.244856 0.706466 0.047067 0.068990
0 0.280962 0.720535 0.035120 0.041334
0 0.310228 0.723275 0.027404 0.036358
0 0.342975 0.717169 0.032127 0.039603
0 0.408359 0.718293 0.036863 0.039856
0 0.449327 0.719291 0.036106 0.035865
0 0.491166 0.714309 0.051058 0.049315
0 0.558780 0.720661 0.036863 0.040096
0 0.585685 0.719417 0.014447 0.044579
0 0.611334 0.721905 0.031875 0.026647
0 0.643089 0.720409 0.034615 0.045577
0 0.671106 0.715174 0.021418 0.050060
0 0.695264 0.722903 0.033365 0.032127
0 0.721665 0.704471 0.027897 0.065505
0 0.752921 0.711322 0.028149 0.059279
0 0.752055 0.684297 0.000000 0.000252
