0 0.031617 0.516671 0.027512 0.100721
0 0.054706 0.519183 0.023450 0.035889
0 0.078269 0.518227 0.015072 0.033498
0 0.100883 0.515950 0.016743 0.031346
0 0.157464 0.510691 0.015553 0.033257
0 0.222656 0.514038 0.034447 0.034688
0 0.254357 0.501478 0.022728 0.060769
0 0.277915 0.505186 0.017704 0.046647
0 0.295859 0.510331 0.016743 0.052151
0 0.314760 0.521575 0.021538 0.035889
0 0.262248 0.517025 0.015072 0.031575
0 0.367037 0.515355 0.019387 0.028714
0 0.386172 0.514760 0.017945 0.035649
0 0.403756 0.512602 0.012921 0.036118
0 0.422662 0.514279 0.023450 0.024159
0 0.445030 0.510451 0.018425 0.030853
0 0.489766 0.512482 0.023209 0.035877
0 0.510823 0.515595 0.017464 0.027752
0 0.538690 0.517392 0.037788 0.030385
0 0.567163 0.516430 0.020096 0.028942
0 0.585944 0.514880 0.013642 0.029663
0 0.601136 0.510691 0.022007 0.038522
0 0.624219 0.514279 0.014111 0.025120
0 0.637494 0.511406 0.023930 0.045697
0 0.661899 0.513203 0.022500 0.033017
0 0.686184 0.515355 0.037560 0.027272
0 0.754369 0.490956 0.028474 0.058377
0 0.777097 0.498245 0.017945 0.050962
0 0.801617 0.500523 0.026791 0.028233
0 0.825655 0.502794 0.031815 0.042344
0 0.844916 0.510691 0.020096 0.037560
0 0.867284 0.511881 0.020817 0.031815
0 0.887025 0.512127 0.018666 0.030385
0 0.907362 0.510685 0.028233 0.039952
0 0.938221 0.489994 0.031587 0.058377
0 0.958197 0.511647 0.023197 0.031346
0 0.974225 0.513083 0.031334 0.037560
0 0.117194 0.518071 0.021863 0.031070
