0 0.025138 0.199531 0.031623 0.046178
0 0.050180 0.192957 0.019183 0.067139
0 0.083221 0.203437 0.033389 0.045481
0 0.113065 0.201484 0.028413 0.055060
0 0.197620 0.189940 0.061106 0.071058
0 0.238828 0.194910 0.015637 0.063954
0 0.268498 0.207169 0.028774 0.042272
0 0.301358 0.205036 0.032692 0.049375
0 0.342746 0.201130 0.035877 0.042284
0 0.372236 0.204153 0.038726 0.036238
0 0.409718 0.202013 0.027007 0.044050
0 0.435120 0.203257 0.029495 0.042284
0 0.470114 0.190294 0.039075 0.065373
0 0.514171 0.202548 0.035529 0.043702
0 0.549159 0.202722 0.042981 0.126478
0 0.585222 0.192957 0.044772 0.074952
0 0.609375 0.219243 0.022740 0.040144
0 0.655385 0.191532 0.047957 0.068570
0 0.694639 0.195619 0.024159 0.057560
0 0.729105 0.198287 0.039796 0.053642
0 0.792344 0.200240 0.026995 0.051154
0 0.819345 0.192248 0.022031 0.061466
0 0.844393 0.199351 0.024507 0.047260
0 0.877608 0.190823 0.044062 0.072127
0 0.758419 0.341100 0.038017 0.045829
0 0.721112 0.341460 0.036599 0.053642
0 0.687891 0.344123 0.034820 0.045481
0 0.616484 0.343233 0.044772 0.051514
0 0.576875 0.342175 0.030913 0.038726
0 0.547921 0.339862 0.034111 0.054002
0 0.510084 0.328317 0.035168 0.059327
0 0.483612 0.343059 0.022728 0.039075
0 0.461406 0.341815 0.025937 0.047957
0 0.429081 0.340751 0.029483 0.042993
0 0.401905 0.340216 0.031262 0.045481
0 0.324627 0.327963 0.030192 0.076382
0 0.353936 0.338618 0.026286 0.038726
0 0.372061 0.340925 0.037656 0.133582
0 0.238299 0.346791 0.052224 0.045120
0 0.199573 0.350168 0.035180 0.049736
0 0.157476 0.340931 0.041923 0.073185
0 0.080024 0.336130 0.021322 0.060745
0 0.100451 0.338618 0.030204 0.075673
0 0.039706 0.346256 0.052224 0.045469
0 0.024429 0.482326 0.026647 0.053281
0 0.049471 0.489609 0.031274 0.045829
0 0.080379 0.489609 0.036238 0.055781
0 0.113419 0.488720 0.014219 0.062536
0 0.147175 0.485349 0.035529 0.043702
0 0.176130 0.473624 0.019543 0.067151
0 0.196905 0.483389 0.031262 0.049736
0 0.233678 0.488011 0.050096 0.044050
0 0.311839 0.475931 0.040144 0.073185
0 0.340613 0.485168 0.027356 0.052572
0 0.374008 0.492626 0.026647 0.036238
0 0.406166 0.475042 0.038365 0.068570
0 0.439736 0.489609 0.035168 0.041575
0 0.474375 0.471490 0.025577 0.071418
0 0.502260 0.473444 0.033750 0.071767
0 0.540457 0.483924 0.032692 0.049387
0 0.580072 0.490144 0.041563 0.048317
0 0.659471 0.484105 0.022740 0.050445
0 0.687891 0.485697 0.034820 0.046538
0 0.735499 0.485697 0.061815 0.059327
0 0.778311 0.476460 0.016695 0.067151
0 0.811178 0.480367 0.036947 0.050805
0 0.893419 0.470246 0.034459 0.064651
0 0.921310 0.479838 0.034111 0.051166
0 0.964471 0.480018 0.054351 0.048666
0 0.023894 0.623011 0.030553 0.060397
0 0.051959 0.628516 0.029135 0.040853
0 0.080739 0.629760 0.023450 0.049736
0 0.106136 0.622302 0.013858 0.060397
0 0.134381 0.635090 0.035517 0.039796
0 0.167957 0.615198 0.022380 0.080998
0 0.198864 0.622837 0.030204 0.038726
0 0.269387 0.613774 0.038365 0.064663
0 0.305619 0.625499 0.032680 0.050445
0 0.345060 0.616797 0.040505 0.074964
0 0.381472 0.627097 0.033762 0.050805
0 0.414513 0.626388 0.044411 0.048666
0 0.478462 0.632602 0.028077 0.049026
0 0.507596 0.631010 0.028774 0.045120
0 0.550048 0.628522 0.038365 0.048678
0 0.637446 0.610931 0.059675 0.075325
0 0.670841 0.625319 0.034808 0.052224
0 0.702284 0.623365 0.035168 0.044760
0 0.736214 0.622302 0.021322 0.039075
0 0.758059 0.627278 0.024507 0.041214
0 0.785415 0.611827 0.033041 0.069279
0 0.817386 0.623726 0.026647 0.041923
0 0.850433 0.623720 0.042284 0.058978
0 0.031172 0.770631 0.029483 0.073546
0 0.064754 0.772404 0.029844 0.042981
0 0.089970 0.783774 0.037656 0.126827
0 0.120523 0.766538 0.033401 0.043341
0 0.151965 0.765829 0.024507 0.051154
0 0.175589 0.765475 0.024159 0.051166
0 0.204549 0.753930 0.035877 0.079928
0 0.243630 0.774892 0.015986 0.026635
