0 0.073678 0.507061 0.056490 0.069267
0 0.141352 0.507332 0.051166 0.066611
0 0.253534 0.506526 0.028245 0.043702
0 0.309754 0.503065 0.039435 0.031442
0 0.384892 0.506797 0.038365 0.061286
0 0.472290 0.517452 0.020252 0.048486
0 0.493071 0.522512 0.023450 0.041562
0 0.520781 0.508125 0.034111 0.063942
0 0.574898 0.520980 0.032921 0.031502
0 0.611376 0.506412 0.018233 0.051166
0 0.632692 0.518017 0.022981 0.030313
0 0.661472 0.504038 0.033161 0.059207
0 0.718792 0.508660 0.034579 0.055180
0 0.751947 0.519549 0.030793 0.036238
0 0.791262 0.512091 0.031731 0.055889
0 0.822055 0.521923 0.035048 0.034808
0 0.857458 0.521569 0.029603 0.030325
0 0.893816 0.519555 0.039796 0.040024
0 0.931478 0.505938 0.030313 0.050216
