0 0.263780 0.368215 0.044219 0.090156
0 0.297464 0.336947 0.015553 0.040913
0 0.308347 0.361587 0.032055 0.060529
0 0.328197 0.371635 0.034928 0.036130
0 0.351292 0.359315 0.031815 0.094736
0 0.371983 0.368642 0.023438 0.030144
0 0.398299 0.359315 0.037800 0.064111
0 0.463377 0.366731 0.045457 0.034928
0 0.541484 0.373191 0.052392 0.039243
0 0.640649 0.372356 0.039712 0.036611
0 0.713257 0.364940 0.039952 0.063870
0 0.787308 0.372951 0.039712 0.043546
0 0.846154 0.369609 0.046418 0.042584
0 0.536575 0.513029 0.045457 0.044255
0 0.463131 0.505252 0.044026 0.030625
0 0.380000 0.505252 0.049519 0.066034
0 0.338846 0.508720 0.026082 0.027512
0 0.296382 0.501785 0.027284 0.073450
0 0.265998 0.520685 0.033966 0.031346
0 0.234183 0.503215 0.024880 0.062440
0 0.217794 0.487314 0.017464 0.032536
0 0.187644 0.512194 0.034688 0.092825
0 0.167788 0.652386 0.041394 0.092344
0 0.204633 0.626070 0.023690 0.033005
0 0.221382 0.645090 0.030865 0.071526
0 0.248059 0.651671 0.027752 0.031587
0 0.278317 0.640421 0.019375 0.064591
0 0.308822 0.650114 0.031587 0.029435
0 0.407031 0.650709 0.040913 0.064111
0 0.443281 0.651070 0.030144 0.024159
0 0.511941 0.641863 0.043546 0.049760
0 0.562055 0.642939 0.045216 0.062440
