0 0.066076 0.496004 0.067680 0.074075
0 0.192644 0.498401 0.054351 0.069279
0 0.253666 0.512788 0.046370 0.043702
0 0.304555 0.512260 0.040505 0.040505
0 0.347458 0.510661 0.038906 0.044760
0 0.395150 0.512254 0.038377 0.039435
0 0.443377 0.515186 0.049567 0.042103
0 0.558221 0.494135 0.054351 0.069279
0 0.608047 0.515986 0.058089 0.038365
0 0.673329 0.497602 0.054351 0.069820
0 0.727151 0.500000 0.046899 0.063942
0 0.778311 0.518918 0.043690 0.041034
0 0.822278 0.517584 0.033570 0.031971
0 0.864910 0.515457 0.035709 0.037308
0 0.911538 0.517855 0.044760 0.043161
0 0.960036 0.517320 0.022380 0.035697
