0 0.114531 0.495823 0.031611 0.051166
0 0.094814 0.465096 0.039796 0.065721
0 0.158227 0.471671 0.052224 0.058269
0 0.291635 0.527620 0.075313 0.075673
0 0.335511 0.537392 0.050805 0.062524
0 0.383113 0.536508 0.048678 0.063594
0 0.426815 0.512169 0.033750 0.031262
0 0.582067 0.530998 0.071418 0.068221
0 0.630559 0.532776 0.058978 0.075313
0 0.690601 0.537212 0.056851 0.059327
0 0.740343 0.535619 0.044050 0.070349
0 0.780661 0.509507 0.027356 0.041562
0 0.806599 0.538281 0.030192 0.047957
0 0.852788 0.528155 0.050096 0.063233
0 0.895595 0.518564 0.025589 0.039075
