0 0.035042 0.473798 0.034820 0.094495
0 0.066659 0.486052 0.030553 0.055781
0 0.103431 0.482145 0.045829 0.087752
0 0.143041 0.484453 0.017043 0.065373
0 0.172530 0.491208 0.031262 0.050445
0 0.210541 0.519453 0.039087 0.120445
0 0.246779 0.489435 0.030553 0.041923
0 0.282308 0.491382 0.034808 0.038726
0 0.319075 0.519093 0.037308 0.111911
0 0.351941 0.491917 0.031262 0.056839
0 0.383029 0.492626 0.036587 0.046190
0 0.419267 0.491563 0.018125 0.038365
0 0.513053 0.477704 0.020962 0.058269
0 0.531526 0.492452 0.022380 0.042981
0 0.556755 0.485349 0.018822 0.072115
0 0.576112 0.485703 0.029844 0.071406
0 0.603828 0.497957 0.028425 0.049736
0 0.621412 0.501154 0.025228 0.043341
0 0.662091 0.484988 0.033389 0.079928
0 0.690865 0.487302 0.048317 0.084555
0 0.718936 0.479838 0.029844 0.066070
0 0.745931 0.494050 0.036238 0.040505
0 0.794609 0.497248 0.064651 0.044760
0 0.867085 0.487121 0.033401 0.046550
