0 0.212230 0.431947 0.059675 0.072500
0 0.262939 0.441466 0.022704 0.055649
0 0.318594 0.450805 0.066635 0.037716
0 0.422398 0.442746 0.045036 0.117536
0 0.459195 0.430487 0.033678 0.073233
0 0.502031 0.448972 0.030024 0.038450
0 0.525835 0.434513 0.024171 0.076887
0 0.603456 0.440913 0.042464 0.034784
0 0.780306 0.432867 0.095925 0.077993
0 0.478966 0.573281 0.073221 0.068101
0 0.290769 0.577861 0.082019 0.039183
0 0.212590 0.593419 0.045036 0.045397
0 0.384135 0.574567 0.046130 0.053822
0 0.387067 0.607885 0.049062 0.020865
0 0.669543 0.422428 0.036250 0.016106
0 0.670276 0.446965 0.045769 0.029291
