0 0.184561 0.496226 0.057200 0.050793
0 0.206058 0.459808 0.064663 0.043341
0 0.261659 0.495343 0.038726 0.036238
0 0.335198 0.420192 0.045108 0.057909
0 0.337867 0.488233 0.054002 0.063245
0 0.337512 0.563732 0.049736 0.057200
0 0.405012 0.491076 0.043341 0.047608
0 0.479261 0.504748 0.056839 0.046538
0 0.521538 0.486629 0.025577 0.197175
0 0.589219 0.474549 0.035168 0.198594
0 0.545343 0.555553 0.031983 0.054351
0 0.554754 0.495871 0.042993 0.055060
0 0.553510 0.418425 0.040505 0.056490
0 0.641268 0.497290 0.039796 0.038017
0 0.708768 0.499069 0.038377 0.055060
0 0.738612 0.488768 0.023450 0.202151
0 0.841100 0.490186 0.033041 0.200733
0 0.770048 0.421082 0.038726 0.059688
0 0.812506 0.426058 0.041214 0.068918
0 0.791364 0.499243 0.035877 0.057548
0 0.776623 0.561593 0.030553 0.053642
