0 0.018696 0.346076 0.023450 0.060757
0 0.039303 0.369351 0.017043 0.031971
0 0.056532 0.357981 0.019531 0.062524
0 0.086911 0.359405 0.024159 0.056839
0 0.105739 0.371833 0.017055 0.033401
0 0.127945 0.368281 0.024519 0.031971
0 0.172885 0.394928 0.024159 0.079591
0 0.195799 0.372728 0.011022 0.025937
0 0.211256 0.376629 0.018474 0.026647
0 0.235234 0.371478 0.033041 0.069639
0 0.263119 0.356737 0.017055 0.055781
0 0.279111 0.368996 0.017764 0.042632
0 0.338438 0.360469 0.021322 0.058966
0 0.362242 0.376454 0.024868 0.032692
0 0.384267 0.386220 0.030553 0.052224
0 0.407368 0.375745 0.019183 0.030553
0 0.425835 0.373077 0.020613 0.035889
0 0.446623 0.370950 0.017404 0.036587
0 0.467224 0.370769 0.023798 0.033389
0 0.495649 0.354075 0.023798 0.058269
0 0.548227 0.372013 0.022392 0.037296
0 0.571677 0.372897 0.021671 0.035529
0 0.594056 0.389958 0.021671 0.068209
0 0.615907 0.371659 0.014219 0.034471
0 0.629766 0.375385 0.012079 0.030553
0 0.646106 0.374856 0.020601 0.028774
0 0.665288 0.366863 0.020601 0.056130
0 0.682879 0.372368 0.021671 0.040865
0 0.736701 0.376100 0.021310 0.042632
0 0.758726 0.381959 0.017764 0.035889
0 0.784303 0.370240 0.024159 0.051514
0 0.823029 0.367933 0.024159 0.054712
0 0.842218 0.370415 0.014916 0.034820
0 0.867266 0.372903 0.025228 0.036238
0 0.021893 0.491208 0.019892 0.061815
0 0.040367 0.510751 0.018474 0.037656
0 0.057416 0.507374 0.019183 0.037296
0 0.072518 0.507194 0.021671 0.100180
0 0.086731 0.510042 0.017404 0.084555
0 0.097746 0.506659 0.008882 0.036587
0 0.111244 0.512704 0.015276 0.032332
0 0.130781 0.513942 0.014567 0.045481
0 0.197224 0.502398 0.019543 0.061454
0 0.258329 0.508257 0.025938 0.056130
0 0.283552 0.520162 0.024507 0.029483
0 0.309135 0.513413 0.020962 0.035168
0 0.330264 0.510925 0.017764 0.038005
0 0.351058 0.515367 0.027356 0.032680
0 0.420685 0.564748 0.055769 0.208197
0 0.468648 0.653209 0.025228 0.050457
0 0.490325 0.649657 0.020962 0.044050
0 0.513768 0.670799 0.023089 0.073546
0 0.537921 0.656052 0.022380 0.038377
0 0.559069 0.643089 0.018474 0.062885
0 0.578071 0.647350 0.010300 0.048666
0 0.598852 0.656052 0.021310 0.031262
0 0.471310 0.503107 0.027716 0.060036
0 0.501328 0.496178 0.021671 0.043341
0 0.525138 0.496538 0.018834 0.045481
0 0.543786 0.494050 0.016346 0.046178
0 0.569014 0.490673 0.026995 0.065721
0 0.591040 0.492981 0.014916 0.059688
0 0.611821 0.500445 0.025925 0.047596
0 0.721418 0.571142 0.029135 0.063942
0 0.749850 0.588017 0.024868 0.043702
0 0.775066 0.586064 0.018474 0.037656
0 0.796917 0.583582 0.019531 0.036947
0 0.833510 0.581977 0.019543 0.036599
0 0.854117 0.586238 0.020950 0.033750
0 0.876322 0.568834 0.022740 0.068558
0 0.896220 0.586947 0.022031 0.027356
0 0.914159 0.582332 0.011010 0.037308
0 0.924285 0.586953 0.008522 0.029483
0 0.936010 0.572740 0.019183 0.057909
0 0.954657 0.586424 0.013137 0.029844
0 0.969044 0.571496 0.015637 0.056839
0 0.979880 0.572031 0.017404 0.059327
0 0.145397 0.514111 0.017404 0.033702
