0 0.157296 0.308954 0.017764 0.044760
0 0.184651 0.312151 0.031274 0.032692
0 0.259441 0.297758 0.038017 0.068570
0 0.290168 0.304868 0.014207 0.054351
0 0.306160 0.314105 0.018474 0.037296
0 0.326226 0.312680 0.023798 0.038726
0 0.346659 0.313750 0.025577 0.042284
0 0.383606 0.313924 0.056130 0.042632
0 0.463714 0.294213 0.033750 0.069988
0 0.495871 0.311797 0.022031 0.042632
0 0.518251 0.312861 0.019195 0.034111
0 0.540637 0.311797 0.024159 0.038377
0 0.564435 0.302554 0.016346 0.055421
0 0.591617 0.316238 0.021671 0.030192
0 0.617554 0.304507 0.034459 0.070697
0 0.690379 0.309663 0.016695 0.032692
0 0.711875 0.301136 0.019183 0.052584
0 0.735679 0.311262 0.027007 0.025937
0 0.775469 0.308600 0.040505 0.050445
0 0.831779 0.303095 0.030913 0.050805
0 0.865529 0.306466 0.019543 0.044760
0 0.884357 0.308774 0.024507 0.045120
0 0.042548 0.434543 0.041923 0.075673
0 0.073275 0.458341 0.026647 0.035168
0 0.096544 0.455679 0.024868 0.032680
0 0.124429 0.432590 0.021671 0.057560
0 0.146460 0.449285 0.018834 0.041214
0 0.168311 0.452127 0.022728 0.037668
0 0.189093 0.475571 0.028065 0.090950
0 0.211298 0.453017 0.029135 0.040144
0 0.279153 0.436671 0.027704 0.064303
0 0.301184 0.449465 0.021310 0.035877
0 0.324279 0.446617 0.024159 0.040853
0 0.384135 0.440048 0.030192 0.065361
0 0.404213 0.453552 0.028425 0.034820
0 0.435829 0.451064 0.028413 0.037656
0 0.470643 0.480727 0.029844 0.100541
0 0.499603 0.447867 0.017404 0.034820
0 0.522692 0.448215 0.024519 0.034820
0 0.547740 0.439165 0.022019 0.057200
0 0.567458 0.450703 0.018834 0.034820
0 0.588419 0.454970 0.029483 0.047608
0 0.652542 0.451244 0.033401 0.039435
0 0.688425 0.451064 0.035529 0.042632
0 0.747578 0.461538 0.031623 0.120433
0 0.815793 0.452662 0.031611 0.045829
0 0.846520 0.447506 0.023450 0.039075
0 0.865889 0.484988 0.027356 0.099832
0 0.893600 0.446617 0.025228 0.031623
0 0.920775 0.436496 0.025589 0.062536
0 0.942091 0.442001 0.014207 0.047969
0 0.969447 0.447686 0.033389 0.049387
0 0.040769 0.600631 0.035529 0.043353
0 0.071502 0.592632 0.028774 0.038726
0 0.090685 0.587837 0.017404 0.046899
0 0.116088 0.580379 0.023450 0.058257
0 0.193353 0.585355 0.028774 0.050445
0 0.217338 0.586238 0.011358 0.045120
0 0.246292 0.590685 0.025228 0.041923
0 0.312722 0.582512 0.033041 0.057548
0 0.337242 0.597969 0.019531 0.030913
0 0.362819 0.600451 0.021671 0.034459
0 0.387338 0.583936 0.023089 0.052584
0 0.418774 0.586599 0.020601 0.054351
0 0.440096 0.588371 0.017764 0.047248
0 0.456082 0.596544 0.022019 0.039435
0 0.480775 0.593702 0.020252 0.032332
0 0.500132 0.591569 0.017764 0.035877
0 0.537614 0.593173 0.033762 0.038365
0 0.561418 0.591575 0.016707 0.032332
0 0.574026 0.597079 0.009952 0.022019
0 0.592861 0.582157 0.019183 0.058257
0 0.605829 0.595475 0.022380 0.038017
0 0.660889 0.597963 0.027356 0.039435
0 0.689135 0.600986 0.026995 0.046178
0 0.717915 0.598149 0.029123 0.036947
0 0.761436 0.597254 0.033041 0.106935
0 0.804063 0.589615 0.027356 0.036947
0 0.828047 0.593347 0.017055 0.040156
0 0.846166 0.619820 0.027716 0.090240
0 0.869970 0.597434 0.019195 0.046190
0 0.891995 0.592284 0.017764 0.062885
0 0.912248 0.589081 0.014928 0.057200
0 0.942981 0.591749 0.030913 0.044772
0 0.037584 0.733864 0.016755 0.037224
0 0.052566 0.728708 0.013858 0.046550
0 0.073107 0.740228 0.024651 0.031250
0 0.103474 0.735877 0.028678 0.045745
