0 0.020757 0.413558 0.036995 0.067308
0 0.051208 0.436490 0.022440 0.035745
0 0.074874 0.438708 0.030325 0.104291
0 0.107794 0.426256 0.025637 0.067055
0 0.141575 0.444627 0.028606 0.034760
0 0.171899 0.442903 0.021707 0.033281
0 0.277181 0.431310 0.024651 0.061394
0 0.301839 0.427242 0.021707 0.063113
0 0.323660 0.441544 0.031815 0.046358
0 0.359165 0.435379 0.033786 0.060156
0 0.387031 0.429585 0.022933 0.063377
0 0.412422 0.440559 0.018978 0.027608
0 0.441514 0.442530 0.022933 0.031550
0 0.468762 0.438341 0.017260 0.033534
0 0.504760 0.428600 0.024159 0.062873
0 0.532374 0.445000 0.021695 0.035505
0 0.553089 0.456214 0.034519 0.054495
0 0.644808 0.442163 0.023173 0.039207
0 0.669832 0.431430 0.019976 0.051779
0 0.705463 0.440559 0.038954 0.040925
0 0.741959 0.426875 0.035505 0.056466
0 0.783504 0.437969 0.036743 0.039687
0 0.857464 0.457572 0.042163 0.116370
0 0.888047 0.445367 0.027368 0.034772
0 0.909742 0.477296 0.039195 0.100096
0 0.946358 0.434760 0.020216 0.059423
0 0.970643 0.440313 0.024411 0.034519
0 0.024399 0.563750 0.042644 0.072452
0 0.058552 0.579784 0.023401 0.038870
0 0.083648 0.581298 0.029050 0.044904
0 0.116286 0.561292 0.032452 0.059243
0 0.154399 0.564123 0.023389 0.059615
0 0.183083 0.577518 0.027921 0.034339
0 0.216094 0.576761 0.023774 0.034339
0 0.242326 0.578083 0.024147 0.043017
0 0.353642 0.570913 0.041514 0.078486
0 0.380439 0.584694 0.025661 0.038113
0 0.420054 0.589784 0.035469 0.037740
0 0.464393 0.579219 0.039627 0.067163
0 0.506472 0.591106 0.021142 0.032067
0 0.535150 0.575823 0.029435 0.066406
0 0.570246 0.573744 0.027175 0.066791
0 0.608924 0.586581 0.029820 0.038113
0 0.639868 0.583371 0.032067 0.035469
