0 0.071779 0.505938 0.048558 0.076971
0 0.102927 0.531635 0.038377 0.034111
0 0.145198 0.532109 0.037656 0.037897
0 0.190559 0.519315 0.055421 0.072476
0 0.235325 0.523702 0.038846 0.043341
0 0.402536 0.436899 0.040745 0.056370
0 0.440907 0.434760 0.038834 0.065841
0 0.490409 0.450631 0.042163 0.033161
0 0.539669 0.449327 0.050685 0.036707
0 0.625529 0.449802 0.081707 0.044291
0 0.716833 0.514934 0.052103 0.065613
0 0.758047 0.527374 0.039315 0.035998
0 0.801034 0.514934 0.031034 0.067031
0 0.834904 0.527374 0.036707 0.037897
0 0.887957 0.513281 0.050913 0.060865
0 0.933071 0.520499 0.039315 0.039796
