0 0.284393 0.276977 0.044411 0.044411
0 0.325072 0.295811 0.034808 0.044411
0 0.360775 0.270763 0.031623 0.031262
0 0.441244 0.272536 0.045469 0.066082
0 0.514609 0.280000 0.053642 0.044760
0 0.586550 0.277512 0.022740 0.019183
0 0.629543 0.273960 0.046899 0.054002
0 0.500577 0.296340 0.522957 0.016334
0 0.285463 0.410919 0.053642 0.068570
0 0.328269 0.418197 0.026298 0.028413
0 0.380319 0.433299 0.065733 0.131094
0 0.435385 0.418023 0.049375 0.052224
0 0.500577 0.420685 0.034111 0.046899
0 0.576250 0.405583 0.096635 0.081358
0 0.643041 0.372728 0.033389 0.035529
0 0.702548 0.432590 0.064303 0.150276
0 0.290685 0.692674 0.073966 0.070300
0 0.295078 0.760781 0.071767 0.060048
0 0.369585 0.695607 0.047224 0.037344
0 0.436593 0.724525 0.065541 0.150853
0 0.505240 0.716839 0.049062 0.042476
0 0.565288 0.720138 0.041010 0.046142
0 0.614537 0.710619 0.047224 0.065180
0 0.670925 0.724159 0.061154 0.139135
