0 0.188918 0.513239 0.045481 0.103738
0 0.243984 0.483389 0.022031 0.039784
0 0.323389 0.445907 0.077091 0.044411
0 0.302602 0.496178 0.047608 0.053293
0 0.367440 0.493161 0.043702 0.038726
0 0.427302 0.496004 0.049026 0.052224
0 0.427482 0.434189 0.069988 0.058618
0 0.418245 0.565282 0.053654 0.060757
0 0.470288 0.507548 0.058269 0.203918
0 0.555733 0.488185 0.043702 0.054351
0 0.631581 0.488359 0.047608 0.073185
0 0.672440 0.498846 0.068221 0.188654
0 0.755222 0.438450 0.055421 0.068558
0 0.761611 0.495823 0.062524 0.044772
0 0.760367 0.556755 0.052224 0.070000
0 0.808864 0.500445 0.042632 0.186154
