0 0.045547 0.497740 0.051118 0.046755
0 0.086064 0.500547 0.028257 0.036983
0 0.112656 0.528281 0.027428 0.084976
0 0.141232 0.501689 0.027632 0.036358
0 0.171563 0.501899 0.038846 0.029303
0 0.236388 0.484237 0.038858 0.060469
0 0.271923 0.513323 0.051322 0.119892
0 0.493930 0.478834 0.041971 0.061298
0 0.534441 0.493275 0.024099 0.044459
0 0.560415 0.486520 0.014964 0.058377
0 0.585451 0.495246 0.026382 0.039267
0 0.614850 0.497740 0.035733 0.042596
0 0.716971 0.478522 0.057548 0.071058
0 0.756136 0.496599 0.034483 0.037404
0 0.791875 0.497951 0.036154 0.033450
0 0.822206 0.522464 0.032416 0.114904
0 0.854724 0.493173 0.029712 0.045913
0 0.895451 0.495355 0.019315 0.039892
0 0.917374 0.478522 0.031166 0.068558
0 0.937837 0.487560 0.022236 0.055481
0 0.961629 0.496394 0.031166 0.042380
