0 0.034688 0.507975 0.044423 0.122800
0 0.056184 0.497794 0.039291 0.070349
0 0.090120 0.530198 0.033942 0.068498
0 0.123035 0.499958 0.029002 0.057392
0 0.163966 0.491214 0.021178 0.048534
0 0.184844 0.523305 0.021394 0.042380
0 0.215799 0.510547 0.042993 0.067055
0 0.252416 0.524231 0.020769 0.045048
0 0.274423 0.497386 0.023654 0.072825
0 0.299002 0.523401 0.025096 0.048750
0 0.327494 0.509008 0.046286 0.118690
0 0.378299 0.456448 0.028594 0.056767
0 0.406382 0.453768 0.025096 0.018498
0 0.439501 0.500883 0.026334 0.038666
0 0.484447 0.503347 0.019543 0.051430
0 0.507788 0.475992 0.031274 0.016046
0 0.570631 0.508185 0.065204 0.059856
0 0.649820 0.497079 0.048750 0.073438
0 0.681917 0.541815 0.028594 0.096274
0 0.721508 0.495739 0.016454 0.048137
0 0.755553 0.502218 0.044639 0.067272
0 0.804405 0.508287 0.021382 0.034555
0 0.830012 0.500980 0.026947 0.054099
0 0.859946 0.505613 0.031262 0.044423
0 0.880823 0.517440 0.019123 0.041346
0 0.908798 0.501911 0.036827 0.050192
0 0.941809 0.524333 0.022632 0.048954
0 0.953329 0.481238 0.024688 0.044231
0 0.978732 0.480925 0.022416 0.021394
