0 0.027181 0.319261 0.022103 0.055421
0 0.042734 0.334189 0.018786 0.040733
0 0.066262 0.324868 0.023534 0.064111
0 0.087975 0.328660 0.017680 0.068522
0 0.106689 0.345631 0.020685 0.038690
0 0.129892 0.340499 0.021947 0.028425
0 0.158552 0.356292 0.014531 0.023377
0 0.194952 0.332843 0.031106 0.055108
0 0.223606 0.339002 0.020529 0.037115
0 0.245559 0.339868 0.019267 0.029687
0 0.288035 0.347764 0.024315 0.098221
0 0.310373 0.335294 0.016899 0.038522
0 0.330349 0.332296 0.022428 0.059688
0 0.353323 0.336004 0.020060 0.035517
0 0.377163 0.338924 0.025745 0.036623
0 0.433540 0.329129 0.023209 0.058738
0 0.453666 0.342163 0.022740 0.029207
0 0.477428 0.340895 0.023846 0.029844
0 0.502061 0.324633 0.020685 0.058906
0 0.528431 0.324002 0.020060 0.065529
0 0.585120 0.335769 0.028582 0.035048
0 0.610775 0.342951 0.021166 0.037103
0 0.630667 0.341058 0.021791 0.123005
0 0.671887 0.332764 0.020529 0.044207
0 0.691857 0.330084 0.011839 0.055577
0 0.705439 0.337500 0.016262 0.034423
0 0.725805 0.320529 0.023846 0.058269
0 0.762518 0.336556 0.029050 0.044531
0 0.792043 0.317608 0.023053 0.071995
0 0.816755 0.325108 0.020361 0.061106
0 0.832704 0.330715 0.012476 0.054315
0 0.847308 0.328191 0.020841 0.074844
0 0.868071 0.330078 0.027007 0.063474
0 0.889621 0.340264 0.019579 0.042163
0 0.914814 0.321869 0.020685 0.065373
0 0.931785 0.348792 0.012632 0.025108
0 0.027927 0.470547 0.022031 0.057368
0 0.048972 0.478353 0.022680 0.037476
0 0.065156 0.477782 0.011346 0.047175
0 0.087927 0.476629 0.028930 0.071502
0 0.112169 0.467013 0.015950 0.064099
0 0.168305 0.471202 0.043726 0.061971
0 0.192716 0.485992 0.018582 0.035998
0 0.212194 0.473425 0.014459 0.069038
0 0.225264 0.472350 0.018245 0.066575
0 0.246875 0.485913 0.018077 0.037476
0 0.263726 0.481803 0.018894 0.037812
0 0.290439 0.469231 0.022680 0.062957
0 0.314026 0.469315 0.019231 0.063774
0 0.335559 0.485421 0.021863 0.036827
0 0.362181 0.484928 0.023834 0.032548
0 0.428438 0.479069 0.028630 0.041502
0 0.436653 0.451791 0.040998 0.040817
0 0.469441 0.489315 0.019820 0.022356
0 0.506028 0.459159 0.027945 0.061995
0 0.524916 0.470168 0.017957 0.043029
0 0.546767 0.459159 0.018630 0.072163
0 0.579465 0.468564 0.033209 0.062175
0 0.611058 0.477284 0.027957 0.039639
0 0.636725 0.478726 0.021695 0.037091
0 0.679159 0.476947 0.031346 0.040649
0 0.697879 0.472710 0.013209 0.048450
0 0.717873 0.476947 0.022692 0.028125
0 0.739381 0.477542 0.019651 0.035060
0 0.757680 0.470679 0.010505 0.046070
0 0.771743 0.502109 0.021010 0.080469
0 0.789525 0.477885 0.016262 0.039135
0 0.808672 0.465938 0.018305 0.061322
0 0.832392 0.477206 0.034904 0.041839
0 0.883726 0.468732 0.025072 0.066238
0 0.897692 0.477200 0.028293 0.043534
0 0.922596 0.463486 0.024567 0.071322
0 0.943858 0.468227 0.017957 0.065565
0 0.961647 0.485162 0.024399 0.037103
0 0.988161 0.485168 0.021514 0.031683
0 0.026352 0.622608 0.020252 0.038173
0 0.048227 0.613179 0.026310 0.060300
0 0.074243 0.622200 0.022692 0.033173
0 0.099309 0.624345 0.029796 0.044579
0 0.160811 0.614243 0.030493 0.064784
0 0.183347 0.620048 0.023209 0.040745
0 0.204537 0.617079 0.019171 0.029423
0 0.225186 0.615727 0.017825 0.041839
0 0.239087 0.620186 0.015913 0.043185
0 0.259736 0.604531 0.026995 0.060457
0 0.283486 0.614381 0.014038 0.054796
0 0.301028 0.617891 0.026983 0.042368
0 0.325998 0.602776 0.024014 0.069904
0 0.346779 0.623828 0.021851 0.037512
0 0.369585 0.620451 0.024291 0.037248
0 0.387939 0.643395 0.025901 0.077728
0 0.408053 0.620451 0.015385 0.039411
0 0.425727 0.625036 0.028065 0.060457
0 0.451232 0.617344 0.030493 0.107692
0 0.471472 0.618966 0.019700 0.042380
0 0.487127 0.617344 0.012139 0.058029
0 0.504405 0.605739 0.025637 0.064507
