0 0.032698 0.291190 0.034099 0.054471
0 0.062187 0.288227 0.014447 0.040036
0 0.074381 0.297109 0.013738 0.043113
0 0.094513 0.287398 0.026526 0.046430
0 0.116304 0.290361 0.019892 0.034808
0 0.160601 0.287398 0.027476 0.050204
0 0.185469 0.287518 0.022740 0.058017
0 0.205715 0.289531 0.020132 0.038365
0 0.223486 0.285980 0.017764 0.055901
0 0.247518 0.301725 0.021310 0.032921
0 0.269543 0.299008 0.017524 0.035998
0 0.290156 0.297704 0.022740 0.027716
0 0.354219 0.284916 0.030553 0.061346
0 0.379087 0.289886 0.019183 0.040493
0 0.401232 0.304333 0.018954 0.042873
0 0.464832 0.312740 0.031971 0.063005
0 0.496803 0.285625 0.026298 0.056611
0 0.522734 0.288936 0.015156 0.023450
0 0.559213 0.283371 0.039796 0.050685
0 0.587987 0.293678 0.020132 0.048077
0 0.605397 0.299477 0.019904 0.034099
0 0.628726 0.283251 0.019663 0.071767
0 0.673371 0.289886 0.028425 0.055661
0 0.694453 0.294982 0.015637 0.032680
0 0.712332 0.294742 0.017284 0.037897
0 0.727254 0.285030 0.013498 0.053522
0 0.745847 0.293558 0.025108 0.036466
0 0.025950 0.438864 0.019183 0.051406
0 0.041701 0.428203 0.012320 0.067969
0 0.065739 0.430931 0.023450 0.056839
0 0.085637 0.441947 0.025337 0.033870
0 0.118317 0.425126 0.029135 0.062296
0 0.143425 0.433774 0.022500 0.045000
0 0.169718 0.434243 0.025349 0.042163
0 0.209387 0.428203 0.017043 0.058978
0 0.228101 0.429627 0.017524 0.042861
0 0.247638 0.417903 0.021550 0.072464
0 0.313131 0.425835 0.034579 0.051863
0 0.342620 0.430457 0.014447 0.052572
0 0.365120 0.434483 0.027236 0.050216
0 0.416274 0.428918 0.017284 0.047139
0 0.438305 0.420745 0.027236 0.063942
0 0.456893 0.435667 0.015637 0.035060
0 0.477145 0.438155 0.016815 0.032440
0 0.494081 0.434597 0.021791 0.042392
0 0.539081 0.428912 0.029363 0.049026
0 0.568329 0.436256 0.025817 0.036238
0 0.626238 0.431406 0.032212 0.046418
0 0.653119 0.430571 0.018714 0.039075
0 0.673371 0.436496 0.023209 0.043810
0 0.707127 0.440282 0.025817 0.032921
0 0.730216 0.439105 0.019904 0.032921
0 0.750944 0.442770 0.022031 0.038377
0 0.780427 0.431400 0.023209 0.047849
0 0.804940 0.427145 0.022500 0.042632
0 0.824603 0.432704 0.022500 0.039087
0 0.850535 0.431286 0.019892 0.064183
0 0.876232 0.438035 0.021550 0.030781
0 0.898618 0.435072 0.027476 0.036707
0 0.919219 0.423113 0.020361 0.045937
0 0.936983 0.432115 0.011370 0.044519
0 0.960198 0.432230 0.018474 0.037656
0 0.983522 0.443245 0.020601 0.037885
0 0.026292 0.583840 0.029531 0.041983
0 0.053876 0.573954 0.027584 0.037837
0 0.101719 0.603612 0.030024 0.087392
0 0.125637 0.585060 0.017332 0.039543
0 0.150661 0.571022 0.018558 0.055889
0 0.178606 0.587380 0.030024 0.046130
0 0.204483 0.583594 0.020745 0.035649
0 0.227308 0.573828 0.026370 0.060541
0 0.255012 0.584820 0.023678 0.045889
0 0.283810 0.580907 0.028558 0.037584
0 0.338005 0.572368 0.035889 0.061514
0 0.369856 0.553203 0.019038 0.037825
0 0.404886 0.567236 0.027103 0.062981
0 0.434056 0.576028 0.021959 0.040036
0 0.460661 0.576394 0.026851 0.038317
0 0.487272 0.579441 0.028798 0.053209
0 0.514117 0.581154 0.022945 0.037596
0 0.576490 0.577001 0.037837 0.037584
0 0.606268 0.572728 0.014411 0.055409
0 0.629093 0.569075 0.024892 0.056875
0 0.686088 0.597019 0.027584 0.082019
0 0.708305 0.578101 0.017332 0.038822
0 0.723918 0.580421 0.022212 0.032212
0 0.744916 0.572488 0.013918 0.055889
0 0.762368 0.580907 0.020986 0.030276
0 0.789093 0.600072 0.029050 0.097885
0 0.813750 0.574441 0.018317 0.036863
0 0.831322 0.579561 0.017332 0.038810
0 0.853540 0.574681 0.021719 0.044675
0 0.885150 0.577981 0.051262 0.040024
0 0.026869 0.715012 0.022175 0.053053
0 0.051028 0.710397 0.023161 0.055288
0 0.073942 0.712398 0.015697 0.016935
0 0.106070 0.716881 0.035120 0.049315
0 0.130228 0.724597 0.016683 0.042849
0 0.144675 0.725343 0.015192 0.035373
0 0.164591 0.711773 0.018678 0.058522
0 0.204069 0.730697 0.022921 0.041587
0 0.228852 0.726839 0.021671 0.036370
0 0.257740 0.723846 0.024663 0.030385
0 0.277794 0.720361 0.013450 0.050313
0 0.308299 0.726959 0.048570 0.040096
0 0.357861 0.721112 0.039591 0.040853
0 0.392981 0.710529 0.022163 0.059519
0 0.405427 0.733564 0.019675 0.019435
