0 0.332800 0.258966 0.031971 0.056611
0 0.364183 0.272350 0.025096 0.029844
0 0.386088 0.258726 0.020132 0.055649
0 0.405276 0.269387 0.030553 0.032452
0 0.447554 0.261689 0.025108 0.051623
0 0.470883 0.263227 0.018233 0.049026
0 0.488648 0.275541 0.021550 0.030553
0 0.518726 0.265355 0.027716 0.049026
0 0.547506 0.274243 0.031743 0.034111
0 0.293834 0.410186 0.028894 0.023209
0 0.319423 0.404153 0.017524 0.049507
0 0.347368 0.401310 0.019904 0.053293
0 0.389405 0.405691 0.050445 0.017055
0 0.484032 0.403912 0.031262 0.036719
0 0.548209 0.394201 0.032212 0.053762
0 0.589543 0.404742 0.041923 0.055901
0 0.632650 0.438137 0.045709 0.082428
0 0.288684 0.534802 0.047127 0.016502
0 0.329832 0.525950 0.024639 0.045697
0 0.362608 0.515306 0.019375 0.042103
0 0.389639 0.545204 0.060048 0.015313
0 0.471106 0.553221 0.031587 0.030385
0 0.548618 0.538870 0.049279 0.061490
0 0.585457 0.540186 0.055505 0.057897
0 0.625054 0.540787 0.053834 0.052873
0 0.670631 0.582290 0.042584 0.100012
0 0.288083 0.690787 0.062680 0.018425
0 0.337254 0.677987 0.022728 0.056935
0 0.363930 0.677025 0.020096 0.053594
0 0.406028 0.688035 0.053594 0.016743
0 0.488450 0.690547 0.030385 0.048570
0 0.551971 0.689832 0.045938 0.054303
0 0.598738 0.691382 0.053341 0.054543
0 0.648504 0.686959 0.042825 0.050000
0 0.701971 0.718654 0.069856 0.100962
