0 0.165463 0.473179 0.063714 0.063954
0 0.224087 0.499351 0.054471 0.033389
0 0.259381 0.497927 0.041214 0.104916
0 0.306629 0.479808 0.044291 0.077692
0 0.367614 0.495793 0.040733 0.043822
0 0.419135 0.498756 0.048558 0.033161
0 0.508305 0.478858 0.049736 0.073894
0 0.543474 0.499471 0.048558 0.033630
0 0.588714 0.499111 0.041923 0.038125
0 0.632770 0.489994 0.034820 0.072945
0 0.666875 0.501599 0.044760 0.030793
0 0.719219 0.487626 0.043341 0.062055
0 0.768720 0.500529 0.036719 0.041923
0 0.812175 0.490469 0.035529 0.064904
0 0.853630 0.481466 0.041683 0.061106
