0 0.184255 0.440445 0.059687 0.069279
0 0.247139 0.440451 0.059687 0.042632
0 0.314285 0.441244 0.029844 0.074075
0 0.353714 0.446845 0.056490 0.073546
0 0.381695 0.474820 0.028245 0.034639
0 0.412608 0.445775 0.044231 0.060757
0 0.446442 0.440180 0.030913 0.073005
0 0.488011 0.410072 0.041575 0.047957
0 0.602320 0.443377 0.042091 0.043173
0 0.707302 0.434050 0.058089 0.062885
0 0.747001 0.467891 0.020252 0.038906
0 0.782710 0.438582 0.045829 0.073005
0 0.825601 0.438852 0.047428 0.068209
0 0.620968 0.589663 0.058089 0.041562
0 0.671064 0.584333 0.021839 0.055421
0 0.713431 0.597121 0.044772 0.036238
0 0.794429 0.586466 0.042632 0.062885
