0 0.041370 0.500565 0.038413 0.076130
0 0.082819 0.504189 0.020781 0.069844
0 0.126797 0.515066 0.026094 0.041815
0 0.161713 0.498756 0.029724 0.066695
0 0.207506 0.501286 0.041070 0.077091
0 0.246052 0.512163 0.033113 0.035048
0 0.277224 0.513371 0.026827 0.028762
0 0.312031 0.515066 0.036490 0.035036
0 0.348636 0.505637 0.022224 0.054375
0 0.374615 0.515913 0.023918 0.032861
0 0.415697 0.500565 0.044712 0.055817
0 0.526376 0.497909 0.051478 0.077572
0 0.566971 0.519411 0.028269 0.031178
0 0.599117 0.515066 0.039387 0.033113
0 0.638870 0.517602 0.035769 0.034796
0 0.687921 0.502981 0.049784 0.069832
0 0.728762 0.517115 0.018365 0.055096
0 0.774315 0.516514 0.050024 0.033101
0 0.819026 0.513251 0.050024 0.047368
0 0.870457 0.501532 0.029159 0.069363
0 0.912782 0.514219 0.039387 0.045433
0 0.956160 0.513011 0.039147 0.044459
