0 0.105114 0.430042 0.065613 0.076022
0 0.106310 0.562879 0.062524 0.083185
0 0.163672 0.487025 0.047849 0.241406
0 0.052212 0.501166 0.045673 0.275120
0 0.225385 0.510409 0.042957 0.048942
0 0.333311 0.508233 0.070685 0.090264
0 0.404002 0.450595 0.059808 0.061983
0 0.546184 0.502254 0.028810 0.039147
0 0.602728 0.496538 0.037524 0.081010
0 0.645685 0.493552 0.071226 0.079387
0 0.698972 0.507963 0.046214 0.032079
0 0.748720 0.521821 0.077200 0.070685
0 0.807716 0.504970 0.033173 0.076118
0 0.856376 0.428846 0.039147 0.059808
0 0.893624 0.435102 0.028810 0.032079
0 0.933858 0.431022 0.048389 0.081563
