0 0.040986 0.470282 0.061587 0.059844
0 0.136827 0.475024 0.035048 0.058269
0 0.169910 0.478341 0.032680 0.053846
0 0.204020 0.487813 0.043738 0.035216
0 0.251544 0.483474 0.027320 0.050216
0 0.275859 0.484730 0.011214 0.037584
0 0.305625 0.480234 0.027476 0.051310
0 0.330571 0.486629 0.015156 0.039483
0 0.359543 0.482127 0.022572 0.048798
0 0.390655 0.493413 0.048474 0.032524
0 0.428305 0.480391 0.032212 0.053209
0 0.548786 0.476130 0.036322 0.048798
0 0.592524 0.490817 0.036947 0.035841
0 0.629627 0.517338 0.040745 0.102800
0 0.675811 0.487813 0.053209 0.115433
0 0.717500 0.478335 0.043413 0.062680
0 0.758630 0.476286 0.036947 0.056370
0 0.789423 0.489862 0.015481 0.039002
0 0.817927 0.527133 0.032055 0.096478
0 0.869002 0.476286 0.027163 0.046587
0 0.908005 0.483864 0.024639 0.035204
0 0.935637 0.482212 0.017692 0.046106
0 0.965319 0.478654 0.031262 0.066154
