0 0.030234 0.437175 0.032776 0.045697
0 0.060385 0.435980 0.016514 0.053353
0 0.093636 0.443636 0.032776 0.033257
0 0.127963 0.437656 0.027752 0.029904
0 0.154285 0.442320 0.031094 0.029663
0 0.235030 0.432037 0.044267 0.061238
0 0.268996 0.445913 0.027993 0.028702
0 0.298305 0.432037 0.023918 0.057897
0 0.320433 0.436346 0.025120 0.055505
0 0.392686 0.466010 0.038041 0.085649
0 0.461112 0.455835 0.016022 0.047608
0 0.537788 0.436941 0.034928 0.042825
0 0.577139 0.438858 0.036611 0.039952
0 0.624627 0.426532 0.035409 0.062200
0 0.661953 0.439573 0.022007 0.038041
0 0.691496 0.433828 0.018906 0.053834
0 0.736352 0.423305 0.063642 0.098798
0 0.777867 0.425938 0.032776 0.066755
0 0.855853 0.430481 0.036611 0.061490
0 0.888750 0.435986 0.019615 0.053822
0 0.913510 0.441004 0.031346 0.037079
0 0.944375 0.434069 0.025601 0.042344
0 0.969736 0.435264 0.028942 0.046178
0 0.039742 0.569519 0.040805 0.072380
0 0.075931 0.580811 0.025925 0.039531
0 0.107632 0.581454 0.033365 0.034135
0 0.170006 0.577734 0.043642 0.104724
0 0.206587 0.572470 0.031058 0.060325
0 0.238918 0.566695 0.025409 0.063654
0 0.259459 0.595571 0.017716 0.018233
