0 0.266809 0.422374 0.059339 0.070709
0 0.316725 0.441028 0.045469 0.039796
0 0.372855 0.426280 0.047608 0.068570
0 0.422416 0.426641 0.046538 0.068570
0 0.464519 0.443516 0.046178 0.042632
0 0.525451 0.430012 0.057200 0.065361
0 0.573762 0.442981 0.050096 0.045120
0 0.627584 0.441202 0.025577 0.040144
0 0.734700 0.427704 0.030192 0.022380
0 0.718359 0.572121 0.024507 0.027704
0 0.611070 0.577272 0.020962 0.036587
0 0.514261 0.578870 0.060397 0.044760
0 0.439645 0.573005 0.058978 0.059327
0 0.383696 0.580649 0.052224 0.036947
0 0.328798 0.581178 0.054712 0.043702
0 0.261659 0.562885 0.068918 0.076034
