0 0.315968 0.524687 0.052584 0.070697
0 0.413672 0.531617 0.071767 0.063954
0 0.464291 0.556490 0.025937 0.034111
0 0.379736 0.561815 0.020962 0.034111
0 0.228570 0.561641 0.020601 0.030901
0 0.236388 0.420595 0.021310 0.033041
0 0.385601 0.414736 0.024159 0.036947
0 0.463227 0.425036 0.023810 0.044760
0 0.594681 0.421310 0.016695 0.042284
0 0.585974 0.560042 0.022740 0.033401
0 0.736076 0.564483 0.021671 0.042981
0 0.726665 0.422909 0.024868 0.035529
0 0.382650 0.206196 0.023065 0.034050
0 0.239309 0.204549 0.026358 0.038089
0 0.463023 0.210228 0.023425 0.045769
0 0.629255 0.203450 0.024904 0.043942
0 0.234549 0.697200 0.018305 0.036971
0 0.117927 0.665709 0.050156 0.077981
0 0.383750 0.696466 0.019399 0.023077
0 0.499087 0.697200 0.030385 0.029663
0 0.620282 0.700859 0.016478 0.028185
0 0.751917 0.701779 0.021238 0.028558
0 0.377897 0.839081 0.020865 0.034411
0 0.240589 0.837800 0.022332 0.034784
0 0.880968 0.523498 0.043714 0.075096
0 0.888438 0.381532 0.040721 0.073594
0 0.933894 0.168558 0.045048 0.072380
