0 0.197710 0.439868 0.044050 0.067139
0 0.236436 0.458347 0.037656 0.031623
0 0.270361 0.443071 0.043702 0.057200
0 0.326851 0.454970 0.053654 0.035517
0 0.377121 0.456743 0.040493 0.036947
0 0.401280 0.456034 0.022728 0.027716
0 0.438407 0.445018 0.038017 0.041214
0 0.479796 0.448401 0.033389 0.038726
0 0.553335 0.443245 0.044772 0.052572
0 0.597566 0.454970 0.035180 0.032680
0 0.636118 0.453197 0.029135 0.035529
0 0.666136 0.439339 0.038017 0.054712
0 0.699351 0.452662 0.040505 0.035877
0 0.197157 0.531647 0.046382 0.037837
0 0.240120 0.527500 0.048822 0.032957
0 0.320919 0.523107 0.060541 0.035397
0 0.372302 0.523347 0.030998 0.035877
0 0.399513 0.516761 0.018065 0.048570
0 0.440282 0.523960 0.043930 0.032704
0 0.478359 0.521520 0.030276 0.037103
0 0.512043 0.524207 0.034663 0.034663
0 0.579050 0.552157 0.045649 0.093978
0 0.613954 0.527007 0.033438 0.045649
0 0.640805 0.512608 0.025144 0.053942
0 0.664117 0.521028 0.024892 0.030757
0 0.684868 0.514069 0.023438 0.059315
0 0.714645 0.524694 0.036118 0.032704
0 0.746989 0.509922 0.023185 0.058834
0 0.776400 0.518101 0.028810 0.036130
0 0.804351 0.523347 0.042716 0.040276
