0 0.034207 0.365409 0.035529 0.046587
0 0.058600 0.371094 0.015156 0.042163
0 0.078654 0.374724 0.027788 0.035841
0 0.126256 0.368726 0.022584 0.053846
0 0.148756 0.374327 0.019892 0.037572
0 0.172921 0.374014 0.020841 0.035048
0 0.196520 0.375745 0.023209 0.036947
0 0.216340 0.366196 0.014844 0.051310
0 0.232758 0.373462 0.019892 0.033630
0 0.256286 0.364303 0.025577 0.051322
0 0.284081 0.376851 0.023377 0.032524
0 0.306502 0.374886 0.018317 0.034579
0 0.325048 0.365565 0.015000 0.052260
0 0.388768 0.381749 0.033474 0.033161
0 0.419399 0.380403 0.024639 0.034579
0 0.443630 0.376773 0.026370 0.035204
0 0.498900 0.367458 0.031743 0.049748
0 0.527163 0.360349 0.017524 0.051947
0 0.550769 0.370144 0.021154 0.040889
0 0.600114 0.366508 0.022897 0.048786
0 0.627031 0.357909 0.020216 0.063798
0 0.648113 0.370144 0.021322 0.042163
0 0.667458 0.373774 0.026214 0.041851
0 0.694141 0.372121 0.017993 0.035373
0 0.714748 0.371725 0.024471 0.038690
0 0.739063 0.389802 0.014375 0.032849
0 0.784459 0.365246 0.030000 0.052897
0 0.808305 0.365877 0.011370 0.043101
0 0.823143 0.370222 0.020204 0.037272
0 0.860565 0.378984 0.025889 0.087007
0 0.880379 0.367380 0.016262 0.042308
0 0.899411 0.372590 0.025264 0.035685
0 0.921436 0.370066 0.021310 0.038522
0 0.939754 0.370619 0.019099 0.044050
0 0.957987 0.364141 0.018954 0.050060
0 0.970859 0.375595 0.014050 0.035998
0 0.029141 0.516046 0.025060 0.044327
0 0.052969 0.516292 0.025240 0.038522
0 0.078450 0.515300 0.023413 0.039519
0 0.137560 0.512061 0.024736 0.045325
0 0.168696 0.518203 0.031550 0.036695
0 0.196839 0.515132 0.019760 0.044159
0 0.218672 0.506581 0.017272 0.061599
0 0.279279 0.507662 0.032212 0.056118
0 0.307169 0.515216 0.020925 0.037019
0 0.326346 0.514141 0.019760 0.036863
0 0.351581 0.511478 0.024075 0.029880
0 0.379147 0.507572 0.025409 0.044663
0 0.405709 0.507500 0.016106 0.042837
0 0.427794 0.515631 0.026406 0.033209
0 0.458179 0.511731 0.027392 0.044327
0 0.484489 0.512891 0.018594 0.052969
0 0.503419 0.514056 0.024243 0.042344
0 0.525841 0.518954 0.028558 0.033870
0 0.564357 0.513720 0.026238 0.036358
0 0.587188 0.517704 0.017428 0.032043
0 0.610931 0.504093 0.029050 0.059267
0 0.638570 0.515048 0.023245 0.044327
0 0.660823 0.513972 0.022584 0.036190
0 0.685312 0.515709 0.030048 0.030385
0 0.745505 0.509405 0.026899 0.054964
0 0.762272 0.502428 0.017596 0.071226
0 0.780373 0.513720 0.024904 0.033714
0 0.802452 0.541118 0.038510 0.099784
0 0.830679 0.512392 0.020925 0.044327
0 0.851677 0.514633 0.018762 0.035541
0 0.865547 0.513804 0.018257 0.034195
0 0.882067 0.505583 0.021082 0.057945
0 0.904399 0.504339 0.020264 0.053462
0 0.914111 0.511563 0.017091 0.032380
0 0.929718 0.510817 0.013786 0.037188
0 0.943996 0.508492 0.015445 0.038522
0 0.957031 0.509898 0.018606 0.034700
0 0.975126 0.517873 0.029892 0.034712
0 0.029501 0.654020 0.026454 0.043377
0 0.050847 0.654796 0.019363 0.041130
0 0.069429 0.657127 0.019195 0.031971
0 0.093456 0.650391 0.029555 0.047873
0 0.121112 0.650216 0.022296 0.036827
0 0.143924 0.652897 0.018498 0.031466
0 0.180913 0.647885 0.027139 0.069135
