0 0.246647 0.500799 0.064303 0.076743
0 0.298870 0.512169 0.040144 0.040493
0 0.339195 0.509856 0.033389 0.045120
0 0.371346 0.512524 0.037308 0.035529
0 0.418419 0.504531 0.049026 0.060745
0 0.461406 0.499020 0.025577 0.058978
0 0.494447 0.510216 0.036947 0.036587
0 0.532819 0.511454 0.036238 0.038365
0 0.575451 0.502752 0.034099 0.074255
0 0.621106 0.506659 0.018125 0.048678
0 0.655565 0.514832 0.035889 0.043702
0 0.700859 0.514297 0.034820 0.045469
0 0.747584 0.515367 0.033750 0.039796
0 0.802290 0.507548 0.026647 0.034111
