0 0.233618 0.439886 0.048558 0.058978
0 0.277206 0.452079 0.031502 0.041683
0 0.315331 0.447464 0.038137 0.031971
0 0.346833 0.452206 0.049507 0.108714
0 0.391593 0.448882 0.032921 0.030553
0 0.433990 0.437398 0.037187 0.061575
0 0.477812 0.435980 0.027716 0.061575
0 0.521034 0.453504 0.043582 0.035060
0 0.563666 0.454333 0.032692 0.040974
0 0.653077 0.448293 0.058029 0.033630
0 0.693221 0.443558 0.021322 0.051635
0 0.724483 0.452320 0.030313 0.033630
0 0.764044 0.442254 0.045950 0.053762
0 0.237722 0.590042 0.043498 0.061623
0 0.277596 0.591611 0.032861 0.032380
0 0.313846 0.579411 0.024159 0.051466
0 0.341520 0.590403 0.029724 0.042536
0 0.382115 0.580018 0.037452 0.062344
0 0.424038 0.577482 0.041562 0.056791
