0 0.622596 0.516827 0.033654 0.115385
0 0.965745 0.404447 0.039663 0.104567
0 0.444111 0.546274 0.034856 0.135817
0 0.547476 0.504207 0.020433 0.039663
0 0.028245 0.351562 0.030048 0.054087
0 0.329327 0.393029 0.024038 0.096154
0 0.147236 0.356370 0.034856 0.058894
0 0.026442 0.493389 0.021635 0.061298
0 0.378005 0.492188 0.018029 0.051683
0 0.262620 0.495192 0.030048 0.057692
0 0.916466 0.371394 0.025240 0.033654
0 0.521635 0.504207 0.024038 0.046875
0 0.893029 0.355168 0.016827 0.054087
0 0.520433 0.367188 0.021635 0.039663
0 0.087740 0.362380 0.024038 0.042067
0 0.256010 0.354567 0.019231 0.052885
0 0.359375 0.490385 0.016827 0.050481
0 0.659856 0.357572 0.016827 0.039663
0 0.786058 0.346755 0.028846 0.051683
0 0.373197 0.370192 0.022837 0.096154
0 0.218149 0.508413 0.020433 0.021635
0 0.400841 0.506010 0.018029 0.033654
0 0.850361 0.358774 0.020433 0.039663
0 0.451923 0.359976 0.021635 0.046875
0 0.048077 0.502404 0.016827 0.036058
0 0.573918 0.504808 0.022837 0.040865
0 0.871995 0.355769 0.013221 0.057692
0 0.678486 0.361779 0.018029 0.043269
0 0.635216 0.352764 0.025240 0.054087
0 0.180889 0.353966 0.030048 0.063702
0 0.475361 0.351562 0.018029 0.056490
0 0.282452 0.367188 0.021635 0.037260
0 0.291466 0.492188 0.022837 0.056490
0 0.112380 0.492188 0.018029 0.066106
0 0.813702 0.350361 0.021635 0.046875
0 0.352163 0.359976 0.016827 0.054087
0 0.058293 0.357572 0.018029 0.054087
0 0.314904 0.492788 0.014423 0.050481
0 0.498197 0.354567 0.013221 0.052885
0 0.728365 0.349159 0.026442 0.049279
0 0.552885 0.362380 0.028846 0.042067
0 0.209736 0.366587 0.018029 0.033654
0 0.331731 0.501202 0.019231 0.028846
0 0.400841 0.367188 0.018029 0.032452
0 0.084525 0.500667 0.032031 0.077993
0 0.231370 0.355168 0.013221 0.054087
0 0.751202 0.370192 0.019231 0.019231
0 0.032452 0.666466 0.033654 0.015625
0 0.237981 0.668269 0.050481 0.021635
0 0.424279 0.366587 0.016827 0.028846
0 0.002404 0.353966 0.007212 0.046875
0 0.305889 0.365986 0.020433 0.037260
0 0.199363 0.486611 0.026971 0.055048
0 0.061190 0.498618 0.011442 0.050240
0 0.834838 0.351358 0.015325 0.058053
0 0.942139 0.368576 0.022356 0.039700
