0 0.075541 0.501556 0.051514 0.044772
0 0.142867 0.501731 0.050445 0.049375
0 0.234880 0.432452 0.066082 0.079231
0 0.229904 0.494982 0.059688 0.061454
0 0.221556 0.568167 0.050084 0.058618
0 0.273425 0.495156 0.036587 0.213870
0 0.190294 0.496046 0.038017 0.214231
0 0.367218 0.500493 0.050084 0.059688
0 0.435433 0.509020 0.043702 0.060397
0 0.518564 0.428900 0.060036 0.067151
0 0.532951 0.502620 0.033401 0.065361
0 0.500264 0.508834 0.038365 0.030913
0 0.494940 0.573317 0.031971 0.026995
0 0.525847 0.572079 0.041214 0.059327
0 0.568834 0.491785 0.050457 0.213522
0 0.476460 0.487524 0.041214 0.165913
0 0.644862 0.494627 0.051166 0.051514
0 0.713071 0.494093 0.049026 0.070349
0 0.840439 0.568528 0.047248 0.074964
0 0.843281 0.501196 0.067139 0.070349
0 0.849141 0.460523 0.028425 0.040853
0 0.822855 0.429081 0.057560 0.063954
0 0.886803 0.424285 0.040505 0.065012
0 0.924459 0.478816 0.035529 0.216719
0 0.778269 0.490541 0.043702 0.221683
