0 0.028167 0.414441 0.045950 0.082897
0 0.066893 0.426995 0.029603 0.046899
0 0.102776 0.417163 0.036010 0.066562
0 0.134279 0.426280 0.017524 0.050685
0 0.161989 0.428173 0.035060 0.041683
0 0.199886 0.460974 0.035060 0.111082
0 0.234345 0.429952 0.027704 0.041923
0 0.264189 0.421544 0.023930 0.041695
0 0.293444 0.461923 0.033161 0.109183
0 0.335956 0.431376 0.015397 0.030084
0 0.421334 0.415505 0.061106 0.069880
0 0.466935 0.429357 0.030553 0.037897
0 0.498077 0.417993 0.030793 0.061587
0 0.529099 0.431845 0.025577 0.035757
0 0.553143 0.431376 0.019195 0.042873
0 0.574339 0.431256 0.019904 0.038377
0 0.598618 0.420595 0.031971 0.061575
0 0.629880 0.429002 0.021082 0.038606
0 0.652975 0.420126 0.015156 0.054002
0 0.674766 0.426280 0.024627 0.034099
0 0.711238 0.417163 0.019904 0.061827
0 0.730180 0.420715 0.016106 0.051863
0 0.746526 0.429123 0.024639 0.038365
0 0.775541 0.424032 0.041923 0.064195
0 0.824213 0.408516 0.035060 0.063474
0 0.856665 0.427464 0.029844 0.046899
0 0.879874 0.423798 0.022728 0.054712
0 0.904267 0.423792 0.025577 0.069868
0 0.930325 0.433383 0.026058 0.044531
0 0.955313 0.433504 0.032452 0.043810
0 0.416124 0.555222 0.038666 0.066695
0 0.446941 0.574195 0.034075 0.036971
0 0.480643 0.570931 0.029483 0.048810
0 0.506016 0.575036 0.029964 0.046875
0 0.538528 0.555944 0.029724 0.070565
0 0.564141 0.575883 0.034555 0.037464
0 0.599303 0.573468 0.028510 0.037464
0 0.636635 0.563684 0.031178 0.057031
