0 0.118347 0.507722 0.071286 0.066214
0 0.171388 0.504093 0.029483 0.043017
0 0.203053 0.496478 0.030938 0.068389
0 0.247758 0.498660 0.046406 0.074675
0 0.371244 0.496484 0.098594 0.070805
0 0.427788 0.512794 0.040120 0.042536
0 0.481436 0.514249 0.049291 0.042536
0 0.534243 0.511947 0.040361 0.045192
0 0.582332 0.498419 0.045673 0.070325
0 0.632957 0.512915 0.042043 0.038906
0 0.672590 0.502404 0.033834 0.074904
0 0.710048 0.500709 0.037692 0.068149
0 0.753419 0.514603 0.042776 0.040841
0 0.797644 0.512067 0.031659 0.035769
0 0.837278 0.510018 0.038425 0.048570
0 0.882470 0.510379 0.056791 0.045421
