0 0.027951 0.478492 0.033474 0.064099
0 0.070192 0.475727 0.027957 0.059844
0 0.087716 0.503281 0.021635 0.039784
0 0.120956 0.483065 0.035373 0.057476
0 0.185300 0.484411 0.021322 0.037428
0 0.244669 0.481022 0.030156 0.059688
0 0.303960 0.475180 0.031887 0.050529
0 0.341304 0.477704 0.039315 0.052740
0 0.361040 0.507698 0.030781 0.047368
0 0.451514 0.472254 0.050048 0.042151
0 0.583516 0.469808 0.032368 0.053365
0 0.607752 0.506436 0.023365 0.045156
0 0.657175 0.469255 0.031587 0.053221
0 0.668546 0.499020 0.019904 0.037897
0 0.679363 0.498864 0.015937 0.035685
0 0.722470 0.475805 0.034892 0.061899
0 0.738179 0.509279 0.022728 0.041370
0 0.801893 0.482043 0.023209 0.039327
0 0.886442 0.471388 0.036635 0.070421
0 0.918185 0.479597 0.036322 0.054315
0 0.942975 0.502572 0.033474 0.040577
