0 0.266875 0.487079 0.028582 0.036947
0 0.234820 0.473894 0.074063 0.082260
0 0.301767 0.467656 0.038053 0.078942
0 0.338245 0.487236 0.028269 0.037572
0 0.372668 0.491340 0.039952 0.030012
0 0.412849 0.516292 0.029687 0.089050
0 0.446088 0.487157 0.030156 0.031743
0 0.478377 0.491022 0.027788 0.027476
0 0.515090 0.501605 0.042151 0.056526
0 0.555511 0.506653 0.045012 0.070421
0 0.605721 0.488107 0.030793 0.039315
0 0.638642 0.476581 0.032212 0.069315
0 0.662091 0.486839 0.033317 0.041202
0 0.722254 0.488185 0.058257 0.041370
0 0.770805 0.493870 0.029375 0.041058
0 0.817548 0.487945 0.043582 0.033630
0 0.866647 0.471683 0.048005 0.061731
