0 0.152470 0.528678 0.045445 0.084447
0 0.198281 0.501160 0.020817 0.041863
0 0.288359 0.505469 0.041623 0.040913
0 0.303311 0.469225 0.067224 0.047849
0 0.378431 0.495541 0.036118 0.040192
0 0.461983 0.492776 0.035697 0.241106
0 0.505367 0.418353 0.045589 0.054928
0 0.501526 0.496346 0.040096 0.074687
0 0.503720 0.563624 0.064267 0.055469
0 0.542440 0.486731 0.036250 0.233413
0 0.578413 0.498540 0.042284 0.041743
0 0.658870 0.495793 0.047236 0.069207
0 0.706653 0.497169 0.030757 0.034603
0 0.764327 0.474375 0.039543 0.185625
0 0.805517 0.571863 0.061514 0.071947
0 0.801671 0.497446 0.048341 0.062608
0 0.801671 0.416983 0.057115 0.070841
0 0.846430 0.487007 0.036803 0.230673
