0 0.364814 0.462043 0.029988 0.056298
0 0.404772 0.474880 0.018029 0.042428
0 0.429814 0.478708 0.025998 0.040829
0 0.456845 0.481178 0.029339 0.030457
0 0.476785 0.475835 0.019459 0.050397
0 0.507482 0.479105 0.019940 0.033329
0 0.530451 0.479585 0.023450 0.027272
0 0.563546 0.464032 0.041779 0.055180
0 0.603738 0.472644 0.023918 0.029663
0 0.628456 0.481899 0.026478 0.029351
0 0.362843 0.544916 0.050300 0.041923
0 0.408858 0.548780 0.023341 0.027608
0 0.433600 0.550998 0.022200 0.032043
0 0.466719 0.553053 0.024327 0.033870
0 0.503215 0.554369 0.046358 0.035180
