0 0.037049 0.347248 0.034820 0.056370
0 0.068786 0.357903 0.032452 0.042632
0 0.105619 0.359802 0.027945 0.043570
0 0.143870 0.360751 0.027716 0.039315
0 0.176436 0.349856 0.033161 0.069639
0 0.210541 0.353642 0.017524 0.066322
0 0.234700 0.365012 0.029375 0.044062
0 0.270228 0.370577 0.027957 0.039543
0 0.303383 0.370102 0.034579 0.038137
0 0.331334 0.360986 0.019423 0.054952
0 0.354904 0.393311 0.027236 0.084555
0 0.382494 0.368209 0.020853 0.037187
0 0.410439 0.369868 0.033161 0.037668
0 0.507434 0.361226 0.034339 0.046418
0 0.530409 0.357668 0.016346 0.051635
0 0.558353 0.368564 0.031034 0.040733
0 0.598972 0.367266 0.035060 0.044291
0 0.690992 0.348077 0.034339 0.070817
0 0.718816 0.366076 0.027945 0.044772
0 0.755998 0.368684 0.036947 0.037175
0 0.789633 0.357434 0.027945 0.060637
0 0.818413 0.354002 0.025817 0.067500
0 0.846478 0.353401 0.013726 0.051635
0 0.871346 0.367025 0.026058 0.037175
0 0.900835 0.368095 0.030084 0.037897
0 0.033966 0.541659 0.027837 0.091538
0 0.059231 0.510282 0.028558 0.035637
0 0.089135 0.509069 0.023438 0.026358
0 0.114153 0.505282 0.014892 0.048570
0 0.140150 0.513954 0.032224 0.033197
0 0.171028 0.533233 0.027103 0.079087
0 0.195319 0.511142 0.027344 0.040769
0 0.227656 0.509189 0.027091 0.041743
0 0.251827 0.508582 0.033437 0.047356
0 0.344459 0.496496 0.040529 0.062728
0 0.389002 0.497596 0.030024 0.061995
0 0.423546 0.497470 0.027332 0.067608
0 0.451130 0.497716 0.014639 0.054423
0 0.481400 0.507969 0.028810 0.041731
0 0.503005 0.503450 0.009519 0.058582
0 0.522163 0.508582 0.026851 0.042476
0 0.554874 0.509675 0.029291 0.033437
0 0.587945 0.510162 0.027091 0.041743
0 0.618095 0.508456 0.028810 0.038329
0 0.646653 0.539820 0.033690 0.096178
0 0.675697 0.512121 0.020505 0.037344
0 0.713413 0.506256 0.026611 0.037344
0 0.742704 0.508942 0.028077 0.042236
0 0.776755 0.510048 0.034183 0.041010
0 0.810685 0.511142 0.029303 0.042236
0 0.847181 0.529934 0.035397 0.091046
0 0.878059 0.502109 0.018546 0.057849
0 0.902710 0.505529 0.034651 0.045649
0 0.029321 0.654868 0.026118 0.038413
0 0.063630 0.652151 0.030553 0.038750
0 0.107626 0.653149 0.030661 0.038293
0 0.132368 0.654423 0.027236 0.038197
0 0.164808 0.652212 0.026346 0.032428
0 0.198287 0.640030 0.029772 0.059219
0 0.226460 0.654639 0.027897 0.035312
0 0.262819 0.646394 0.033089 0.051803
0 0.294970 0.652542 0.031214 0.032440
0 0.327957 0.652320 0.023245 0.036418
0 0.350709 0.644014 0.024688 0.053462
0 0.441166 0.650913 0.032139 0.040697
0 0.478504 0.654934 0.036815 0.037344
0 0.511430 0.650787 0.024375 0.034748
0 0.539038 0.639381 0.032404 0.061190
0 0.619934 0.643912 0.036046 0.061454
0 0.651563 0.652079 0.028774 0.041995
0 0.685270 0.651178 0.032416 0.038630
0 0.749700 0.636136 0.034736 0.069219
0 0.787157 0.653636 0.028257 0.042007
0 0.817368 0.655319 0.033702 0.033450
0 0.848606 0.644171 0.029303 0.053149
0 0.890096 0.644044 0.030337 0.055998
0 0.913558 0.644171 0.019712 0.054712
0 0.936370 0.652470 0.026442 0.039675
0 0.969171 0.652470 0.032933 0.039675
