0 0.268131 0.555451 0.041358 0.042632
0 0.350319 0.555216 0.067103 0.043101
0 0.434315 0.546088 0.049279 0.065084
0 0.405968 0.621328 0.053353 0.061959
0 0.348185 0.626827 0.035409 0.035168
0 0.264453 0.630535 0.041623 0.042584
0 0.257157 0.403143 0.041863 0.059099
0 0.306208 0.412831 0.017464 0.051190
0 0.359435 0.422524 0.054063 0.034207
0 0.426064 0.431611 0.041382 0.088750
0 0.452500 0.414381 0.026803 0.067704
0 0.472356 0.422404 0.031587 0.029183
0 0.500709 0.409844 0.024159 0.061010
0 0.569844 0.442620 0.043774 0.040913
0 0.673438 0.408762 0.049519 0.054543
0 0.706929 0.436400 0.021286 0.032776
0 0.750234 0.408648 0.042344 0.057175
