0 0.218444 0.350343 0.055421 0.065012
0 0.299627 0.351941 0.055769 0.041214
0 0.372458 0.353894 0.055060 0.072115
0 0.443155 0.358155 0.037296 0.044411
0 0.507993 0.354423 0.046178 0.061106
0 0.581178 0.362602 0.061106 0.041214
0 0.641929 0.361352 0.042632 0.039435
0 0.719381 0.353365 0.051863 0.067500
0 0.776935 0.367218 0.051154 0.045469
0 0.655078 0.499916 0.049026 0.069279
0 0.709255 0.511280 0.051514 0.047248
0 0.582422 0.507728 0.052945 0.037308
0 0.519183 0.507728 0.050096 0.042284
0 0.437296 0.500974 0.043341 0.037308
0 0.366238 0.500264 0.064663 0.066442
0 0.284351 0.503113 0.050096 0.032332
0 0.214008 0.492981 0.060757 0.064663
0 0.222885 0.636334 0.052933 0.047260
0 0.288083 0.632073 0.036238 0.036599
0 0.361977 0.637933 0.048305 0.067500
0 0.445114 0.636869 0.049026 0.046190
0 0.519008 0.635270 0.062536 0.065733
0 0.585090 0.642200 0.050445 0.039087
0 0.651526 0.646635 0.046899 0.038726
0 0.716004 0.628876 0.045829 0.082776
0 0.766629 0.645931 0.046190 0.052224
