0 0.391196 0.511016 0.039315 0.065373
0 0.026755 0.512584 0.040192 0.069255
0 0.418630 0.510072 0.018654 0.068534
0 0.445186 0.525325 0.032296 0.035889
0 0.476232 0.511328 0.022608 0.068906
0 0.497398 0.523173 0.018305 0.051683
0 0.520547 0.530349 0.034459 0.035168
0 0.616364 0.524964 0.033017 0.061731
0 0.639327 0.519766 0.014351 0.048450
0 0.662656 0.533576 0.015793 0.027272
0 0.683828 0.523528 0.015781 0.056695
0 0.703023 0.531424 0.021887 0.031575
0 0.725998 0.532320 0.020457 0.024760
0 0.753269 0.531250 0.020457 0.030505
0 0.782512 0.460907 0.035889 0.047728
0 0.807819 0.457674 0.012560 0.052752
0 0.828450 0.518864 0.046659 0.053834
0 0.854645 0.524790 0.010757 0.043425
0 0.870793 0.523167 0.023678 0.063161
0 0.900937 0.530349 0.023678 0.027284
0 0.922825 0.530349 0.020817 0.030865
0 0.949922 0.519585 0.029075 0.067464
0 0.971454 0.533401 0.026923 0.039832
