0 0.046671 0.415667 0.037308 0.055421
0 0.084868 0.421352 0.035529 0.028425
0 0.141532 0.428281 0.031623 0.032332
0 0.175811 0.428101 0.028425 0.036947
0 0.203882 0.452614 0.034111 0.082416
0 0.231593 0.429519 0.021310 0.040505
0 0.256460 0.415667 0.019892 0.054002
0 0.270853 0.425078 0.022380 0.039435
0 0.286130 0.448353 0.037308 0.081010
0 0.319700 0.419044 0.026995 0.057200
0 0.343858 0.428810 0.026298 0.039087
0 0.426635 0.414778 0.031971 0.055781
0 0.451502 0.434675 0.043341 0.048678
0 0.487746 0.429165 0.026286 0.028425
0 0.519189 0.427212 0.033041 0.037308
0 0.549555 0.426863 0.035529 0.038726
0 0.589351 0.428275 0.031274 0.033041
0 0.616532 0.425433 0.031623 0.033750
0 0.644243 0.454748 0.046538 0.089519
0 0.035367 0.558864 0.043546 0.062440
0 0.089916 0.567356 0.026322 0.026803
0 0.157145 0.556707 0.046406 0.064832
0 0.194700 0.557428 0.030625 0.065793
0 0.231665 0.569627 0.034219 0.036611
0 0.260493 0.556707 0.024399 0.060529
0 0.293990 0.568431 0.036851 0.033257
0 0.334063 0.571659 0.033726 0.033486
0 0.385138 0.559940 0.047849 0.059808
0 0.461575 0.555156 0.038510 0.054543
0 0.495072 0.571659 0.029904 0.030144
0 0.530481 0.569988 0.034207 0.031106
0 0.571148 0.558383 0.039483 0.046166
0 0.598065 0.568311 0.025361 0.034459
0 0.623305 0.570944 0.029904 0.029195
0 0.652127 0.571184 0.019615 0.032055
0 0.677127 0.569988 0.030865 0.030144
0 0.702734 0.558263 0.022728 0.045925
0 0.729165 0.571178 0.022007 0.024399
0 0.757037 0.572975 0.024651 0.021767
0 0.773786 0.582548 0.035168 0.035649
0 0.812662 0.559579 0.022969 0.040433
0 0.829886 0.571418 0.031575 0.029663
0 0.862662 0.560775 0.028714 0.051911
0 0.890415 0.555511 0.022969 0.056695
0 0.922236 0.560541 0.033966 0.035168
0 0.958474 0.571424 0.035168 0.041623
