0 0.057590 0.503606 0.066502 0.123438
0 0.102806 0.485541 0.026791 0.069135
0 0.147302 0.499898 0.037800 0.043305
0 0.162620 0.486142 0.033486 0.091875
0 0.241809 0.494994 0.037320 0.028714
0 0.336424 0.497740 0.039002 0.050962
0 0.370276 0.469393 0.025361 0.046406
0 0.439063 0.493558 0.045697 0.026322
0 0.498029 0.482788 0.040192 0.060288
0 0.552698 0.496905 0.047608 0.038762
0 0.598870 0.464850 0.034688 0.046406
0 0.685120 0.494633 0.048798 0.024171
0 0.739904 0.493437 0.048317 0.051442
0 0.769808 0.512578 0.021538 0.034219
0 0.804141 0.492482 0.043305 0.058137
0 0.878305 0.492722 0.032308 0.041382
0 0.930817 0.487218 0.061250 0.067704
