0 0.041563 0.496412 0.045937 0.053594
0 0.090367 0.496653 0.041623 0.051190
0 0.136538 0.491629 0.044976 0.039724
0 0.176130 0.494976 0.025601 0.034447
0 0.203882 0.496292 0.026082 0.032776
0 0.232109 0.491268 0.033257 0.047127
0 0.266683 0.481100 0.020577 0.062680
0 0.292043 0.493780 0.028702 0.036358
0 0.325415 0.496418 0.032296 0.040192
0 0.360108 0.525841 0.036611 0.101442
0 0.468960 0.479189 0.016022 0.057416
0 0.499820 0.491388 0.034687 0.038281
0 0.587266 0.485409 0.037320 0.068894
0 0.625541 0.494982 0.025361 0.038281
0 0.655210 0.491749 0.028714 0.036599
0 0.687272 0.500481 0.030144 0.035409
0 0.735234 0.494976 0.036118 0.054543
0 0.769093 0.497969 0.032536 0.038510
0 0.807127 0.496893 0.035409 0.040661
0 0.843017 0.488041 0.014832 0.054543
0 0.883444 0.493419 0.051671 0.043305
0 0.928540 0.493540 0.037560 0.043546
0 0.964429 0.482662 0.021767 0.052392
