0 0.224754 0.491917 0.076382 0.068570
0 0.272542 0.505240 0.047608 0.038365
0 0.319255 0.494231 0.047957 0.062524
0 0.364736 0.504886 0.038726 0.035517
0 0.408071 0.502758 0.040853 0.036238
0 0.454615 0.506304 0.042981 0.037656
0 0.504531 0.526556 0.051875 0.105156
0 0.547873 0.502398 0.030553 0.041214
0 0.588191 0.488185 0.045829 0.062524
0 0.632782 0.496358 0.046887 0.053990
0 0.675060 0.482680 0.040505 0.072115
0 0.718936 0.483395 0.042993 0.069988
0 0.763167 0.497248 0.046190 0.048678
0 0.804375 0.497957 0.029135 0.045120
