0 0.036238 0.459916 0.030072 0.070337
0 0.057554 0.483954 0.019195 0.016106
0 0.116526 0.467139 0.043341 0.069639
0 0.158690 0.480282 0.030072 0.033858
0 0.202626 0.505859 0.027945 0.099243
0 0.232230 0.482416 0.030325 0.033389
0 0.254964 0.481587 0.027476 0.043101
0 0.291917 0.465950 0.028425 0.063005
0 0.372320 0.469032 0.041923 0.067728
0 0.399093 0.479688 0.032921 0.035529
0 0.421707 0.483594 0.021322 0.017764
0 0.484591 0.467254 0.036707 0.071767
0 0.528407 0.469627 0.040974 0.069399
0 0.577079 0.471400 0.026058 0.039796
0 0.632855 0.471755 0.042392 0.059447
0 0.671460 0.469507 0.036238 0.075793
0 0.710306 0.478269 0.021550 0.038846
0 0.757079 0.468558 0.043582 0.073894
0 0.789291 0.471755 0.025577 0.054231
0 0.807650 0.489165 0.015877 0.019411
0 0.869471 0.466304 0.037188 0.068450
0 0.894808 0.484543 0.025817 0.033389
0 0.916484 0.475192 0.015156 0.054471
0 0.940048 0.480517 0.025817 0.036707
0 0.965625 0.503492 0.028654 0.085974
