0 0.041593 0.425607 0.042945 0.077055
0 0.102855 0.432710 0.031575 0.061262
0 0.131677 0.441238 0.016262 0.029687
0 0.152200 0.445102 0.028269 0.030156
0 0.206599 0.427344 0.022740 0.055889
0 0.224201 0.436893 0.009940 0.042151
0 0.238257 0.446364 0.017212 0.030156
0 0.256016 0.447079 0.017680 0.030312
0 0.281677 0.449369 0.031430 0.031430
0 0.304333 0.440685 0.008834 0.046899
0 0.314916 0.448029 0.015793 0.031899
0 0.339627 0.432476 0.014375 0.051947
0 0.362758 0.443131 0.015469 0.028738
0 0.374681 0.444237 0.014050 0.027151
0 0.384309 0.448101 0.013425 0.019736
0 0.400415 0.433425 0.015637 0.047524
0 0.419285 0.443762 0.015156 0.030000
0 0.432314 0.436502 0.010901 0.055889
0 0.445493 0.432867 0.011370 0.049579
0 0.465306 0.444946 0.016262 0.027632
0 0.484808 0.445180 0.018630 0.030000
0 0.508413 0.480865 0.017524 0.110529
0 0.575210 0.435715 0.022584 0.047368
0 0.595421 0.450000 0.016274 0.029519
0 0.629760 0.431370 0.018630 0.052260
0 0.614135 0.446370 0.020841 0.041851
0 0.648239 0.446214 0.013257 0.038365
0 0.661106 0.433504 0.009327 0.059050
0 0.672945 0.443762 0.019736 0.036635
0 0.696953 0.447320 0.022897 0.026058
0 0.720871 0.444477 0.015156 0.034892
0 0.763744 0.437446 0.022897 0.066310
0 0.816244 0.427578 0.022416 0.057007
0 0.835980 0.430186 0.015469 0.066310
0 0.862981 0.450234 0.031899 0.029050
0 0.887692 0.448419 0.015625 0.036791
0 0.902764 0.445024 0.011683 0.045481
0 0.917614 0.451106 0.014531 0.029207
0 0.935925 0.441550 0.020529 0.048005
0 0.955661 0.449844 0.013894 0.033317
0 0.977927 0.446052 0.022103 0.035204
0 0.026995 0.572206 0.026659 0.066743
0 0.054838 0.590487 0.023305 0.031863
0 0.079237 0.592332 0.018786 0.030865
0 0.116887 0.569351 0.023317 0.067764
0 0.137188 0.592416 0.021298 0.029687
0 0.157392 0.579249 0.012067 0.055349
0 0.175841 0.585956 0.014760 0.029171
0 0.193702 0.589561 0.021298 0.030685
0 0.225823 0.593504 0.033209 0.039916
0 0.254327 0.589645 0.020793 0.033882
0 0.271520 0.573462 0.011238 0.062885
0 0.283768 0.575222 0.011575 0.064411
0 0.352187 0.575811 0.029687 0.059531
0 0.377512 0.571617 0.014255 0.056863
0 0.396466 0.587296 0.017284 0.030529
0 0.412734 0.579249 0.012921 0.081502
0 0.449802 0.575805 0.018618 0.014255
0 0.487951 0.573377 0.026166 0.055000
0 0.515541 0.575306 0.022644 0.028017
0 0.552356 0.571785 0.036562 0.054844
0 0.609627 0.577404 0.027332 0.028846
0 0.652145 0.571532 0.027512 0.059026
0 0.678894 0.575980 0.016947 0.055517
0 0.700361 0.590739 0.016611 0.032031
0 0.715373 0.578744 0.016106 0.068762
0 0.752608 0.578996 0.021803 0.031358
0 0.795373 0.576983 0.028173 0.061563
