0 0.084736 0.512620 0.032452 0.078125
0 0.239784 0.512019 0.022837 0.079327
0 0.051683 0.487380 0.026442 0.037260
0 0.976562 0.489183 0.027644 0.033654
0 0.346755 0.476562 0.027644 0.042067
0 0.410457 0.489183 0.030048 0.038462
0 0.769832 0.490385 0.025240 0.036058
0 0.914062 0.485577 0.030048 0.050481
0 0.148438 0.495793 0.027644 0.032452
0 0.587139 0.489183 0.020433 0.036058
0 0.644832 0.492788 0.027644 0.028846
0 0.558894 0.475361 0.024038 0.051683
0 0.176082 0.492788 0.018029 0.036058
0 0.510817 0.487380 0.026442 0.037260
0 0.680288 0.478365 0.028846 0.052885
0 0.472356 0.483173 0.031250 0.062500
0 0.019832 0.475361 0.032452 0.061298
0 0.612981 0.490385 0.024038 0.036058
0 0.216947 0.486779 0.013221 0.033654
0 0.266827 0.483774 0.019231 0.046875
0 0.952524 0.487380 0.015625 0.037260
0 0.805288 0.491587 0.028846 0.033654
0 0.744591 0.486779 0.015625 0.038462
0 0.709135 0.478365 0.019231 0.050481
0 0.196514 0.483173 0.018029 0.048077
0 0.382212 0.477163 0.016827 0.043269
0 0.117188 0.478365 0.027644 0.055288
0 0.534856 0.475962 0.016827 0.055288
