0 0.035469 0.423053 0.035048 0.048077
0 0.071346 0.410505 0.031971 0.064663
0 0.118131 0.404105 0.058738 0.067969
0 0.158750 0.446028 0.035769 0.092608
0 0.195457 0.391196 0.025817 0.044050
0 0.220919 0.399724 0.025108 0.078630
0 0.280487 0.406827 0.024387 0.026058
0 0.365871 0.422464 0.034099 0.044519
0 0.403642 0.409669 0.030553 0.074844
0 0.459069 0.404225 0.067031 0.051166
0 0.500871 0.404820 0.042632 0.058029
0 0.531544 0.433239 0.031022 0.043810
0 0.569441 0.404111 0.017296 0.064183
0 0.605793 0.375685 0.030312 0.047596
0 0.713918 0.558534 0.045721 0.090240
0 0.764008 0.543017 0.023690 0.087163
0 0.679339 0.582572 0.030553 0.045481
0 0.661454 0.549177 0.020361 0.072945
0 0.632800 0.548942 0.036947 0.065841
0 0.596917 0.550950 0.039555 0.069399
0 0.505607 0.590270 0.037897 0.085036
0 0.467951 0.549886 0.053522 0.061118
0 0.449243 0.550006 0.040745 0.097344
0 0.421058 0.550006 0.032692 0.052825
0 0.390859 0.555331 0.020132 0.037897
0 0.204459 0.560781 0.029615 0.045000
0 0.840986 0.473468 0.032476 0.032945
0 0.904207 0.473101 0.053462 0.058582
0 0.955829 0.478468 0.047356 0.052728
0 0.327939 0.491274 0.600276 0.030577
