0 0.311605 0.365030 0.039315 0.070349
0 0.367855 0.338504 0.041454 0.045709
0 0.434285 0.351767 0.029844 0.035288
0 0.509609 0.356977 0.044050 0.050445
0 0.551881 0.384688 0.020132 0.033389
0 0.591436 0.368816 0.036238 0.058978
0 0.489002 0.517794 0.046899 0.065132
0 0.421971 0.516136 0.026995 0.022031
0 0.341683 0.521112 0.048798 0.049026
0 0.335643 0.668305 0.026767 0.036947
0 0.387278 0.661563 0.038137 0.027236
0 0.479050 0.652680 0.054471 0.057788
0 0.518612 0.683588 0.017055 0.033401
0 0.561947 0.656352 0.046899 0.049026
0 0.613468 0.662981 0.046190 0.053293
0 0.669718 0.656232 0.046430 0.045950
