0 0.281593 0.477969 0.044411 0.106226
0 0.327782 0.466250 0.029483 0.057909
0 0.362422 0.475841 0.031983 0.035889
0 0.383732 0.463407 0.018474 0.064315
0 0.421569 0.489519 0.033041 0.041923
0 0.449285 0.467849 0.030204 0.024159
0 0.562440 0.479748 0.040505 0.038726
0 0.596370 0.452037 0.032332 0.041575
0 0.639351 0.463762 0.027356 0.038005
0 0.685715 0.452752 0.047608 0.062885
0 0.623720 0.501599 0.211382 0.013510
0 0.660673 0.543341 0.040144 0.062885
0 0.622302 0.541034 0.026647 0.019904
0 0.561905 0.544405 0.042993 0.039435
