0 0.189273 0.485883 0.051959 0.064531
0 0.244615 0.501593 0.058726 0.046647
0 0.307446 0.498690 0.042776 0.049543
0 0.352873 0.493612 0.017644 0.057272
0 0.388522 0.506184 0.055096 0.038425
0 0.435883 0.484916 0.029483 0.072740
0 0.472254 0.507993 0.063065 0.059928
0 0.531220 0.498450 0.031647 0.037452
0 0.563720 0.492530 0.016911 0.057993
0 0.607825 0.499177 0.050505 0.038906
0 0.664495 0.500986 0.049303 0.040120
0 0.707386 0.495547 0.020060 0.056310
0 0.765018 0.503888 0.070084 0.072007
0 0.818311 0.493131 0.016671 0.042296
