0 0.040992 0.492596 0.052945 0.058365
0 0.081905 0.495222 0.032055 0.064916
0 0.103594 0.514922 0.024712 0.032536
0 0.132861 0.510541 0.027428 0.040673
0 0.158299 0.511334 0.025349 0.040986
0 0.183101 0.511893 0.028077 0.034772
0 0.239802 0.515481 0.026310 0.031418
0 0.270186 0.515721 0.025204 0.029976
0 0.297218 0.505192 0.029195 0.054231
0 0.349934 0.497698 0.030300 0.056142
0 0.374333 0.515078 0.025204 0.024243
0 0.403444 0.511256 0.021214 0.027440
0 0.431671 0.500246 0.023438 0.049123
0 0.459183 0.509267 0.024567 0.028870
0 0.483347 0.516280 0.020252 0.031430
0 0.507987 0.498341 0.021046 0.061563
0 0.529357 0.508858 0.020733 0.031899
0 0.552969 0.507194 0.027115 0.029507
0 0.606316 0.508546 0.017055 0.030938
0 0.626575 0.508546 0.026635 0.037957
0 0.647945 0.499934 0.015793 0.054868
0 0.670355 0.500174 0.024243 0.056935
0 0.741965 0.500487 0.037632 0.047368
0 0.760469 0.522662 0.013077 0.013233
0 0.795793 0.497698 0.035889 0.048161
0 0.813576 0.514609 0.011166 0.015950
0 0.861905 0.498492 0.025204 0.049123
0 0.890373 0.502326 0.031418 0.047536
0 0.926022 0.503203 0.033486 0.053113
0 0.965018 0.499934 0.036214 0.052320
