0 0.362981 0.497596 0.040865 0.067308
0 0.493389 0.510216 0.037260 0.030048
0 0.376202 0.658053 0.033654 0.027644
0 0.510817 0.373798 0.026442 0.050481
0 0.412260 0.498798 0.033654 0.057692
0 0.476562 0.375000 0.032452 0.033654
0 0.624399 0.660457 0.027644 0.054087
0 0.560697 0.375000 0.054087 0.038462
0 0.432091 0.374399 0.037260 0.037260
0 0.453125 0.512019 0.031250 0.033654
0 0.623798 0.513822 0.028846 0.058894
0 0.539062 0.664062 0.039663 0.037260
0 0.631611 0.375601 0.022837 0.054087
0 0.379207 0.375601 0.054087 0.042067
0 0.458534 0.664663 0.030048 0.031250
0 0.502404 0.654447 0.024038 0.044471
0 0.420673 0.660457 0.031250 0.032452
0 0.344952 0.655048 0.021635 0.040865
