0 0.052284 0.567909 0.030048 0.092548
0 0.302885 0.405649 0.028846 0.070913
0 0.411058 0.413462 0.016827 0.038462
0 0.175481 0.546875 0.024038 0.052885
0 0.839543 0.411659 0.025240 0.056490
0 0.218149 0.567909 0.025240 0.118990
0 0.512620 0.409255 0.022837 0.051683
0 0.706130 0.549279 0.020433 0.064904
0 0.739784 0.412861 0.013221 0.049279
0 0.870793 0.408053 0.022837 0.061298
0 0.168870 0.417067 0.013221 0.038462
0 0.804688 0.410457 0.020433 0.046875
0 0.058894 0.411058 0.024038 0.050481
0 0.350361 0.409856 0.020433 0.052885
0 0.370192 0.552885 0.012019 0.048077
0 0.391827 0.400841 0.019231 0.054087
0 0.090745 0.546875 0.018029 0.050481
0 0.470553 0.408053 0.022837 0.058894
0 0.952524 0.546274 0.027644 0.056490
0 0.695312 0.420072 0.037260 0.037260
0 0.427885 0.412861 0.012019 0.044471
0 0.618990 0.552885 0.019231 0.038462
0 0.828125 0.581130 0.021635 0.082933
0 0.290264 0.547476 0.020433 0.056490
0 0.445913 0.411659 0.016827 0.054087
0 0.751202 0.546274 0.026442 0.049279
0 0.560697 0.419471 0.022837 0.031250
0 0.475361 0.564904 0.022837 0.028846
0 0.954928 0.411058 0.013221 0.043269
0 0.933894 0.416466 0.024038 0.032452
0 0.411659 0.552885 0.027644 0.045673
0 0.566106 0.555288 0.021635 0.043269
0 0.100361 0.420072 0.015625 0.030048
0 0.989784 0.417668 0.020433 0.032452
0 0.914663 0.547476 0.016827 0.054087
0 0.117788 0.409856 0.014423 0.050481
0 0.208534 0.405649 0.020433 0.058894
0 0.804688 0.558894 0.020433 0.028846
0 0.251202 0.420673 0.019231 0.040865
0 0.663462 0.424279 0.019231 0.028846
0 0.882212 0.547476 0.014423 0.049279
0 0.616587 0.402644 0.026442 0.062500
0 0.387620 0.565505 0.018029 0.030048
0 0.188101 0.418269 0.018029 0.036058
0 0.231971 0.419471 0.019231 0.040865
0 0.639423 0.420673 0.019231 0.036058
0 0.269832 0.544471 0.020433 0.062500
0 0.760216 0.424279 0.022837 0.028846
0 0.543870 0.560096 0.022837 0.033654
0 0.777043 0.554688 0.020433 0.032452
0 0.859976 0.563107 0.018029 0.037272
0 0.246394 0.554688 0.016827 0.046875
0 0.021034 0.409856 0.022837 0.019231
0 0.451322 0.559495 0.018029 0.030048
0 0.112380 0.554087 0.018029 0.036058
0 0.346154 0.553486 0.026442 0.034856
0 0.678486 0.560096 0.022837 0.026442
0 0.588942 0.558894 0.024038 0.033654
0 0.538462 0.418269 0.021635 0.036058
0 0.154549 0.420072 0.015613 0.034856
0 0.081130 0.422476 0.015625 0.025240
0 0.019832 0.545072 0.018029 0.020433
0 0.899639 0.402644 0.018029 0.050481
0 0.638606 0.556172 0.023750 0.037224
0 0.126953 0.558299 0.013498 0.037897
0 0.203095 0.544916 0.021310 0.066082
0 0.072590 0.551544 0.019892 0.034339
0 0.134411 0.419856 0.018005 0.037668
0 0.333720 0.408137 0.026767 0.051635
0 0.911388 0.413107 0.020613 0.027945
0 0.969892 0.419742 0.018702 0.034579
0 0.848744 0.556280 0.017536 0.035300
0 0.896587 0.554032 0.019423 0.035060
0 0.932710 0.549651 0.020132 0.052812
0 0.659742 0.557584 0.019892 0.025577
0 0.499014 0.566202 0.018125 0.025865
