0 0.719351 0.601562 0.034856 0.046875
0 0.331130 0.378005 0.042067 0.063702
0 0.777043 0.600962 0.027644 0.043269
0 0.676683 0.591346 0.033654 0.050481
0 0.568510 0.603365 0.031250 0.031250
0 0.492788 0.414663 0.040865 0.064904
0 0.523438 0.629808 0.034856 0.069712
0 0.435697 0.599159 0.030048 0.054087
0 0.385216 0.597356 0.039663 0.052885
0 0.347356 0.599159 0.036058 0.051683
0 0.370192 0.516827 0.038462 0.057692
0 0.545673 0.391827 0.026442 0.028846
0 0.642428 0.385817 0.030048 0.050481
0 0.510216 0.548077 0.032452 0.060096
0 0.238582 0.605769 0.030048 0.028846
0 0.644231 0.521034 0.031250 0.046875
0 0.332332 0.516226 0.037260 0.061298
0 0.277644 0.515625 0.026442 0.028846
0 0.603966 0.381611 0.039663 0.037260
0 0.678486 0.520433 0.027644 0.048077
0 0.284856 0.596755 0.024038 0.022837
0 0.747596 0.621394 0.016827 0.024038
0 0.228365 0.382212 0.028846 0.033654
0 0.555889 0.528846 0.030048 0.021635
0 0.275841 0.383413 0.027644 0.028846
0 0.228365 0.520433 0.026442 0.028846
0 0.411701 0.619549 0.011599 0.023209
