0 0.099760 0.584736 0.024038 0.070913
0 0.627404 0.582933 0.028846 0.064904
0 0.561899 0.585938 0.030048 0.058894
0 0.713341 0.585337 0.022837 0.079327
0 0.312139 0.582332 0.033654 0.075721
0 0.352764 0.454327 0.015625 0.043269
0 0.174279 0.587740 0.026442 0.057692
0 0.029790 0.433179 0.041382 0.083161
0 0.488305 0.589784 0.033990 0.045673
0 0.255535 0.456130 0.015877 0.037260
0 0.293870 0.450120 0.020433 0.032452
0 0.762019 0.588341 0.021635 0.054087
0 0.722356 0.449519 0.016827 0.057692
0 0.891827 0.436899 0.016827 0.063702
0 0.342548 0.581731 0.016827 0.069712
0 0.664663 0.456731 0.021635 0.033654
0 0.099159 0.439303 0.025240 0.049279
0 0.427885 0.592548 0.021635 0.043269
0 0.567308 0.447115 0.019231 0.062500
0 0.546274 0.444111 0.020433 0.066106
0 0.365986 0.578726 0.025240 0.070913
0 0.701923 0.455529 0.019231 0.036058
0 0.198672 0.600252 0.017007 0.036058
0 0.804105 0.466947 0.026478 0.058894
0 0.165865 0.451322 0.019231 0.039663
0 0.368389 0.457933 0.015625 0.031250
0 0.408053 0.597957 0.015625 0.032452
0 0.912260 0.456731 0.019231 0.043269
0 0.247308 0.579327 0.017404 0.067308
0 0.231370 0.449519 0.022837 0.050481
0 0.208113 0.457933 0.016466 0.031250
0 0.772945 0.456731 0.017043 0.031250
0 0.746394 0.456130 0.024038 0.032452
0 0.595619 0.583534 0.027776 0.061298
0 0.641827 0.462139 0.019231 0.030048
0 0.389423 0.597356 0.016827 0.031250
0 0.946514 0.445913 0.018029 0.057692
0 0.523438 0.441106 0.020433 0.064904
0 0.033828 0.576034 0.043618 0.081106
0 0.735577 0.615385 0.019231 0.048077
0 0.389423 0.438101 0.016827 0.056490
0 0.868389 0.439904 0.027644 0.069712
0 0.440505 0.486178 0.018029 0.094952
0 0.459736 0.448317 0.015625 0.062500
0 0.981971 0.430288 0.014423 0.079327
0 0.591346 0.439904 0.021635 0.069712
0 0.843750 0.457332 0.019231 0.037260
0 0.673678 0.577524 0.022837 0.039663
0 0.614784 0.436899 0.020433 0.063702
0 0.407452 0.456731 0.016827 0.036058
0 0.125601 0.554688 0.022837 0.032452
0 0.825721 0.459135 0.016827 0.038462
0 0.187806 0.455018 0.020613 0.031623
0 0.268275 0.456430 0.015276 0.027356
0 0.118167 0.410246 0.029844 0.023089
0 0.426905 0.461406 0.015637 0.025937
0 0.684657 0.455367 0.015276 0.034459
0 0.625325 0.460162 0.013149 0.023450
0 0.788035 0.455373 0.013858 0.032332
0 0.961941 0.452885 0.017055 0.040144
0 0.930853 0.444177 0.019543 0.057560
0 0.214898 0.601532 0.012825 0.040276
0 0.231340 0.593636 0.015781 0.035998
