0 0.510607 0.532746 0.064483 0.101743
0 0.078125 0.481971 0.060096 0.084135
0 0.242188 0.490986 0.042067 0.061298
0 0.715144 0.489784 0.057692 0.073317
0 0.882212 0.531250 0.048077 0.091346
0 0.417067 0.504207 0.038462 0.039663
0 0.290264 0.493990 0.034856 0.067308
0 0.181490 0.504207 0.045673 0.044471
0 0.367188 0.506611 0.042067 0.039663
0 0.778846 0.508413 0.043269 0.036058
0 0.626803 0.496394 0.020433 0.060096
0 0.561298 0.490986 0.026442 0.051683
0 0.665264 0.503606 0.034856 0.038462
0 0.457332 0.506010 0.032452 0.038462
0 0.930889 0.513221 0.022837 0.040865
0 0.135216 0.500601 0.044471 0.044471
0 0.596154 0.501202 0.040865 0.045673
0 0.327524 0.496995 0.018029 0.044471
0 0.835643 0.505066 0.058257 0.036238
