0 0.167067 0.565505 0.052885 0.066106
0 0.173654 0.421743 0.055288 0.067308
0 0.387019 0.419471 0.043269 0.062500
0 0.832332 0.434495 0.049279 0.066106
0 0.506010 0.568510 0.043269 0.057692
0 0.679688 0.420673 0.046875 0.064904
0 0.411659 0.580529 0.058894 0.048077
0 0.334135 0.579327 0.076923 0.043269
0 0.733774 0.437500 0.042067 0.040865
0 0.464543 0.572115 0.027644 0.055288
0 0.290264 0.420072 0.032452 0.073317
0 0.334135 0.429688 0.021635 0.054087
0 0.597608 0.577993 0.051755 0.043269
0 0.783654 0.438702 0.038462 0.043269
0 0.216947 0.577524 0.039663 0.042067
0 0.503606 0.437500 0.055288 0.043269
0 0.245793 0.432692 0.020433 0.043269
0 0.658053 0.578125 0.042067 0.040865
0 0.271034 0.573918 0.039663 0.034856
0 0.701923 0.574519 0.033654 0.045673
0 0.558894 0.438702 0.052885 0.038462
0 0.214273 0.437873 0.037296 0.034808
0 0.555944 0.574519 0.023522 0.050745
