0 0.795673 0.505409 0.026442 0.049279
0 0.271635 0.504207 0.026442 0.061298
0 0.418269 0.513221 0.021635 0.031250
0 0.341346 0.509615 0.021635 0.040865
0 0.515625 0.507212 0.024038 0.048077
0 0.603966 0.503005 0.022837 0.063702
0 0.938101 0.495192 0.025240 0.048077
0 0.391827 0.515625 0.026442 0.026442
0 0.641827 0.500601 0.028846 0.066106
0 0.550481 0.515024 0.028846 0.034856
0 0.974760 0.503606 0.024038 0.048077
0 0.203125 0.512019 0.021635 0.036058
0 0.046274 0.514423 0.022837 0.033654
0 0.704327 0.492788 0.019231 0.036058
0 0.822716 0.529447 0.020433 0.058894
0 0.020433 0.503606 0.021635 0.057692
0 0.677885 0.515024 0.028846 0.034856
0 0.767428 0.507212 0.020433 0.050481
0 0.143029 0.506611 0.024038 0.049279
0 0.115986 0.519832 0.020433 0.039663
0 0.362981 0.504207 0.014423 0.049279
0 0.071514 0.513822 0.018029 0.027644
0 0.439303 0.515024 0.020433 0.030048
0 0.173678 0.519832 0.027644 0.037260
0 0.726562 0.497596 0.020433 0.026442
0 0.094351 0.515024 0.018029 0.037260
