0 0.584736 0.582933 0.034856 0.038462
0 0.741587 0.448918 0.031250 0.066106
0 0.097957 0.280649 0.030048 0.058894
0 0.722356 0.582933 0.019231 0.033654
0 0.066106 0.299279 0.021635 0.043269
0 0.705529 0.429688 0.026442 0.066106
0 0.514423 0.582933 0.026442 0.033654
0 0.647236 0.284856 0.025240 0.060096
0 0.674880 0.579928 0.032452 0.106971
0 0.207332 0.286058 0.020433 0.060096
0 0.801683 0.582332 0.028846 0.027644
0 0.771034 0.583534 0.022837 0.032452
0 0.254207 0.611178 0.030048 0.097356
0 0.179087 0.296875 0.024038 0.033654
0 0.390625 0.578726 0.031250 0.063702
0 0.128606 0.296274 0.024038 0.032452
0 0.030048 0.569712 0.021635 0.062500
0 0.174880 0.421875 0.030048 0.067308
0 0.219952 0.583534 0.021635 0.032452
0 0.617188 0.297476 0.018029 0.037260
0 0.978365 0.720553 0.021635 0.039663
0 0.051683 0.584135 0.016827 0.036058
0 0.356370 0.584736 0.025240 0.037260
0 0.321514 0.296274 0.022837 0.034856
0 0.283654 0.285457 0.028846 0.061298
0 0.439904 0.296875 0.021635 0.033654
0 0.561899 0.292668 0.025240 0.025240
0 0.457933 0.578726 0.024038 0.042067
0 0.542668 0.581731 0.020433 0.038462
0 0.416466 0.435697 0.020433 0.039663
0 0.026442 0.429087 0.024038 0.050481
0 0.477764 0.718149 0.015625 0.044471
0 0.128606 0.438702 0.021635 0.036058
0 0.395433 0.435096 0.019231 0.040865
0 0.043870 0.703125 0.025240 0.069712
0 0.064303 0.435096 0.034856 0.038462
0 0.131611 0.586538 0.020433 0.028846
0 0.328726 0.582332 0.025240 0.030048
0 0.485577 0.572716 0.014423 0.056490
0 0.681490 0.432091 0.014423 0.056490
0 0.175481 0.725361 0.021635 0.032452
0 0.642428 0.437500 0.044471 0.038462
0 0.896034 0.725361 0.027644 0.039663
0 0.338942 0.725361 0.021635 0.030048
0 0.522236 0.430288 0.015625 0.052885
0 0.037260 0.294471 0.021635 0.055288
0 0.527043 0.296875 0.032452 0.033654
0 0.819111 0.427885 0.018029 0.055288
0 0.088942 0.721154 0.019231 0.036058
0 0.626202 0.720553 0.031250 0.058894
0 0.206731 0.725361 0.024038 0.034856
0 0.227163 0.299279 0.019231 0.028846
0 0.455529 0.722356 0.019231 0.031250
0 0.529447 0.724760 0.020433 0.033654
0 0.743389 0.574519 0.015625 0.048077
0 0.325120 0.420673 0.046875 0.067308
0 0.593149 0.314303 0.022837 0.066106
0 0.701322 0.581731 0.018029 0.028846
0 0.466947 0.280649 0.020433 0.051683
0 0.147837 0.708534 0.024038 0.056490
0 0.313101 0.722957 0.022837 0.034856
0 0.253005 0.719351 0.022837 0.027644
0 0.732572 0.300481 0.030048 0.091346
0 0.072716 0.572115 0.018029 0.048077
0 0.102163 0.567909 0.024038 0.054087
0 0.798077 0.438702 0.019231 0.038462
0 0.775240 0.435697 0.019231 0.042067
0 0.385216 0.283053 0.044471 0.051683
0 0.847957 0.431490 0.022837 0.052885
0 0.119591 0.707933 0.022837 0.052885
0 0.686298 0.298678 0.021635 0.030048
0 0.159856 0.582332 0.024038 0.042067
0 0.469952 0.438702 0.024038 0.028846
0 0.228966 0.719351 0.015625 0.034856
0 0.698918 0.713341 0.032452 0.056490
0 0.811899 0.709135 0.025240 0.019231
0 0.507212 0.724159 0.024038 0.030048
0 0.870793 0.432692 0.015625 0.038462
0 0.656250 0.724159 0.024038 0.046875
0 0.849760 0.710337 0.048077 0.064904
0 0.769832 0.710337 0.049279 0.057692
0 0.093750 0.432692 0.014423 0.038462
0 0.365986 0.725962 0.025240 0.033654
0 0.587572 0.439904 0.038798 0.096154
0 0.897236 0.436298 0.032452 0.031250
0 0.441707 0.438702 0.022837 0.036058
0 0.928486 0.439303 0.027644 0.027644
0 0.247596 0.298678 0.021635 0.034856
0 0.284255 0.731370 0.025240 0.049279
0 0.362981 0.438702 0.021635 0.040865
0 0.542067 0.444712 0.021635 0.043269
0 0.237380 0.438702 0.025240 0.038462
0 0.938702 0.721154 0.040865 0.033654
0 0.209135 0.434495 0.016827 0.042067
0 0.191707 0.586538 0.020433 0.033654
0 0.557692 0.722957 0.021635 0.030048
0 0.759183 0.292668 0.015962 0.056490
0 0.503606 0.443510 0.016827 0.028846
0 0.725962 0.727764 0.021635 0.044471
0 0.492188 0.284255 0.030048 0.063702
0 0.412855 0.296977 0.027248 0.029363
0 0.713816 0.283486 0.032873 0.062813
0 0.774189 0.300535 0.022440 0.045853
0 0.152764 0.438498 0.017740 0.027212
0 0.072656 0.703984 0.018173 0.062704
0 0.877794 0.705078 0.023209 0.069002
0 0.565655 0.441328 0.034772 0.097079
