0 0.514892 0.492055 0.050481 0.064904
0 0.861178 0.524639 0.044471 0.063702
0 0.371394 0.508413 0.031250 0.048077
0 0.406250 0.508413 0.033654 0.045673
0 0.259014 0.495793 0.032452 0.070913
0 0.560697 0.496995 0.034856 0.066106
0 0.337139 0.513221 0.030048 0.043269
0 0.751202 0.523438 0.043269 0.066106
0 0.301683 0.495793 0.028846 0.070913
0 0.791466 0.489183 0.025240 0.062500
0 0.036058 0.493389 0.048077 0.063702
0 0.969351 0.495192 0.027644 0.060096
0 0.688702 0.490385 0.026442 0.067308
0 0.165264 0.509014 0.030048 0.032452
0 0.821514 0.511418 0.025240 0.037260
0 0.227764 0.509014 0.022837 0.037260
0 0.930288 0.508413 0.024038 0.036058
0 0.196514 0.512019 0.027644 0.031250
0 0.713942 0.496394 0.014423 0.050481
0 0.091947 0.513822 0.032452 0.034856
0 0.905048 0.490986 0.026442 0.061298
0 0.618990 0.496995 0.019231 0.020433
0 0.136460 0.490385 0.039748 0.057692
0 0.530613 0.521022 0.022019 0.028894
0 0.730174 0.507109 0.023522 0.034796
0 0.840944 0.511148 0.017536 0.036599
