0 0.185096 0.597957 0.050481 0.102163
0 0.302885 0.617188 0.043269 0.094952
0 0.433894 0.323317 0.040865 0.069712
0 0.527644 0.817308 0.038462 0.086538
0 0.083534 0.599760 0.056490 0.048077
0 0.911659 0.811899 0.056490 0.054087
0 0.047476 0.291466 0.056490 0.066106
0 0.542668 0.453726 0.034856 0.042067
0 0.378005 0.447716 0.027644 0.037260
0 0.352163 0.588341 0.040865 0.044471
0 0.241587 0.450721 0.026442 0.031250
0 0.194111 0.469952 0.037260 0.074519
0 0.284255 0.303486 0.030048 0.042067
0 0.031250 0.778245 0.043269 0.061298
0 0.913462 0.447115 0.024038 0.038462
0 0.592548 0.438101 0.040865 0.063702
0 0.064904 0.151442 0.033654 0.057692
0 0.471755 0.304087 0.030048 0.048077
0 0.069111 0.797476 0.030048 0.034856
0 0.316106 0.450721 0.028846 0.031250
0 0.243990 0.293870 0.028846 0.058894
0 0.378005 0.800481 0.027644 0.036058
0 0.642428 0.451923 0.030048 0.031250
0 0.391226 0.586538 0.037260 0.040865
0 0.805288 0.427284 0.038462 0.068510
0 0.165264 0.162260 0.025240 0.031250
0 0.141226 0.302284 0.018029 0.042067
0 0.275240 0.451923 0.031250 0.026442
0 0.610577 0.798678 0.033654 0.034856
0 0.213942 0.796274 0.026442 0.051683
0 0.856971 0.444111 0.028846 0.042067
0 0.823317 0.802284 0.031250 0.044471
0 0.175481 0.803486 0.026442 0.032452
0 0.677284 0.432091 0.022837 0.056490
0 0.097957 0.796875 0.022837 0.038462
0 0.852163 0.168269 0.033654 0.028846
0 0.799279 0.161058 0.021635 0.038462
0 0.760216 0.164062 0.034856 0.030048
0 0.605769 0.161058 0.031250 0.069712
0 0.552885 0.151442 0.024038 0.048077
0 0.336538 0.801082 0.031250 0.027644
0 0.215144 0.169471 0.026442 0.045673
0 0.281250 0.165264 0.026442 0.034856
0 0.944111 0.442909 0.037260 0.049279
0 0.161659 0.448918 0.025240 0.037260
0 0.314904 0.162861 0.028846 0.042067
0 0.469351 0.164663 0.025240 0.028846
0 0.429087 0.797476 0.026442 0.049279
0 0.098558 0.445312 0.026442 0.044471
0 0.865986 0.802284 0.027644 0.051683
0 0.724760 0.168870 0.026442 0.030048
0 0.250601 0.796875 0.022837 0.050481
0 0.721154 0.443510 0.036058 0.048077
0 0.370793 0.167668 0.027644 0.027644
0 0.781250 0.804688 0.028846 0.030048
0 0.121394 0.167668 0.024038 0.025240
0 0.653245 0.303486 0.039663 0.039663
0 0.693510 0.786058 0.040865 0.062500
0 0.246394 0.171274 0.031250 0.039663
0 0.029447 0.433293 0.027644 0.058894
0 0.134615 0.601562 0.045673 0.054087
0 0.618990 0.305288 0.028846 0.031250
0 0.188702 0.164062 0.021635 0.034856
0 0.693510 0.305288 0.040865 0.036058
0 0.513221 0.305889 0.048077 0.039663
0 0.405649 0.157452 0.022837 0.040865
0 0.574519 0.798678 0.028846 0.037260
0 0.822115 0.167067 0.024038 0.031250
0 0.094952 0.165264 0.021635 0.030048
0 0.069111 0.432692 0.022837 0.055288
0 0.186899 0.292668 0.051683 0.066106
0 0.138221 0.807692 0.038462 0.033654
0 0.882212 0.445913 0.021635 0.036058
0 0.129808 0.452524 0.031250 0.030048
0 0.324519 0.308894 0.036058 0.031250
0 0.658654 0.169471 0.024038 0.026442
0 0.496394 0.438101 0.057692 0.063702
0 0.349159 0.443510 0.020433 0.045673
0 0.441707 0.162861 0.025240 0.025240
0 0.382212 0.304688 0.045673 0.037260
0 0.749399 0.800481 0.018029 0.038462
0 0.111178 0.308293 0.025240 0.027644
0 0.587139 0.304688 0.027644 0.032452
0 0.344952 0.167668 0.021635 0.030048
0 0.444111 0.449519 0.027644 0.024038
0 0.500601 0.179087 0.020433 0.031250
0 0.230168 0.578726 0.037260 0.068510
0 0.692909 0.170072 0.034856 0.027644
0 0.141106 0.165258 0.010529 0.021526
0 0.086563 0.305805 0.029183 0.036130
0 0.218618 0.446124 0.016274 0.050709
0 0.828263 0.452831 0.028065 0.027200
0 0.566184 0.288666 0.025925 0.056298
0 0.580583 0.166022 0.029579 0.026899
0 0.630907 0.168870 0.024050 0.030817
0 0.267764 0.592416 0.035769 0.038774
0 0.045234 0.577236 0.032031 0.065000
0 0.405733 0.807007 0.018125 0.029351
0 0.719171 0.805036 0.032933 0.029519
