0 0.282452 0.546875 0.050481 0.060096
0 0.111779 0.398438 0.036058 0.075721
0 0.518630 0.421875 0.054087 0.062500
0 0.676082 0.411058 0.037260 0.040865
0 0.409856 0.411659 0.040865 0.039663
0 0.102163 0.591346 0.050481 0.141827
0 0.186899 0.395433 0.037260 0.057692
0 0.599760 0.398438 0.031250 0.068510
0 0.371394 0.410457 0.033654 0.042067
0 0.852163 0.414663 0.031250 0.048077
0 0.466346 0.411659 0.043269 0.042067
0 0.774038 0.414663 0.031250 0.050481
0 0.310096 0.408654 0.040865 0.045673
0 0.566707 0.412861 0.030048 0.044471
0 0.635216 0.409255 0.039663 0.051683
0 0.717548 0.393630 0.028846 0.058894
0 0.182692 0.574519 0.040865 0.115385
0 0.743990 0.406851 0.024038 0.054087
0 0.148438 0.414663 0.030048 0.038462
0 0.887019 0.417668 0.036058 0.037260
0 0.261418 0.394832 0.027644 0.061298
0 0.408654 0.558894 0.038462 0.043269
0 0.364784 0.548678 0.042067 0.044471
0 0.328125 0.548678 0.028846 0.039663
0 0.231370 0.557692 0.044471 0.052885
0 0.231370 0.415264 0.032452 0.034856
0 0.153660 0.563413 0.031262 0.056490
0 0.802891 0.409669 0.030445 0.063305
0 0.829153 0.406130 0.033666 0.069760
