0 0.393630 0.515024 0.032452 0.087740
0 0.924279 0.495192 0.045673 0.062500
0 0.643029 0.507212 0.021635 0.038462
0 0.341947 0.509615 0.027644 0.031250
0 0.042067 0.496995 0.036058 0.061298
0 0.107572 0.510817 0.039663 0.036058
0 0.790865 0.496995 0.026442 0.051683
0 0.820913 0.508413 0.026442 0.038462
0 0.154447 0.514423 0.042067 0.048077
0 0.545072 0.501202 0.030048 0.057692
0 0.432692 0.510817 0.026442 0.033654
0 0.676683 0.500601 0.028846 0.066106
0 0.296875 0.513822 0.033654 0.030048
0 0.576322 0.507212 0.025240 0.036058
0 0.501803 0.506611 0.018029 0.037260
0 0.612981 0.503606 0.026442 0.040865
0 0.463341 0.497596 0.020433 0.048077
0 0.745793 0.509014 0.037260 0.034856
0 0.710337 0.509615 0.024038 0.036058
0 0.216346 0.511418 0.031250 0.044471
0 0.483173 0.500601 0.019231 0.051683
0 0.070312 0.519231 0.020433 0.031250
0 0.960252 0.527314 0.036947 0.063233
0 0.371388 0.515769 0.025228 0.032332
0 0.245805 0.515944 0.033389 0.041214
0 0.192867 0.505288 0.032680 0.067500
