0 0.387620 0.420072 0.068510 0.066106
0 0.394832 0.563101 0.070913 0.070913
0 0.584135 0.566707 0.040865 0.058894
0 0.534856 0.567308 0.043269 0.069712
0 0.436899 0.437500 0.030048 0.040865
0 0.617188 0.426683 0.030048 0.062500
0 0.542668 0.424279 0.034856 0.055288
0 0.617788 0.566106 0.026442 0.064904
0 0.469952 0.426683 0.024038 0.062500
0 0.584736 0.436899 0.034856 0.030048
0 0.491587 0.577524 0.036058 0.039663
0 0.500000 0.433894 0.036058 0.040865
0 0.438864 0.579844 0.037416 0.040264
0 0.468942 0.568480 0.027476 0.062536
