0 0.551683 0.466947 0.028846 0.058894
0 0.409255 0.487981 0.037260 0.036058
0 0.322115 0.484375 0.028846 0.031250
0 0.359375 0.485577 0.036058 0.038462
0 0.222957 0.465745 0.051683 0.056490
0 0.738582 0.500601 0.054087 0.114183
0 0.475962 0.478365 0.036058 0.040865
0 0.286659 0.484976 0.025240 0.032452
0 0.685096 0.481370 0.043269 0.032452
0 0.635216 0.484375 0.042067 0.036058
0 0.445312 0.482572 0.018029 0.030048
0 0.808894 0.476562 0.021635 0.044471
0 0.593149 0.481971 0.027644 0.038462
0 0.519832 0.480168 0.030048 0.032452
0 0.247272 0.483570 0.031971 0.035769
