0 0.466346 0.506611 0.016827 0.034856
0 0.590745 0.502404 0.015625 0.033654
0 0.027644 0.490385 0.019231 0.060096
0 0.277043 0.508413 0.018029 0.036058
0 0.843750 0.495793 0.016827 0.044471
0 0.224159 0.531250 0.018029 0.098558
0 0.949519 0.493990 0.014423 0.048077
0 0.551683 0.503005 0.016827 0.037260
0 0.695312 0.504207 0.015625 0.030048
0 0.569111 0.493389 0.018029 0.051683
0 0.255409 0.491587 0.015625 0.060096
0 0.152668 0.502885 0.018774 0.028846
0 0.299279 0.492788 0.014423 0.055288
0 0.063101 0.507812 0.018029 0.034856
0 0.484976 0.507212 0.018029 0.036058
0 0.785457 0.526442 0.018029 0.076923
0 0.675481 0.496995 0.021635 0.058894
0 0.897837 0.493389 0.012019 0.046875
0 0.930889 0.495793 0.018029 0.034856
0 0.913462 0.487380 0.014423 0.049279
0 0.444712 0.504808 0.016827 0.033654
0 0.823317 0.501803 0.014423 0.030048
0 0.766983 0.502728 0.018029 0.026442
0 0.965144 0.502404 0.014423 0.031250
0 0.880409 0.502404 0.015625 0.026442
0 0.805288 0.502404 0.014423 0.028846
0 0.132873 0.501202 0.013654 0.035553
0 0.414663 0.502404 0.016827 0.031250
0 0.183293 0.534255 0.020433 0.106971
0 0.097957 0.490986 0.015625 0.054087
0 0.501202 0.509615 0.014423 0.033654
0 0.987380 0.500601 0.020433 0.027644
0 0.862380 0.492788 0.013221 0.045673
0 0.634014 0.504207 0.018029 0.027644
0 0.334135 0.508413 0.021635 0.096154
0 0.613582 0.501803 0.018029 0.032452
0 0.715144 0.501202 0.016827 0.028846
0 0.046274 0.497596 0.010817 0.045673
0 0.516226 0.492788 0.013221 0.057692
0 0.393630 0.498798 0.020433 0.033654
0 0.733173 0.501202 0.016827 0.028846
0 0.531851 0.501803 0.013221 0.037260
0 0.081370 0.511773 0.024760 0.099772
0 0.115823 0.491142 0.019026 0.051322
0 0.169297 0.504778 0.017584 0.028353
0 0.243041 0.501905 0.015072 0.039123
0 0.315349 0.518774 0.021178 0.049159
0 0.345853 0.497776 0.013990 0.051683
0 0.749069 0.502085 0.014195 0.036214
