0 0.795072 0.490385 0.051683 0.072115
0 0.720553 0.491587 0.058894 0.084135
0 0.868389 0.533654 0.049279 0.100962
0 0.083534 0.352163 0.051683 0.057692
0 0.579928 0.631010 0.051683 0.064904
0 0.068510 0.495192 0.045673 0.067308
0 0.705529 0.348558 0.052885 0.067308
0 0.640625 0.347356 0.052885 0.079327
0 0.926683 0.505409 0.040865 0.042067
0 0.151442 0.534255 0.050481 0.087740
0 0.355168 0.492188 0.042067 0.054087
0 0.253606 0.651442 0.057692 0.045673
0 0.435697 0.503005 0.063702 0.039663
0 0.224760 0.351562 0.026442 0.063702
0 0.201923 0.509014 0.038462 0.037260
0 0.254808 0.507212 0.028846 0.026442
0 0.569111 0.490385 0.054087 0.067308
0 0.635817 0.642428 0.038462 0.042067
0 0.072716 0.637019 0.042067 0.060096
0 0.320312 0.644832 0.044471 0.034856
0 0.194111 0.651442 0.034856 0.048077
0 0.316106 0.496995 0.031250 0.049279
0 0.302284 0.362981 0.032452 0.038462
0 0.112380 0.640625 0.022837 0.057692
0 0.155048 0.651442 0.043269 0.036058
0 0.506010 0.502404 0.024038 0.036058
0 0.258413 0.366587 0.036058 0.033654
0 0.365986 0.348558 0.042067 0.060096
0 0.286058 0.504207 0.019231 0.039663
0 0.152897 0.363029 0.042019 0.038125
0 0.481971 0.497596 0.024038 0.045673
0 0.199724 0.363504 0.030312 0.035757
0 0.118011 0.363143 0.037897 0.039315
0 0.111022 0.509165 0.043341 0.044291
0 0.533462 0.505445 0.032620 0.045433
0 0.835517 0.503419 0.047260 0.045493
