0 0.570913 0.435697 0.033654 0.099760
0 0.444712 0.426683 0.031250 0.064904
0 0.625000 0.465144 0.028846 0.098558
0 0.868389 0.430889 0.025240 0.037260
0 0.955529 0.429688 0.026442 0.051683
0 0.106370 0.424279 0.037260 0.069712
0 0.141827 0.447716 0.024038 0.051683
0 0.838942 0.388822 0.031250 0.030048
0 0.674279 0.427284 0.024038 0.054087
0 0.413462 0.427284 0.024038 0.058894
0 0.929087 0.429688 0.021635 0.054087
0 0.022837 0.415264 0.043269 0.068510
0 0.265625 0.428486 0.045673 0.061298
0 0.194111 0.433894 0.022837 0.045673
0 0.387620 0.433293 0.018029 0.063702
0 0.602764 0.572115 0.049279 0.062500
0 0.024639 0.567308 0.034856 0.057692
0 0.524038 0.432692 0.038462 0.036058
0 0.704327 0.418870 0.036058 0.063702
0 0.776442 0.453125 0.028846 0.055288
0 0.299279 0.423678 0.021635 0.066106
0 0.803486 0.429688 0.022837 0.097356
0 0.737981 0.417668 0.026442 0.070913
0 0.071424 0.422662 0.040998 0.073017
0 0.322115 0.463942 0.024038 0.064904
0 0.366587 0.426683 0.016827 0.031250
0 0.472957 0.400841 0.022837 0.020433
0 0.521635 0.474159 0.031250 0.032452
0 0.042133 0.463299 0.019748 0.091502
0 0.598005 0.422566 0.039111 0.059579
0 0.748732 0.457734 0.023329 0.053113
0 0.977897 0.452662 0.024159 0.043642
0 0.759008 0.412254 0.012584 0.074700
