0 0.457933 0.503606 0.036058 0.038462
0 0.414062 0.504207 0.037260 0.032452
0 0.611178 0.519832 0.027644 0.070913
0 0.378606 0.506611 0.026442 0.034856
0 0.703125 0.497596 0.026442 0.052885
0 0.308894 0.494591 0.040865 0.058894
0 0.640625 0.506611 0.019231 0.034856
0 0.525240 0.509014 0.026442 0.034856
0 0.673678 0.510817 0.020433 0.028846
0 0.346755 0.509014 0.034856 0.039663
0 0.570913 0.512019 0.024038 0.028846
0 0.496995 0.490385 0.027644 0.060096
0 0.549285 0.497079 0.020300 0.055096
0 0.591100 0.500463 0.016430 0.048329
0 0.655373 0.503239 0.017885 0.046166
