0 0.368990 0.664062 0.031250 0.094952
0 0.278846 0.487380 0.024038 0.056490
0 0.065505 0.352764 0.018029 0.032452
0 0.156851 0.628606 0.025240 0.057692
0 0.454928 0.641226 0.025240 0.042067
0 0.427284 0.628005 0.022837 0.056490
0 0.049279 0.641226 0.024038 0.037260
0 0.318510 0.638822 0.024038 0.039663
0 0.188702 0.352764 0.021635 0.039663
0 0.161659 0.341947 0.025240 0.054087
0 0.366587 0.360577 0.019231 0.043269
0 0.022236 0.343750 0.030048 0.067308
0 0.237981 0.642428 0.028846 0.034856
0 0.121995 0.355769 0.018029 0.038462
0 0.185697 0.643630 0.022837 0.037260
0 0.611178 0.358173 0.025240 0.033654
0 0.932091 0.353365 0.025240 0.038462
0 0.100962 0.629808 0.012019 0.055288
0 0.177885 0.496394 0.019231 0.040865
0 0.140024 0.355769 0.015625 0.036058
0 0.390024 0.355769 0.022837 0.036058
0 0.109976 0.494591 0.020433 0.044471
0 0.835337 0.495192 0.021635 0.040865
0 0.719952 0.359375 0.026442 0.036058
0 0.260817 0.356971 0.019231 0.036058
0 0.682091 0.500601 0.022837 0.042067
0 0.483173 0.643630 0.024038 0.046875
0 0.495192 0.506010 0.016827 0.040865
0 0.777043 0.494591 0.025240 0.034856
0 0.909856 0.350361 0.019231 0.042067
0 0.656851 0.484976 0.022837 0.066106
0 0.085337 0.346755 0.016827 0.058894
0 0.237981 0.347957 0.019231 0.056490
0 0.045673 0.506010 0.024038 0.115385
0 0.210337 0.641226 0.019231 0.037260
0 0.915865 0.496995 0.021635 0.044471
0 0.393029 0.493990 0.012019 0.050481
0 0.617188 0.487380 0.015625 0.061298
0 0.811298 0.349159 0.019231 0.054087
0 0.590745 0.347957 0.013221 0.049279
0 0.020433 0.620793 0.026442 0.075721
0 0.476562 0.504207 0.018029 0.032452
0 0.682692 0.343750 0.016827 0.055288
0 0.697716 0.349760 0.010817 0.045673
0 0.789663 0.359375 0.016827 0.031250
0 0.894231 0.489183 0.019231 0.062500
0 0.105769 0.349760 0.012019 0.040865
0 0.470553 0.358774 0.018029 0.034856
0 0.287861 0.635216 0.025240 0.044471
0 0.837139 0.362981 0.020433 0.031250
0 0.634615 0.501803 0.019231 0.037260
0 0.727764 0.495793 0.022837 0.044471
0 0.442909 0.497596 0.034856 0.038462
0 0.326322 0.519832 0.022837 0.090144
0 0.343149 0.632212 0.018029 0.045673
0 0.597356 0.495793 0.019231 0.044471
0 0.016827 0.495793 0.019231 0.039663
0 0.147236 0.497596 0.022837 0.038462
0 0.120192 0.640024 0.021635 0.034856
0 0.439303 0.352163 0.015625 0.048077
0 0.960337 0.496394 0.016827 0.036058
0 0.348558 0.356370 0.016827 0.037260
0 0.982572 0.502404 0.015625 0.038462
0 0.286058 0.349159 0.019231 0.054087
0 0.560096 0.354567 0.021635 0.036058
0 0.495547 0.353149 0.035349 0.064471
0 0.754808 0.355769 0.021635 0.038462
0 0.570312 0.496995 0.027644 0.042067
0 0.455529 0.349159 0.012019 0.049279
0 0.881611 0.385216 0.027644 0.097356
0 0.347957 0.500601 0.015625 0.032452
0 0.324519 0.357572 0.019231 0.032452
0 0.751202 0.496394 0.021635 0.043269
0 0.402043 0.630409 0.020433 0.042067
0 0.409856 0.498798 0.021635 0.045673
0 0.074519 0.631010 0.024038 0.062500
0 0.304688 0.496995 0.020433 0.030048
0 0.504808 0.654447 0.014423 0.020433
0 0.513822 0.514423 0.013221 0.031250
0 0.861779 0.498197 0.024038 0.039663
0 0.938702 0.501202 0.016827 0.031250
0 0.371995 0.498197 0.025240 0.037260
0 0.201923 0.501202 0.026442 0.033654
0 0.047476 0.346755 0.010817 0.042067
0 0.305889 0.343149 0.013221 0.056490
0 0.124609 0.490276 0.012632 0.060313
0 0.139297 0.627722 0.010709 0.059531
0 0.578155 0.346112 0.013474 0.054675
0 0.771052 0.348804 0.014243 0.055445
0 0.863071 0.358239 0.026575 0.036575
