0 0.029447 0.350962 0.027644 0.069712
0 0.168269 0.650240 0.028846 0.105769
0 0.280048 0.638822 0.031250 0.058894
0 0.241587 0.493389 0.026442 0.073317
0 0.701923 0.490385 0.024038 0.067308
0 0.280048 0.489784 0.021635 0.073317
0 0.503606 0.629808 0.026442 0.064904
0 0.335938 0.509014 0.025240 0.032452
0 0.971755 0.352163 0.030048 0.064904
0 0.138822 0.495192 0.030048 0.064904
0 0.379207 0.625601 0.025240 0.066106
0 0.524639 0.507812 0.030048 0.044471
0 0.584736 0.647837 0.030048 0.045673
0 0.082332 0.507812 0.025240 0.037260
0 0.504207 0.349760 0.030048 0.069712
0 0.195312 0.641226 0.022837 0.037260
0 0.408053 0.643029 0.022837 0.036058
0 0.137620 0.648438 0.025240 0.039663
0 0.469351 0.637019 0.025240 0.064904
0 0.138822 0.359375 0.032452 0.067308
0 0.553486 0.650240 0.022837 0.040865
0 0.445312 0.524639 0.030048 0.131010
0 0.492188 0.508413 0.020433 0.040865
0 0.394832 0.507212 0.020433 0.038462
0 0.667067 0.533053 0.021635 0.097356
0 0.087139 0.353966 0.018029 0.066106
0 0.206130 0.506611 0.030048 0.044471
0 0.676082 0.639423 0.025240 0.067308
0 0.836538 0.493389 0.014423 0.056490
0 0.681490 0.361178 0.024038 0.039663
0 0.332332 0.354567 0.013221 0.055288
0 0.530649 0.643029 0.015625 0.050481
0 0.270433 0.367788 0.038462 0.040865
0 0.022236 0.644832 0.025240 0.044471
0 0.175481 0.361779 0.024038 0.048077
0 0.583534 0.502404 0.020433 0.038462
0 0.713942 0.362380 0.028846 0.037260
0 0.438702 0.645433 0.026442 0.036058
0 0.534856 0.361178 0.024038 0.037260
0 0.600962 0.350361 0.021635 0.075721
0 0.754207 0.359976 0.025240 0.042067
0 0.308293 0.361779 0.020433 0.038462
0 0.783053 0.484375 0.022837 0.079327
0 0.173678 0.508413 0.022837 0.048077
0 0.655649 0.358173 0.015625 0.048077
0 0.201923 0.367788 0.026442 0.038462
0 0.887019 0.353966 0.014423 0.054087
0 0.733774 0.501803 0.025240 0.049279
0 0.855769 0.504808 0.019231 0.036058
0 0.047476 0.645433 0.020433 0.043269
0 0.028245 0.498798 0.030048 0.057692
0 0.108173 0.649639 0.026442 0.034856
0 0.311298 0.643029 0.024038 0.038462
0 0.368389 0.349159 0.015625 0.066106
0 0.391226 0.363582 0.025240 0.042067
0 0.060697 0.365986 0.022837 0.046875
0 0.877404 0.507812 0.021635 0.039663
0 0.566707 0.362981 0.027644 0.040865
0 0.420673 0.370192 0.026442 0.038462
0 0.784856 0.362981 0.031250 0.045673
0 0.365986 0.509615 0.022837 0.033654
0 0.650841 0.646635 0.022837 0.036058
0 0.910457 0.361779 0.022837 0.033654
0 0.349760 0.366587 0.016827 0.043269
0 0.558894 0.493389 0.012019 0.058894
0 0.058293 0.501202 0.018029 0.055288
0 0.862380 0.366587 0.022837 0.040865
0 0.641226 0.501803 0.013221 0.049279
0 0.631010 0.347356 0.021635 0.079327
0 0.761418 0.496995 0.015625 0.058894
0 0.305288 0.501202 0.016827 0.052885
0 0.616587 0.497596 0.031250 0.057692
0 0.936298 0.364784 0.026442 0.027644
0 0.700721 0.298077 0.019231 0.021635
0 0.468528 0.507272 0.022897 0.038053
0 0.064742 0.648498 0.014700 0.035120
0 0.090018 0.634303 0.013954 0.060024
