0 0.263822 0.457332 0.032452 0.094952
0 0.508413 0.478365 0.031250 0.105769
0 0.836538 0.446514 0.026442 0.034856
0 0.207933 0.582933 0.031250 0.045673
0 0.317308 0.445913 0.021635 0.033654
0 0.339543 0.431490 0.020433 0.060096
0 0.028846 0.430288 0.031250 0.060096
0 0.966346 0.448317 0.036058 0.084135
0 0.296274 0.433293 0.018029 0.051683
0 0.168870 0.582332 0.025240 0.042067
0 0.143029 0.444712 0.028846 0.031250
0 0.469351 0.446514 0.027644 0.030048
0 0.626803 0.444111 0.025240 0.039663
0 0.367788 0.447716 0.026442 0.030048
0 0.029447 0.590144 0.025240 0.036058
0 0.737380 0.435697 0.025240 0.051683
0 0.392428 0.433894 0.020433 0.052885
0 0.064904 0.588942 0.028846 0.033654
0 0.138822 0.573918 0.025240 0.049279
0 0.058894 0.438702 0.026442 0.057692
0 0.173678 0.431490 0.020433 0.055288
0 0.917067 0.427885 0.021635 0.057692
0 0.888221 0.444712 0.028846 0.033654
0 0.762620 0.442909 0.025240 0.032452
0 0.570913 0.439303 0.033654 0.032452
0 0.429087 0.428486 0.021635 0.051683
0 0.090144 0.453726 0.016827 0.022837
0 0.655048 0.444712 0.019231 0.028846
0 0.686298 0.439904 0.028846 0.055288
0 0.093750 0.587139 0.024038 0.039663
0 0.192909 0.444712 0.018029 0.031250
0 0.861178 0.444712 0.020433 0.028846
0 0.539663 0.443510 0.021635 0.033654
0 0.801082 0.435096 0.034856 0.050481
0 0.250601 0.599760 0.018029 0.019231
0 0.446689 0.434153 0.022272 0.056839
0 0.940024 0.444020 0.025721 0.027175
0 0.983624 0.436514 0.021262 0.058245
