0 0.107572 0.485577 0.032452 0.062500
0 0.193510 0.524639 0.021635 0.090144
0 0.270433 0.525240 0.026442 0.084135
0 0.483173 0.490385 0.028846 0.064904
0 0.918870 0.486178 0.022837 0.054087
0 0.040865 0.479567 0.033654 0.079327
0 0.072115 0.495192 0.024038 0.045673
0 0.584736 0.490385 0.030048 0.057692
0 0.965745 0.496995 0.039663 0.046875
0 0.381010 0.502404 0.021635 0.040865
0 0.635817 0.488582 0.024038 0.056490
0 0.160457 0.501803 0.025240 0.032452
0 0.136418 0.487380 0.015625 0.049279
0 0.657452 0.509014 0.014423 0.022837
0 0.221755 0.500601 0.025240 0.037260
0 0.612981 0.506611 0.014423 0.022837
0 0.865986 0.506611 0.018029 0.037260
0 0.352764 0.501202 0.022837 0.043269
0 0.441707 0.509014 0.034856 0.075721
0 0.746394 0.501202 0.021635 0.057692
0 0.715144 0.498197 0.026442 0.037260
0 0.405048 0.498798 0.019231 0.036058
0 0.810096 0.496394 0.045673 0.062500
0 0.302885 0.496394 0.012019 0.036058
0 0.995793 0.512620 0.010817 0.022837
0 0.806076 0.568065 0.029435 0.046418
0 0.810258 0.524760 0.056454 0.026803
0 0.247446 0.501076 0.022728 0.037320
