0 0.216947 0.572716 0.097356 0.073317
0 0.263822 0.445312 0.037260 0.056490
0 0.355769 0.585938 0.055288 0.056490
0 0.203726 0.430889 0.075721 0.078125
0 0.814904 0.428486 0.040865 0.082933
0 0.515024 0.430288 0.037260 0.081731
0 0.629207 0.434495 0.042067 0.075721
0 0.436899 0.582933 0.034856 0.048077
0 0.950120 0.445312 0.044471 0.061298
0 0.561298 0.446514 0.033654 0.049279
0 0.392867 0.448918 0.061623 0.042067
0 0.339543 0.423678 0.032452 0.080529
0 0.301683 0.431490 0.028846 0.072115
0 0.578726 0.567909 0.078125 0.073317
0 0.436899 0.438101 0.022837 0.066106
0 0.070312 0.570312 0.078125 0.087740
0 0.675805 0.442326 0.041731 0.038786
0 0.069111 0.423678 0.068510 0.068510
0 0.475361 0.444712 0.027644 0.028846
0 0.477163 0.583534 0.036058 0.049279
0 0.909856 0.445913 0.028846 0.055288
0 0.750601 0.450120 0.030048 0.042067
0 0.403245 0.581130 0.022837 0.054087
0 0.593750 0.445312 0.026442 0.044471
0 0.284543 0.590234 0.047596 0.049026
0 0.655487 0.563215 0.078666 0.084820
0 0.851953 0.453744 0.044579 0.030445
0 0.888744 0.437788 0.026094 0.063798
0 0.726172 0.431629 0.038065 0.084099
0 0.702975 0.443774 0.043858 0.114183
