0 0.646034 0.281250 0.046875 0.072115
0 0.475361 0.426082 0.054087 0.058894
0 0.225361 0.280649 0.061298 0.078125
0 0.631611 0.457332 0.049279 0.082933
0 0.323918 0.725962 0.054087 0.057692
0 0.472957 0.708534 0.082933 0.056490
0 0.759014 0.291466 0.039663 0.042067
0 0.221154 0.425481 0.074519 0.069712
0 0.423678 0.569111 0.049279 0.046875
0 0.373798 0.433894 0.040865 0.036058
0 0.620793 0.581731 0.034856 0.038462
0 0.280649 0.718750 0.030048 0.043269
0 0.765024 0.702524 0.032452 0.066106
0 0.379808 0.278245 0.031250 0.066106
0 0.290865 0.295072 0.038462 0.034856
0 0.868990 0.718750 0.033654 0.038462
0 0.314904 0.579928 0.038462 0.034856
0 0.799880 0.578726 0.037260 0.034856
0 0.738582 0.422476 0.051683 0.066106
0 0.417668 0.435697 0.037260 0.037260
0 0.331130 0.286058 0.032452 0.064904
0 0.644231 0.721154 0.067308 0.038462
0 0.597957 0.292668 0.030048 0.034856
0 0.547476 0.578125 0.056490 0.036058
0 0.801082 0.285457 0.020433 0.054087
0 0.495793 0.297476 0.058894 0.042067
0 0.713942 0.293870 0.036058 0.034856
0 0.542067 0.437500 0.038462 0.033654
0 0.585938 0.436899 0.037260 0.032452
0 0.714543 0.564904 0.032452 0.060096
0 0.232572 0.706130 0.049279 0.054087
0 0.227764 0.585938 0.046875 0.104567
0 0.489784 0.578726 0.034856 0.032452
0 0.839543 0.574519 0.030048 0.040865
0 0.272837 0.578726 0.031250 0.032452
0 0.277644 0.420072 0.036058 0.061298
0 0.533654 0.721755 0.036058 0.032452
0 0.822716 0.433894 0.030048 0.043269
0 0.323918 0.436298 0.032452 0.038462
0 0.558894 0.293269 0.038462 0.036058
0 0.751803 0.579327 0.042067 0.038462
0 0.425481 0.293870 0.060096 0.044471
0 0.838942 0.709135 0.024038 0.050481
0 0.368389 0.577524 0.039663 0.032452
0 0.667067 0.573918 0.036058 0.037260
0 0.805288 0.703125 0.031250 0.060096
0 0.907452 0.722356 0.040865 0.031250
0 0.579327 0.722356 0.033654 0.033654
0 0.709135 0.714543 0.031250 0.044471
0 0.092548 0.278245 0.067308 0.039663
0 0.839543 0.289062 0.042067 0.049279
0 0.387019 0.722356 0.021635 0.021635
0 0.082332 0.425481 0.051683 0.036058
0 0.781106 0.435649 0.038365 0.040505
