0 0.068510 0.607572 0.045673 0.066106
0 0.381611 0.487380 0.034856 0.109375
0 0.523438 0.801082 0.032452 0.111779
0 0.667668 0.603966 0.037260 0.080529
0 0.420673 0.636418 0.036058 0.123798
0 0.147837 0.469351 0.026442 0.080529
0 0.112380 0.462139 0.032452 0.080529
0 0.309495 0.187500 0.034856 0.069712
0 0.030649 0.333534 0.042067 0.049279
0 0.226562 0.746394 0.020433 0.064904
0 0.272236 0.476562 0.037260 0.049279
0 0.501202 0.205529 0.033654 0.105769
0 0.554087 0.763822 0.021635 0.049279
0 0.071514 0.201322 0.022837 0.037260
0 0.178486 0.621394 0.020433 0.043269
0 0.503005 0.335938 0.025240 0.044471
0 0.203726 0.759014 0.020433 0.042067
0 0.184495 0.319712 0.032452 0.069712
0 0.100962 0.317308 0.031250 0.052885
0 0.527043 0.605168 0.025240 0.073317
0 0.232572 0.605769 0.032452 0.069712
0 0.032452 0.754207 0.036058 0.058894
0 0.370192 0.183894 0.026442 0.064904
0 0.579327 0.604567 0.026442 0.064904
0 0.451923 0.623798 0.024038 0.048077
0 0.217548 0.334135 0.021635 0.043269
0 0.468750 0.353966 0.033654 0.061298
0 0.914663 0.328726 0.033654 0.063702
0 0.554688 0.622596 0.020433 0.036058
0 0.331731 0.647837 0.028846 0.108173
0 0.024038 0.188101 0.026442 0.070913
0 0.131611 0.332332 0.022837 0.037260
0 0.108173 0.618990 0.028846 0.040865
0 0.359375 0.621394 0.014423 0.038462
0 0.178486 0.477764 0.027644 0.054087
0 0.221154 0.180889 0.024038 0.070913
0 0.143630 0.623197 0.032452 0.046875
0 0.554087 0.329327 0.014423 0.064904
0 0.531851 0.337740 0.022837 0.040865
0 0.817308 0.336538 0.024038 0.050481
0 0.403245 0.180288 0.037260 0.074519
0 0.144832 0.224760 0.025240 0.088942
0 0.273438 0.760817 0.025240 0.043269
0 0.529447 0.199519 0.022837 0.045673
0 0.640024 0.335938 0.022837 0.051683
0 0.755409 0.622596 0.022837 0.043269
0 0.489183 0.489183 0.028846 0.045673
0 0.875000 0.337139 0.031250 0.044471
0 0.246995 0.198317 0.020433 0.038462
0 0.489183 0.626202 0.038462 0.045673
0 0.234375 0.483173 0.024038 0.043269
0 0.308293 0.750601 0.034856 0.075721
0 0.399038 0.759014 0.024038 0.070913
0 0.047476 0.194712 0.015625 0.062500
0 0.352614 0.335337 0.030349 0.040865
0 0.270433 0.617188 0.026442 0.034856
0 0.463942 0.208534 0.036058 0.109375
0 0.465144 0.485577 0.019231 0.038462
0 0.409255 0.483774 0.020433 0.032452
0 0.448317 0.469952 0.014423 0.060096
0 0.185998 0.197296 0.019231 0.040865
0 0.780048 0.625000 0.026442 0.036058
0 0.944712 0.335938 0.024038 0.044471
0 0.096154 0.187500 0.019231 0.060096
0 0.632212 0.600962 0.026442 0.079327
0 0.156250 0.332332 0.019231 0.039663
0 0.301683 0.612380 0.026442 0.037260
0 0.607572 0.616587 0.020433 0.043269
0 0.242788 0.337740 0.026442 0.031250
0 0.560096 0.198317 0.031250 0.052885
0 0.724159 0.628606 0.022837 0.045673
0 0.470553 0.745192 0.027644 0.055288
0 0.366587 0.781851 0.028846 0.123798
0 0.845553 0.335337 0.015625 0.048077
0 0.087139 0.746995 0.022837 0.063702
0 0.618990 0.335337 0.012019 0.057692
0 0.042668 0.471755 0.044471 0.054087
0 0.430889 0.474159 0.018029 0.054087
0 0.596755 0.354567 0.027644 0.125000
0 0.786058 0.327524 0.031250 0.078125
0 0.332933 0.478365 0.024038 0.043269
0 0.246995 0.760216 0.018029 0.039663
0 0.324519 0.338942 0.028846 0.040865
0 0.127404 0.743990 0.024038 0.076923
0 0.115385 0.203125 0.019231 0.036058
0 0.669471 0.340144 0.019231 0.036058
0 0.307091 0.478365 0.022837 0.040865
0 0.719952 0.345553 0.024038 0.054087
0 0.209736 0.477764 0.018029 0.046875
0 0.746394 0.344351 0.024038 0.042067
0 0.384549 0.340144 0.033522 0.036058
0 0.576923 0.752404 0.021635 0.069712
0 0.105168 0.750601 0.013221 0.051683
0 0.169471 0.197115 0.012019 0.067308
0 0.270433 0.335938 0.021635 0.032452
0 0.693510 0.325120 0.026442 0.066106
0 0.153245 0.764423 0.025240 0.043269
0 0.575895 0.226304 0.036959 0.108017
0 0.443840 0.326779 0.023329 0.055625
0 0.575541 0.339159 0.024038 0.044495
0 0.358245 0.479477 0.025120 0.049531
0 0.198311 0.621647 0.025637 0.042716
0 0.417800 0.776004 0.017933 0.038690
0 0.495168 0.769940 0.028558 0.043510
0 0.697891 0.627296 0.026695 0.040721
0 0.335601 0.202536 0.022500 0.042284
0 0.436184 0.196869 0.045156 0.038137
0 0.205415 0.197043 0.019075 0.038149
0 0.974688 0.340577 0.037837 0.042764
