0 0.338942 0.414062 0.045673 0.075721
0 0.592548 0.420673 0.048077 0.064904
0 0.737380 0.569111 0.058894 0.061298
0 0.850361 0.582933 0.034856 0.038462
0 0.060096 0.566106 0.040865 0.069712
0 0.180288 0.583534 0.036058 0.037260
0 0.225361 0.584736 0.037260 0.034856
0 0.897837 0.581731 0.045673 0.040865
0 0.784856 0.584135 0.033654 0.031250
0 0.540865 0.421875 0.050481 0.060096
0 0.405048 0.456130 0.036058 0.051683
0 0.120192 0.569712 0.026442 0.062500
0 0.817909 0.577524 0.018029 0.051683
0 0.479567 0.420072 0.038462 0.061298
0 0.693510 0.450120 0.028846 0.046875
0 0.149038 0.578125 0.019231 0.048077
0 0.632212 0.452524 0.031250 0.042067
0 0.661659 0.423678 0.025240 0.075721
0 0.725361 0.500601 0.032452 0.042067
0 0.317909 0.489183 0.063702 0.057692
0 0.369429 0.437656 0.042704 0.035168
0 0.090601 0.585865 0.035529 0.034447
