0 0.185697 0.484375 0.046875 0.072115
0 0.314904 0.522837 0.033654 0.098558
0 0.047476 0.478365 0.054087 0.084135
0 0.648438 0.487380 0.032452 0.054087
0 0.393630 0.492788 0.037260 0.045673
0 0.859375 0.482572 0.026442 0.078125
0 0.430288 0.492188 0.033654 0.042067
0 0.469351 0.490986 0.039663 0.044471
0 0.808894 0.495793 0.040865 0.046875
0 0.905048 0.488582 0.031250 0.044471
0 0.591947 0.478365 0.039663 0.072115
0 0.707332 0.489183 0.054087 0.043269
0 0.278245 0.491587 0.030048 0.043269
0 0.770433 0.490385 0.036058 0.050481
0 0.947716 0.490986 0.042067 0.049279
0 0.236779 0.493389 0.038462 0.044471
0 0.091947 0.495192 0.032452 0.033654
0 0.151983 0.492218 0.027885 0.030998
0 0.126923 0.496424 0.027115 0.041406
0 0.625138 0.467356 0.022296 0.068966
