0 0.333534 0.465745 0.056490 0.075721
0 0.867188 0.522837 0.058894 0.110577
0 0.139423 0.480769 0.064904 0.045673
0 0.552885 0.495192 0.052885 0.127404
0 0.721755 0.467548 0.034856 0.076923
0 0.603966 0.463942 0.032452 0.064904
0 0.765625 0.484976 0.033654 0.039663
0 0.638822 0.474760 0.030048 0.045673
0 0.232572 0.470553 0.034856 0.075721
0 0.669471 0.470553 0.014423 0.061298
0 0.388822 0.478365 0.032452 0.038462
0 0.189303 0.471154 0.018029 0.062500
0 0.691707 0.481370 0.022837 0.039663
0 0.424279 0.481971 0.038462 0.040865
0 0.821046 0.479453 0.047524 0.038377
