0 0.139423 0.530048 0.050481 0.100962
0 0.402644 0.553486 0.048077 0.102163
0 0.453125 0.533654 0.048077 0.055288
0 0.341346 0.515024 0.048077 0.058894
0 0.475962 0.446514 0.031250 0.037260
0 0.549880 0.522236 0.037260 0.030048
0 0.856971 0.444111 0.043269 0.034856
0 0.561899 0.448918 0.030048 0.032452
0 0.515625 0.447716 0.031250 0.030048
0 0.635817 0.468750 0.038462 0.084135
0 0.501803 0.522236 0.039663 0.037260
0 0.597356 0.448317 0.033654 0.033654
0 0.804087 0.448317 0.036058 0.036058
0 0.673678 0.449519 0.032452 0.033654
0 0.719952 0.450120 0.048077 0.034856
0 0.183894 0.509014 0.038462 0.061298
0 0.438101 0.437500 0.027644 0.055288
0 0.761418 0.440505 0.020433 0.044471
0 0.412861 0.438702 0.020433 0.052885
0 0.248696 0.521034 0.043474 0.034856
0 0.599417 0.523804 0.047608 0.033401
