0 0.748197 0.499399 0.078125 0.073317
0 0.195312 0.510817 0.032452 0.057692
0 0.162861 0.527043 0.027644 0.032452
0 0.534255 0.519832 0.030048 0.027644
0 0.587740 0.521635 0.055288 0.036058
0 0.352764 0.513822 0.020433 0.054087
0 0.911659 0.486178 0.037260 0.054087
0 0.814904 0.521034 0.043269 0.044471
0 0.121394 0.525240 0.036058 0.036058
0 0.871995 0.484976 0.037260 0.051683
0 0.490385 0.515625 0.036058 0.033654
0 0.390625 0.520433 0.033654 0.036058
0 0.270433 0.520433 0.055288 0.038462
0 0.323317 0.516827 0.031250 0.038462
0 0.086184 0.502500 0.069868 0.059207
