0 0.203726 0.541466 0.032452 0.027644
0 0.699519 0.393029 0.040865 0.052885
0 0.599159 0.544471 0.061298 0.050481
0 0.414062 0.543269 0.020433 0.031250
0 0.260216 0.534255 0.051683 0.034856
0 0.045673 0.392428 0.033654 0.049279
0 0.899038 0.391226 0.031250 0.044471
0 0.800481 0.545072 0.024038 0.027644
0 0.656250 0.533654 0.043269 0.052885
0 0.040865 0.523438 0.031250 0.066106
0 0.916466 0.568510 0.030048 0.074519
0 0.168870 0.391827 0.027644 0.048077
0 0.951923 0.541466 0.026442 0.032452
0 0.859976 0.393630 0.034856 0.046875
0 0.567308 0.390024 0.026442 0.044471
0 0.504808 0.545673 0.031250 0.033654
0 0.442909 0.535457 0.030048 0.054087
0 0.473558 0.540865 0.024038 0.033654
0 0.751202 0.397236 0.045673 0.054087
0 0.742188 0.540865 0.030048 0.038462
0 0.242188 0.395433 0.030048 0.031250
0 0.774639 0.542668 0.025240 0.034856
0 0.103365 0.540865 0.026442 0.036058
0 0.658654 0.393029 0.031250 0.040865
0 0.073918 0.530649 0.015625 0.044471
0 0.429087 0.392428 0.019231 0.046875
0 0.385216 0.397236 0.051683 0.034856
0 0.159255 0.536058 0.030048 0.038462
0 0.599760 0.388822 0.031250 0.044471
0 0.854567 0.525841 0.031250 0.063702
0 0.108774 0.399639 0.025240 0.032452
0 0.131611 0.394231 0.015625 0.040865
0 0.208534 0.399639 0.027644 0.030048
0 0.285457 0.393630 0.042067 0.051683
0 0.481971 0.388822 0.033654 0.051683
0 0.825721 0.533053 0.019231 0.054087
0 0.359976 0.535457 0.027644 0.032452
0 0.078726 0.399639 0.022837 0.030048
0 0.935697 0.408654 0.020433 0.021635
0 0.975962 0.545072 0.016827 0.025240
0 0.798077 0.401442 0.031250 0.045673
0 0.392428 0.539663 0.020433 0.028846
0 0.992188 0.527043 0.015625 0.044471
0 0.691707 0.547476 0.018029 0.020433
0 0.007212 0.393630 0.014423 0.046875
0 0.885817 0.530649 0.031250 0.058894
