0 0.739183 0.493389 0.048077 0.058894
0 0.572115 0.355769 0.050481 0.081731
0 0.906250 0.488582 0.048077 0.070913
0 0.680288 0.495192 0.052885 0.064904
0 0.060096 0.349760 0.050481 0.081731
0 0.112380 0.356370 0.054087 0.070913
0 0.625000 0.492788 0.057692 0.055288
0 0.188101 0.500000 0.051683 0.062500
0 0.522236 0.634615 0.044471 0.074519
0 0.133413 0.494591 0.050481 0.063702
0 0.645433 0.649639 0.040865 0.044471
0 0.379207 0.645433 0.034856 0.040865
0 0.669471 0.349760 0.048077 0.060096
0 0.957332 0.466947 0.027644 0.032452
0 0.622596 0.353966 0.043269 0.061298
0 0.162260 0.352764 0.040865 0.058894
0 0.332933 0.642428 0.040865 0.058894
0 0.310096 0.348558 0.045673 0.069712
0 0.515625 0.353365 0.033654 0.062500
0 0.418269 0.646034 0.038462 0.039663
0 0.213341 0.346755 0.054087 0.058894
0 0.244591 0.648438 0.030048 0.037260
0 0.265024 0.356370 0.027644 0.037260
0 0.203726 0.649639 0.042067 0.039663
0 0.605769 0.646034 0.033654 0.032452
0 0.795072 0.465144 0.034856 0.040865
0 0.478365 0.644832 0.033654 0.042067
0 0.846755 0.496995 0.030048 0.037260
0 0.561298 0.649639 0.033654 0.042067
0 0.489183 0.500601 0.043269 0.049279
0 0.287861 0.655649 0.044471 0.039663
0 0.406250 0.480168 0.062500 0.061298
0 0.074519 0.494591 0.064904 0.063702
0 0.417668 0.375000 0.051683 0.146635
0 0.572320 0.487993 0.077163 0.073918
0 0.176677 0.628846 0.052392 0.064231
