0 0.764423 0.497596 0.043269 0.067308
0 0.083534 0.494591 0.044471 0.056490
0 0.567308 0.497596 0.043269 0.069712
0 0.128606 0.495192 0.045673 0.060096
0 0.909856 0.494591 0.045673 0.063702
0 0.317909 0.492188 0.039663 0.058894
0 0.667668 0.498798 0.049279 0.052885
0 0.716947 0.496995 0.044471 0.051683
0 0.216947 0.503606 0.037260 0.043269
0 0.523438 0.489784 0.032452 0.058894
0 0.277644 0.491587 0.031250 0.052885
0 0.609976 0.495793 0.032452 0.058894
0 0.390024 0.498197 0.044471 0.054087
0 0.039663 0.487380 0.033654 0.061298
0 0.846755 0.496394 0.032452 0.036058
0 0.953125 0.513822 0.040865 0.049279
0 0.457332 0.501803 0.058894 0.037260
0 0.163798 0.525006 0.037740 0.052584
0 0.347542 0.521857 0.029002 0.048570
