0 0.565505 0.504808 0.020433 0.028846
0 0.378606 0.657452 0.033654 0.064904
0 0.318510 0.642428 0.021635 0.034856
0 0.346755 0.628005 0.027644 0.056490
0 0.195913 0.629808 0.024038 0.048077
0 0.260817 0.629207 0.024038 0.058894
0 0.043269 0.623798 0.031250 0.052885
0 0.540865 0.490385 0.028846 0.055288
0 0.408654 0.488582 0.019231 0.049279
0 0.254207 0.512019 0.027644 0.084135
0 0.042067 0.348558 0.033654 0.067308
0 0.254808 0.349760 0.024038 0.052885
0 0.591346 0.491587 0.024038 0.050481
0 0.477764 0.340745 0.030048 0.054087
0 0.415264 0.644231 0.027644 0.031250
0 0.293269 0.625601 0.019231 0.046875
0 0.174279 0.352163 0.026442 0.057692
0 0.043269 0.485577 0.036058 0.052885
0 0.821514 0.501803 0.025240 0.027644
0 0.763221 0.503005 0.040865 0.034856
0 0.579928 0.350361 0.027644 0.054087
0 0.753005 0.359976 0.037260 0.032452
0 0.290865 0.509014 0.026442 0.046875
0 0.796274 0.493990 0.015625 0.043269
0 0.290264 0.367188 0.030048 0.049279
0 0.186298 0.492788 0.028846 0.055288
0 0.350361 0.362380 0.025240 0.037260
0 0.638822 0.492788 0.015625 0.045673
0 0.850962 0.490385 0.019231 0.045673
0 0.611178 0.359976 0.025240 0.030048
0 0.408053 0.348558 0.022837 0.055288
0 0.227163 0.646034 0.026442 0.034856
0 0.100361 0.357572 0.027644 0.022837
0 0.918870 0.497596 0.025240 0.036058
0 0.477764 0.477163 0.027644 0.052885
0 0.615986 0.504207 0.020433 0.025240
0 0.676082 0.357572 0.020433 0.034856
0 0.449519 0.645433 0.031250 0.028846
0 0.518630 0.628606 0.025240 0.048077
0 0.956731 0.497596 0.033654 0.036058
0 0.382212 0.348558 0.024038 0.062500
0 0.860577 0.360577 0.033654 0.031250
0 0.324519 0.361178 0.019231 0.037260
0 0.531851 0.348558 0.034856 0.060096
0 0.663462 0.501202 0.021635 0.028846
0 0.832332 0.353966 0.015625 0.044471
0 0.891827 0.361779 0.024038 0.028846
0 0.923678 0.357572 0.039663 0.032452
0 0.887019 0.499399 0.031250 0.034856
0 0.785457 0.361779 0.022837 0.026442
0 0.654447 0.356971 0.022837 0.036058
0 0.684495 0.501202 0.018029 0.028846
0 0.812500 0.362380 0.024038 0.027644
0 0.489784 0.635817 0.030048 0.050481
0 0.230168 0.360577 0.022837 0.033654
0 0.381010 0.497596 0.021635 0.050481
0 0.202524 0.364183 0.022837 0.036058
0 0.096755 0.491587 0.025240 0.019231
0 0.104567 0.628005 0.031250 0.022837
0 0.336538 0.506611 0.043269 0.034856
0 0.229567 0.503606 0.021635 0.028846
0 0.209742 0.495823 0.011022 0.042632
0 0.634874 0.350433 0.016671 0.045913
0 0.552230 0.363005 0.020060 0.028510
