0 0.703870 0.560781 0.038053 0.130889
0 0.777043 0.419471 0.025240 0.091346
0 0.060697 0.414663 0.025240 0.052885
0 0.701322 0.393630 0.027644 0.075721
0 0.430889 0.587740 0.030048 0.098558
0 0.296875 0.564303 0.019231 0.039663
0 0.751803 0.411659 0.022837 0.037260
0 0.193510 0.563101 0.024038 0.042067
0 0.545072 0.543870 0.022837 0.037260
0 0.823918 0.412861 0.018029 0.037260
0 0.659255 0.416466 0.030048 0.046875
0 0.319111 0.552284 0.025240 0.066106
0 0.348558 0.546875 0.019231 0.069712
0 0.076923 0.543269 0.021635 0.069712
0 0.053486 0.552885 0.013221 0.052885
0 0.725962 0.417067 0.021635 0.040865
0 0.453726 0.415264 0.022837 0.039663
0 0.140547 0.544495 0.038305 0.067356
0 0.254207 0.543269 0.030048 0.074519
0 0.372596 0.561298 0.021635 0.036058
0 0.362380 0.396635 0.022837 0.064904
0 0.310697 0.418870 0.022837 0.039663
0 0.772236 0.551683 0.022837 0.045673
0 0.523438 0.398438 0.020433 0.063702
0 0.021635 0.393630 0.026442 0.068510
0 0.891226 0.552284 0.027644 0.042067
0 0.504207 0.415865 0.018029 0.040865
0 0.241587 0.417067 0.024038 0.050481
0 0.646635 0.548678 0.026442 0.051683
0 0.593858 0.400156 0.027644 0.063702
0 0.399038 0.554087 0.026442 0.038462
0 0.586538 0.545072 0.021635 0.058894
0 0.159255 0.417668 0.022837 0.037260
0 0.100361 0.424880 0.034856 0.068510
0 0.797476 0.560096 0.027644 0.038462
0 0.801683 0.416466 0.019231 0.097356
0 0.968149 0.552284 0.022837 0.034856
0 0.945913 0.551683 0.019231 0.040865
0 0.565499 0.416935 0.030373 0.035457
0 0.385817 0.412260 0.021635 0.040865
0 0.846755 0.415865 0.022837 0.043269
0 0.631611 0.409255 0.018029 0.051683
0 0.186899 0.418870 0.027644 0.039663
0 0.501202 0.548077 0.033654 0.074519
0 0.022837 0.554688 0.033654 0.044471
0 0.987981 0.570312 0.016827 0.022837
0 0.413714 0.414291 0.024543 0.039712
0 0.167668 0.558894 0.020433 0.048077
0 0.211917 0.409663 0.014651 0.055288
0 0.135216 0.417067 0.022837 0.040865
0 0.868365 0.554014 0.020433 0.037260
0 0.266827 0.406250 0.014423 0.062500
0 0.746394 0.540865 0.028846 0.067308
0 0.480355 0.417668 0.029387 0.039663
0 0.278846 0.558293 0.012019 0.046875
0 0.586683 0.474159 0.021635 0.049279
0 0.924820 0.546695 0.031322 0.071322
0 0.041466 0.409255 0.013221 0.049279
0 0.286058 0.414062 0.019231 0.044471
0 0.900841 0.397236 0.022837 0.049279
0 0.501737 0.513528 0.040613 0.042127
0 0.544603 0.417716 0.019663 0.033678
0 0.434273 0.415673 0.023137 0.037644
0 0.618504 0.403588 0.020373 0.069075
0 0.842115 0.538059 0.034880 0.070108
0 0.679820 0.558930 0.025889 0.041923
0 0.581184 0.606082 0.011743 0.016779
0 0.596040 0.607043 0.021815 0.061346
0 0.574970 0.547746 0.017512 0.218401
0 0.609561 0.545252 0.019171 0.205072
0 0.229663 0.408179 0.016971 0.062103
