0 0.706130 0.420673 0.044471 0.069712
0 0.116587 0.559495 0.060096 0.058894
0 0.918269 0.417067 0.040865 0.067308
0 0.831130 0.420673 0.042067 0.067308
0 0.396034 0.428486 0.027644 0.066106
0 0.608774 0.562500 0.046875 0.067308
0 0.089543 0.419471 0.042067 0.055288
0 0.623197 0.432692 0.037260 0.043269
0 0.581731 0.432692 0.036058 0.036058
0 0.435697 0.429688 0.025240 0.056490
0 0.875601 0.420072 0.037260 0.061298
0 0.166875 0.426707 0.033654 0.064904
0 0.289062 0.439303 0.039663 0.034856
0 0.162260 0.569712 0.031250 0.043269
0 0.790865 0.421274 0.031250 0.068510
0 0.378606 0.569111 0.021635 0.046875
0 0.227163 0.567909 0.036058 0.073317
0 0.466346 0.438702 0.031250 0.038462
0 0.501803 0.436298 0.027644 0.036058
0 0.468750 0.574519 0.033654 0.036058
0 0.501803 0.579928 0.032452 0.032452
0 0.538462 0.426082 0.040865 0.063702
0 0.239183 0.443510 0.043269 0.033654
0 0.759014 0.572115 0.054087 0.048077
0 0.815505 0.572716 0.044471 0.039663
0 0.700535 0.569712 0.038089 0.050481
0 0.659255 0.575120 0.030048 0.034856
0 0.197115 0.426082 0.031250 0.051683
0 0.343149 0.577524 0.027644 0.032452
0 0.361779 0.437500 0.028846 0.045673
0 0.751202 0.438702 0.036058 0.031250
0 0.425433 0.577139 0.048221 0.030048
0 0.194111 0.576923 0.030048 0.036058
0 0.335974 0.435655 0.032524 0.054435
0 0.131803 0.437254 0.040889 0.038425
0 0.626274 0.576989 0.029784 0.023353
