0 0.484375 0.277644 0.050481 0.067308
0 0.717548 0.569111 0.040865 0.063702
0 0.349159 0.561298 0.046875 0.057692
0 0.944111 0.417668 0.044471 0.056490
0 0.594952 0.277644 0.045673 0.069712
0 0.281851 0.565505 0.044471 0.063702
0 0.643630 0.419471 0.044471 0.060096
0 0.275240 0.419471 0.040865 0.057692
0 0.403846 0.282452 0.043269 0.060096
0 0.524038 0.703726 0.043269 0.063702
0 0.472957 0.563702 0.030048 0.057692
0 0.521635 0.566106 0.040865 0.055288
0 0.888221 0.704327 0.040865 0.062500
0 0.406851 0.562500 0.042067 0.057692
0 0.438702 0.588341 0.016827 0.034856
0 0.465144 0.700721 0.036058 0.055288
0 0.427885 0.740385 0.016827 0.033654
0 0.282452 0.279447 0.045673 0.073317
0 0.188101 0.560697 0.037260 0.075721
0 0.354567 0.278245 0.036058 0.068510
0 0.952524 0.271635 0.032452 0.074519
0 0.061899 0.277043 0.087740 0.090144
0 0.320913 0.445913 0.019231 0.033654
0 0.774639 0.418870 0.042067 0.051683
0 0.363185 0.419898 0.024447 0.058546
0 0.675481 0.586538 0.016827 0.031250
0 0.796274 0.731971 0.020433 0.045673
0 0.677284 0.455529 0.018029 0.036058
0 0.884014 0.563702 0.042067 0.064904
0 0.453125 0.427885 0.031250 0.050481
0 0.200120 0.700721 0.044471 0.064904
0 0.560096 0.736779 0.016827 0.031250
0 0.543870 0.451923 0.022837 0.038462
0 0.715144 0.704928 0.040865 0.056490
0 0.189303 0.410457 0.039663 0.073317
0 0.222957 0.277644 0.042067 0.064904
0 0.937500 0.695312 0.038462 0.070913
0 0.695312 0.301082 0.020433 0.034856
0 0.836538 0.701923 0.040865 0.057692
0 0.584736 0.420072 0.039663 0.061298
0 0.527043 0.301683 0.018029 0.036058
0 0.812500 0.448918 0.019231 0.027644
0 0.650240 0.277043 0.043269 0.058894
0 0.770433 0.706731 0.031250 0.062500
0 0.281250 0.702524 0.036058 0.068510
0 0.644730 0.562632 0.035950 0.049279
0 0.731971 0.418870 0.040865 0.054087
0 0.905048 0.418269 0.028846 0.052885
0 0.421875 0.453726 0.019231 0.034856
0 0.348558 0.703726 0.045673 0.061298
0 0.911058 0.281250 0.033654 0.060096
0 0.437500 0.308293 0.019231 0.027644
0 0.771034 0.565505 0.037260 0.058894
0 0.496394 0.424279 0.028846 0.052885
0 0.869591 0.281250 0.034856 0.055288
0 0.862981 0.425481 0.038462 0.048077
0 0.644633 0.707752 0.026478 0.050481
0 0.824519 0.305288 0.019231 0.036058
0 0.829928 0.564303 0.049279 0.046875
0 0.670072 0.731971 0.013221 0.024038
0 0.797476 0.597356 0.015625 0.031250
0 0.400240 0.702524 0.038462 0.068510
0 0.789062 0.280048 0.046875 0.067308
0 0.745192 0.278245 0.038462 0.066106
0 0.311653 0.312843 0.017416 0.032344
0 0.187260 0.273161 0.044784 0.083846
0 0.097945 0.280998 0.032837 0.093053
0 0.393996 0.417500 0.035637 0.056154
0 0.548480 0.598528 0.012800 0.032536
0 0.598155 0.566532 0.032536 0.051911
0 0.307001 0.738155 0.014627 0.030204
0 0.599201 0.709820 0.026334 0.055192
0 0.311286 0.598353 0.011154 0.031875
