0 0.492188 0.503005 0.037260 0.054087
0 0.589543 0.504808 0.034856 0.045673
0 0.664062 0.583534 0.022837 0.030048
0 0.477764 0.432686 0.056490 0.052873
0 0.417668 0.504207 0.032452 0.022837
0 0.604567 0.432091 0.043269 0.049279
0 0.549880 0.503606 0.032452 0.045673
0 0.358774 0.532452 0.037260 0.081731
0 0.635216 0.581731 0.027644 0.043269
0 0.644832 0.439303 0.030048 0.027644
0 0.393029 0.435096 0.028846 0.026442
0 0.377404 0.608173 0.026442 0.040865
0 0.509615 0.570913 0.033654 0.043269
0 0.554087 0.429688 0.038462 0.046875
0 0.343750 0.429087 0.031250 0.048077
0 0.577524 0.583534 0.061298 0.034856
0 0.523438 0.524038 0.015625 0.031250
0 0.420072 0.585337 0.032452 0.026442
0 0.357440 0.585667 0.052452 0.038786
0 0.514081 0.458203 0.018474 0.033618
