0 0.567308 0.510817 0.036058 0.050481
0 0.259615 0.529447 0.038462 0.056490
0 0.178486 0.513822 0.034856 0.042067
0 0.525240 0.513221 0.038462 0.060096
0 0.411659 0.506010 0.018029 0.048077
0 0.802885 0.512620 0.024038 0.039663
0 0.342548 0.513822 0.028846 0.030048
0 0.486779 0.505409 0.019231 0.049279
0 0.894832 0.501202 0.032452 0.055288
0 0.382212 0.500601 0.026442 0.058894
0 0.302284 0.515024 0.032452 0.037260
0 0.829327 0.516827 0.026442 0.036058
0 0.130409 0.509615 0.034856 0.050481
0 0.693335 0.526526 0.047728 0.055457
0 0.455529 0.515024 0.026442 0.037260
0 0.766827 0.500601 0.026442 0.058894
0 0.859976 0.519231 0.027644 0.031250
0 0.731136 0.517686 0.029844 0.032849
