0 0.855168 0.544471 0.027644 0.079327
0 0.022236 0.509615 0.032452 0.062500
0 0.975361 0.506611 0.025240 0.068510
0 0.706731 0.503005 0.024038 0.068510
0 0.559495 0.503005 0.030048 0.068510
0 0.399639 0.506010 0.022837 0.062500
0 0.802885 0.505409 0.024038 0.068510
0 0.261418 0.504207 0.022837 0.073317
0 0.302885 0.512019 0.016827 0.055288
0 0.131010 0.524038 0.026442 0.033654
0 0.080529 0.512019 0.019231 0.064904
0 0.664291 0.496130 0.030577 0.059327
0 0.525240 0.521635 0.028846 0.036058
0 0.052284 0.521635 0.025240 0.043269
0 0.889423 0.497596 0.026442 0.072115
0 0.103365 0.514423 0.014423 0.057692
0 0.733774 0.522837 0.025240 0.036058
0 0.165673 0.522212 0.042284 0.032933
0 0.426683 0.521034 0.024038 0.037260
0 0.235577 0.520433 0.026442 0.040865
0 0.363972 0.520319 0.040445 0.033425
0 0.204327 0.519832 0.028846 0.037260
0 0.918269 0.520433 0.019231 0.031250
0 0.472957 0.506611 0.027644 0.068510
0 0.826322 0.519832 0.020433 0.032452
0 0.326322 0.521635 0.027644 0.036058
0 0.771538 0.523870 0.038462 0.040216
0 0.447716 0.520433 0.018029 0.033654
0 0.944964 0.518269 0.034159 0.036538
0 0.283654 0.520433 0.014423 0.033654
0 0.491911 0.521563 0.018750 0.033005
0 0.681731 0.516178 0.022885 0.039471
