0 0.790264 0.226562 0.061298 0.068510
0 0.603365 0.225361 0.060096 0.073317
0 0.283053 0.219952 0.042067 0.072115
0 0.195913 0.450721 0.040865 0.100962
0 0.185697 0.594351 0.034856 0.116587
0 0.335938 0.734976 0.042067 0.046875
0 0.540264 0.703726 0.066106 0.042067
0 0.507812 0.573918 0.051683 0.066106
0 0.625601 0.512019 0.061298 0.050481
0 0.195913 0.240385 0.055288 0.144231
0 0.694111 0.794471 0.046875 0.055288
0 0.625000 0.721154 0.040865 0.038462
0 0.272837 0.436298 0.033654 0.072115
0 0.335337 0.237981 0.038462 0.052885
0 0.453125 0.224760 0.040865 0.028846
0 0.257212 0.585337 0.026442 0.057692
0 0.380409 0.581731 0.037260 0.031250
0 0.617188 0.424880 0.068510 0.063702
0 0.318510 0.584736 0.019231 0.054087
0 0.659856 0.240986 0.040865 0.042067
0 0.400240 0.722356 0.033654 0.031250
0 0.224760 0.567308 0.016827 0.033654
0 0.477764 0.728365 0.037260 0.043269
0 0.285457 0.599760 0.022837 0.040865
0 0.370793 0.225962 0.025240 0.079327
0 0.697716 0.715144 0.056490 0.040865
0 0.418870 0.438702 0.034856 0.031250
0 0.700721 0.746995 0.057692 0.020433
0 0.310096 0.452524 0.038462 0.049279
0 0.623798 0.469351 0.093750 0.025240
0 0.250000 0.198317 0.016827 0.050481
0 0.343750 0.444111 0.019231 0.080529
0 0.716947 0.239183 0.056490 0.040865
0 0.246653 0.415673 0.033257 0.043966
