0 0.530048 0.502404 0.038462 0.055288
0 0.527212 0.380517 0.036058 0.108173
0 0.244591 0.353966 0.054087 0.051683
0 0.370793 0.513221 0.034856 0.091346
0 0.566707 0.368389 0.025240 0.032452
0 0.028245 0.354567 0.034856 0.048077
0 0.334135 0.506611 0.026442 0.034856
0 0.356370 0.371995 0.020433 0.032452
0 0.248197 0.525240 0.030048 0.100962
0 0.387019 0.355769 0.028846 0.050481
0 0.682692 0.648438 0.021635 0.034856
0 0.629207 0.631010 0.027644 0.076923
0 0.290865 0.506611 0.024038 0.032452
0 0.077524 0.350962 0.025240 0.048077
0 0.684495 0.368990 0.027644 0.033654
0 0.120793 0.353966 0.027644 0.046875
0 0.299279 0.658053 0.026442 0.034856
0 0.029447 0.496995 0.034856 0.056490
0 0.296274 0.349760 0.030048 0.067308
0 0.685096 0.507812 0.024038 0.030048
0 0.635817 0.494591 0.024038 0.056490
0 0.658053 0.629207 0.022837 0.068510
0 0.660457 0.504808 0.018029 0.038462
0 0.155048 0.362380 0.028846 0.056490
0 0.893203 0.369597 0.029195 0.025252
0 0.596755 0.355769 0.018029 0.043269
0 0.743990 0.367188 0.021635 0.044471
0 0.741587 0.648438 0.026442 0.027644
0 0.772236 0.649639 0.025240 0.027644
0 0.159856 0.501803 0.026442 0.046875
0 0.867188 0.648438 0.020433 0.032452
0 0.329327 0.368990 0.024038 0.033654
0 0.716947 0.362380 0.018029 0.049279
0 0.071514 0.497596 0.022837 0.055288
0 0.439303 0.644832 0.015625 0.042067
0 0.972356 0.362981 0.019231 0.033654
0 0.650240 0.367188 0.021635 0.032452
0 0.704928 0.650841 0.022837 0.027644
0 0.937236 0.368792 0.012548 0.026839
0 0.503005 0.649639 0.025240 0.032452
0 0.621995 0.365986 0.020433 0.027644
0 0.835938 0.367788 0.020433 0.028846
0 0.588341 0.495793 0.032452 0.056490
0 0.417067 0.366587 0.019231 0.031250
0 0.530649 0.656250 0.025240 0.024038
0 0.913462 0.361779 0.014423 0.040865
0 0.854567 0.353966 0.016827 0.056490
0 0.837740 0.638221 0.028846 0.052885
0 0.381010 0.647837 0.026442 0.043269
0 0.412260 0.643630 0.026442 0.051683
0 0.438101 0.520433 0.025240 0.031250
0 0.247596 0.638822 0.021635 0.054087
0 0.478365 0.515024 0.028846 0.030048
0 0.442578 0.370733 0.024916 0.028029
0 0.112981 0.501202 0.021635 0.055288
0 0.802885 0.655048 0.026442 0.031250
0 0.559495 0.654447 0.022837 0.025240
0 0.269231 0.656250 0.021635 0.026442
0 0.608185 0.507338 0.023389 0.035469
0 0.867909 0.370030 0.019712 0.031286
0 0.950913 0.354393 0.019207 0.050252
0 0.924555 0.368798 0.012308 0.030288
0 0.820679 0.653606 0.013882 0.024712
