0 0.206130 0.525841 0.075721 0.073317
0 0.706130 0.599760 0.056490 0.060096
0 0.193510 0.396635 0.057692 0.055288
0 0.624399 0.529447 0.054087 0.054087
0 0.367188 0.546875 0.056490 0.057692
0 0.761418 0.605168 0.030048 0.042067
0 0.577524 0.598558 0.051683 0.050481
0 0.585938 0.386418 0.063702 0.066106
0 0.270433 0.543870 0.040865 0.044471
0 0.200721 0.602764 0.033654 0.054087
0 0.466947 0.625000 0.044471 0.110577
0 0.818510 0.542067 0.038462 0.033654
0 0.680288 0.391226 0.031250 0.051683
0 0.240986 0.385817 0.037260 0.072115
0 0.278846 0.399038 0.038462 0.045673
0 0.400240 0.390024 0.026442 0.056490
0 0.778245 0.530649 0.039663 0.051683
0 0.801683 0.607572 0.038462 0.037260
0 0.529447 0.531851 0.042067 0.068510
0 0.060697 0.526442 0.030048 0.064904
0 0.488582 0.397837 0.056490 0.050481
0 0.436298 0.530048 0.048077 0.055288
0 0.108774 0.374399 0.102163 0.085337
0 0.716947 0.405649 0.032452 0.037260
0 0.756010 0.408053 0.040865 0.032452
0 0.359976 0.610577 0.037260 0.038462
0 0.317909 0.386418 0.027644 0.061298
0 0.562500 0.530649 0.024038 0.058894
0 0.321514 0.602764 0.039663 0.054087
0 0.908654 0.608173 0.064904 0.043269
0 0.812500 0.388822 0.033654 0.051683
0 0.530048 0.408053 0.024038 0.027644
0 0.097356 0.542668 0.043269 0.039663
0 0.482572 0.540264 0.032452 0.046875
0 0.439904 0.397236 0.036058 0.034856
0 0.279639 0.614020 0.045601 0.034171
0 0.712272 0.540865 0.049014 0.033654
0 0.345553 0.388822 0.027644 0.049279
0 0.847356 0.612981 0.052885 0.036058
0 0.636232 0.403347 0.048401 0.041382
0 0.595409 0.532831 0.033245 0.062440
0 0.667452 0.538930 0.045072 0.039159
0 0.506004 0.618732 0.058377 0.105661
0 0.439688 0.614111 0.046923 0.049880
0 0.405144 0.594904 0.035457 0.069832
0 0.234832 0.614297 0.050240 0.036935
0 0.326268 0.537825 0.060228 0.039904
