0 0.246394 0.417668 0.038462 0.080529
0 0.524038 0.441106 0.048077 0.091346
0 0.515625 0.568510 0.045673 0.084135
0 0.567909 0.549880 0.049279 0.061298
0 0.688702 0.414062 0.052885 0.092548
0 0.162861 0.399038 0.051683 0.052885
0 0.418269 0.554087 0.038462 0.038462
0 0.140625 0.549279 0.033654 0.050481
0 0.375000 0.552885 0.033654 0.036058
0 0.397236 0.405048 0.030048 0.062500
0 0.283053 0.408654 0.022837 0.055288
0 0.713341 0.545072 0.046875 0.051683
0 0.250601 0.554087 0.027644 0.036058
0 0.359976 0.409856 0.027644 0.055288
0 0.320913 0.414062 0.031250 0.034856
0 0.332332 0.541466 0.039663 0.054087
0 0.830529 0.414663 0.031250 0.028846
0 0.790264 0.402644 0.034856 0.057692
0 0.219952 0.550481 0.019231 0.045673
0 0.284255 0.558894 0.030048 0.033654
0 0.750601 0.411058 0.020433 0.043269
0 0.439303 0.420072 0.034856 0.030048
0 0.862981 0.414062 0.024038 0.037260
0 0.184495 0.558894 0.046875 0.036058
0 0.634014 0.558894 0.032452 0.036058
0 0.218792 0.412278 0.033329 0.030517
0 0.485192 0.411635 0.038462 0.033846
0 0.721599 0.414970 0.026154 0.022055
0 0.638395 0.392530 0.079748 0.073594
0 0.753317 0.558798 0.047091 0.028774
