0 0.179688 0.414663 0.068510 0.067308
0 0.553486 0.412260 0.042067 0.067308
0 0.751202 0.550481 0.048077 0.067308
0 0.402043 0.433293 0.049279 0.061298
0 0.329928 0.412861 0.034856 0.049279
0 0.364784 0.572716 0.049279 0.054087
0 0.802885 0.561899 0.038462 0.046875
0 0.968149 0.588942 0.044471 0.088942
0 0.661659 0.560096 0.032452 0.043269
0 0.292067 0.407452 0.028846 0.067308
0 0.318510 0.551082 0.031250 0.066106
0 0.277043 0.559495 0.032452 0.034856
0 0.186298 0.549279 0.028846 0.064904
0 0.259615 0.410457 0.031250 0.063702
0 0.027644 0.425481 0.038462 0.052885
0 0.911058 0.563101 0.038462 0.049279
0 0.878005 0.551683 0.020433 0.060096
0 0.696514 0.562500 0.032452 0.038462
0 0.526442 0.549880 0.028846 0.070913
0 0.621995 0.549279 0.039663 0.064904
0 0.493389 0.419471 0.037260 0.040865
0 0.022236 0.549880 0.039663 0.056490
0 0.412861 0.566106 0.032452 0.033654
0 0.090144 0.417067 0.038462 0.031250
0 0.491587 0.549279 0.028846 0.052885
0 0.450721 0.419471 0.036058 0.040865
0 0.842548 0.564303 0.033654 0.034856
0 0.448918 0.567308 0.034856 0.045673
0 0.082933 0.553486 0.033654 0.032452
0 0.596154 0.408654 0.038462 0.064904
0 0.226562 0.410457 0.018029 0.058894
0 0.227764 0.559495 0.034856 0.034856
0 0.154447 0.554087 0.034856 0.052885
0 0.997596 0.547476 0.007212 0.051683
0 0.368444 0.403510 0.032272 0.066995
