0 0.876803 0.506010 0.025240 0.067308
0 0.393630 0.512620 0.022837 0.066106
0 0.427284 0.509615 0.030048 0.064904
0 0.534856 0.543870 0.019231 0.046875
0 0.072716 0.546274 0.020433 0.046875
0 0.145433 0.545673 0.016827 0.045673
0 0.814303 0.515625 0.025240 0.052885
0 0.944712 0.525841 0.016827 0.027644
0 0.630409 0.504808 0.042067 0.069712
0 0.284856 0.515625 0.021635 0.048077
0 0.032452 0.509615 0.038462 0.069712
0 0.108774 0.510817 0.018029 0.050481
0 0.679087 0.505409 0.016827 0.049279
0 0.963341 0.509615 0.020433 0.048077
0 0.780649 0.509748 0.022837 0.061298
0 0.186298 0.514423 0.019231 0.033654
0 0.487981 0.525240 0.019231 0.038462
0 0.984375 0.542067 0.014423 0.038462
0 0.573918 0.526442 0.027644 0.072115
0 0.357572 0.516827 0.018029 0.036058
0 0.310096 0.516827 0.028846 0.067308
0 0.710938 0.540865 0.018029 0.050481
0 0.740986 0.517428 0.018029 0.034856
0 0.247596 0.527644 0.019231 0.033654
0 0.844952 0.521635 0.014423 0.028846
0 0.463341 0.516827 0.030048 0.064904
0 0.204928 0.519832 0.018029 0.051683
0 0.230535 0.509008 0.043233 0.062800
0 0.127272 0.514730 0.025120 0.054315
0 0.054309 0.527482 0.024748 0.037680
0 0.517969 0.510667 0.029928 0.057993
0 0.650228 0.522488 0.021058 0.032139
0 0.697704 0.511220 0.022909 0.049507
0 0.791905 0.540042 0.015517 0.043594
0 0.893510 0.536899 0.016250 0.041755
0 0.928419 0.506232 0.038786 0.066863
