0 0.569111 0.110577 0.046875 0.081731
0 0.201923 0.820312 0.038462 0.068510
0 0.137620 0.795072 0.037260 0.037260
0 0.097957 0.060096 0.037260 0.076923
0 0.543269 0.643029 0.038462 0.045673
0 0.091346 0.503606 0.033654 0.055288
0 0.448317 0.794471 0.028846 0.031250
0 0.180889 0.643630 0.032452 0.049279
0 0.514423 0.792668 0.026442 0.034856
0 0.453726 0.641827 0.027644 0.045673
0 0.388822 0.072115 0.039663 0.060096
0 0.176082 0.370793 0.034856 0.039663
0 0.683894 0.070913 0.033654 0.057692
0 0.354567 0.084736 0.028846 0.032452
0 0.530048 0.356971 0.038462 0.055288
0 0.329327 0.359976 0.028846 0.049279
0 0.097356 0.639423 0.043269 0.050481
0 0.296274 0.361779 0.027644 0.040865
0 0.718750 0.083534 0.026442 0.034856
0 0.207332 0.929688 0.027644 0.030048
0 0.489784 0.085337 0.034856 0.043269
0 0.323317 0.083534 0.028846 0.037260
0 0.125601 0.223558 0.049279 0.048077
0 0.619591 0.355168 0.032452 0.056490
0 0.871995 0.084135 0.032452 0.040865
0 0.237981 0.925481 0.031250 0.055288
0 0.308894 0.811298 0.031250 0.067308
0 0.354567 0.505409 0.021635 0.039663
0 0.091947 0.361779 0.030048 0.050481
0 0.280048 0.085337 0.036058 0.031250
0 0.411058 0.786058 0.028846 0.045673
0 0.136418 0.063101 0.032452 0.066106
0 0.447115 0.924880 0.028846 0.049279
0 0.335337 0.920673 0.031250 0.055288
0 0.378606 0.933293 0.028846 0.032452
0 0.243389 0.649038 0.018029 0.043269
0 0.435096 0.088942 0.028846 0.033654
0 0.467548 0.504207 0.028846 0.042067
0 0.532452 0.083534 0.021635 0.037260
0 0.322115 0.508413 0.028846 0.036058
0 0.592548 0.505409 0.019231 0.039663
0 0.415264 0.643630 0.034856 0.049279
0 0.245192 0.512620 0.028846 0.037260
0 0.453125 0.356971 0.026442 0.052885
0 0.391226 0.356971 0.027644 0.052885
0 0.561298 0.511418 0.026442 0.027644
0 0.175481 0.934495 0.028846 0.037260
0 0.368990 0.795072 0.033654 0.027644
0 0.481370 0.933293 0.030048 0.032452
0 0.611178 0.650841 0.025240 0.039663
0 0.128005 0.496394 0.027644 0.050481
0 0.779447 0.085337 0.022837 0.036058
0 0.837740 0.070913 0.024038 0.055288
0 0.291466 0.220553 0.054087 0.042067
0 0.353365 0.650240 0.024038 0.040865
0 0.328125 0.647236 0.021635 0.046875
0 0.336538 0.792067 0.024038 0.031250
0 0.578125 0.645433 0.021635 0.043269
0 0.926683 0.084736 0.033654 0.034856
0 0.247596 0.797476 0.031250 0.030048
0 0.682692 0.357572 0.021635 0.046875
0 0.412861 0.509014 0.022837 0.032452
0 0.437500 0.512019 0.026442 0.031250
0 0.273438 0.924279 0.030048 0.052885
0 0.516827 0.933293 0.028846 0.025240
0 0.670072 0.506010 0.025240 0.028846
0 0.420673 0.360577 0.026442 0.045673
0 0.402043 0.931490 0.015625 0.038462
0 0.237981 0.087740 0.038462 0.038462
0 0.183894 0.506611 0.024038 0.044471
0 0.302284 0.935096 0.027644 0.033654
0 0.760817 0.081731 0.014423 0.045673
0 0.208534 0.227764 0.030048 0.034856
0 0.131611 0.368389 0.034856 0.034856
0 0.212740 0.512620 0.024038 0.030048
0 0.655048 0.365986 0.028846 0.037260
0 0.635817 0.492188 0.043269 0.056490
0 0.495793 0.367188 0.022837 0.025240
0 0.695913 0.501202 0.024038 0.050481
0 0.120793 0.929087 0.027644 0.031250
0 0.420673 0.935697 0.021635 0.032452
0 0.477163 0.789062 0.016827 0.042067
0 0.283053 0.655048 0.049279 0.028846
0 0.516827 0.510216 0.055288 0.030048
0 0.246394 0.231370 0.036058 0.030048
0 0.218750 0.366587 0.033654 0.036058
0 0.170673 0.228966 0.038462 0.037260
0 0.219952 0.652644 0.026442 0.031250
0 0.742188 0.073918 0.020433 0.054087
0 0.806490 0.078726 0.031250 0.058894
0 0.155048 0.656250 0.019231 0.024038
0 0.383413 0.512019 0.033654 0.028846
0 0.462139 0.076923 0.020433 0.043269
0 0.362380 0.366587 0.025240 0.031250
0 0.384014 0.654447 0.027644 0.027644
0 0.737380 0.509014 0.054087 0.034856
0 0.093149 0.914663 0.025240 0.045673
0 0.171875 0.798077 0.021635 0.028846
0 0.088576 0.207704 0.037921 0.053942
0 0.255150 0.373185 0.031815 0.027067
0 0.477560 0.364675 0.022500 0.034183
0 0.150102 0.506953 0.031286 0.034868
0 0.128798 0.649375 0.027212 0.032885
0 0.110012 0.769050 0.054062 0.048894
0 0.281094 0.795433 0.032644 0.026947
0 0.904477 0.073407 0.025925 0.060661
0 0.885649 0.085787 0.023438 0.034435
0 0.164249 0.063540 0.039579 0.065204
