0 0.594952 0.362981 0.052885 0.067308
0 0.521034 0.432692 0.068510 0.055288
0 0.618389 0.570312 0.044471 0.058894
0 0.707332 0.368990 0.032452 0.036058
0 0.484976 0.282452 0.044471 0.057692
0 0.340745 0.296875 0.034856 0.045673
0 0.484375 0.503606 0.045673 0.048077
0 0.418269 0.571514 0.043269 0.058894
0 0.196514 0.292067 0.032452 0.048077
0 0.350361 0.582332 0.032452 0.032452
0 0.524639 0.283053 0.027644 0.068510
0 0.242788 0.658053 0.026442 0.032452
0 0.783053 0.658654 0.032452 0.040865
0 0.397837 0.434495 0.038462 0.046875
0 0.570757 0.644309 0.050168 0.052728
0 0.235577 0.585337 0.031250 0.033654
0 0.320312 0.507812 0.020433 0.042067
0 0.720553 0.433894 0.020433 0.045673
0 0.523438 0.717548 0.039663 0.048077
0 0.637019 0.371995 0.031250 0.032452
0 0.433293 0.644832 0.039663 0.051683
0 0.705529 0.582933 0.043269 0.036058
0 0.631010 0.438101 0.038462 0.046875
0 0.566106 0.728365 0.033654 0.038462
0 0.639423 0.299880 0.031250 0.044471
0 0.319111 0.374399 0.030048 0.025240
0 0.205529 0.437500 0.036058 0.055288
0 0.358173 0.727163 0.033654 0.036058
0 0.608774 0.655048 0.032452 0.033654
0 0.481971 0.722356 0.033654 0.036058
0 0.233173 0.298678 0.036058 0.037260
0 0.406851 0.502404 0.022837 0.050481
0 0.399038 0.371394 0.031250 0.028846
0 0.388221 0.298678 0.048077 0.037260
0 0.377404 0.506611 0.026442 0.044471
0 0.349159 0.656250 0.042067 0.038462
0 0.718750 0.658654 0.038462 0.024038
0 0.572115 0.296274 0.031250 0.037260
0 0.299279 0.658654 0.031250 0.024038
0 0.609375 0.298077 0.026442 0.036058
0 0.254207 0.361178 0.027644 0.049279
0 0.295673 0.299279 0.038462 0.033654
0 0.447115 0.722957 0.031250 0.030048
0 0.740986 0.583534 0.015625 0.034856
0 0.434495 0.363582 0.039663 0.066106
0 0.203726 0.579928 0.018029 0.051683
0 0.466947 0.586538 0.044471 0.028846
0 0.234976 0.723558 0.018029 0.045673
0 0.271034 0.727764 0.034856 0.032452
0 0.721755 0.515625 0.037260 0.033654
0 0.530048 0.361178 0.033654 0.051683
0 0.476562 0.370192 0.020433 0.040865
0 0.521034 0.655649 0.039663 0.030048
0 0.658053 0.588942 0.032452 0.028846
0 0.198918 0.508413 0.018029 0.043269
0 0.283053 0.516827 0.037260 0.033654
0 0.814904 0.579928 0.021635 0.039663
0 0.521635 0.506611 0.019231 0.042067
0 0.456130 0.441106 0.032452 0.031250
0 0.222356 0.514423 0.026442 0.033654
0 0.286058 0.370793 0.031250 0.037260
0 0.793269 0.514423 0.031250 0.031250
0 0.349159 0.510817 0.025240 0.031250
0 0.745793 0.365986 0.032452 0.042067
0 0.592548 0.512620 0.026442 0.027644
0 0.473558 0.650841 0.019231 0.037260
0 0.513444 0.579555 0.038786 0.050793
0 0.240385 0.448317 0.028846 0.036058
0 0.646034 0.655649 0.025240 0.025240
0 0.203125 0.728365 0.036058 0.036058
0 0.762620 0.503005 0.020433 0.046875
0 0.554688 0.512019 0.025240 0.028846
0 0.666466 0.439904 0.022837 0.031250
0 0.756010 0.650841 0.019231 0.039663
0 0.675481 0.513822 0.045673 0.030048
0 0.670673 0.359976 0.026442 0.058894
0 0.275240 0.579327 0.045673 0.048077
0 0.572115 0.428486 0.033654 0.054087
0 0.209135 0.651442 0.040865 0.045673
0 0.788341 0.587266 0.021875 0.032704
0 0.193510 0.372596 0.028846 0.028846
0 0.396635 0.728365 0.043269 0.028846
0 0.272236 0.444111 0.032452 0.037260
0 0.677284 0.298678 0.037260 0.042067
0 0.382212 0.587740 0.028846 0.031250
0 0.310096 0.439904 0.036058 0.038462
0 0.542452 0.586743 0.024808 0.031659
0 0.222957 0.363582 0.022837 0.046875
0 0.270433 0.652644 0.021635 0.040865
0 0.641226 0.733774 0.022837 0.018029
0 0.343149 0.450721 0.020433 0.019231
0 0.746995 0.443510 0.025240 0.024038
0 0.317903 0.722308 0.051671 0.058630
0 0.689303 0.442909 0.022837 0.027644
0 0.779447 0.258413 0.018029 0.019231
0 0.431208 0.440859 0.019219 0.037440
0 0.596226 0.444796 0.023149 0.028077
0 0.509159 0.360811 0.026851 0.056166
0 0.749008 0.510559 0.016022 0.038137
0 0.559309 0.589237 0.014291 0.014291
0 0.602175 0.728756 0.052572 0.031815
0 0.765817 0.587488 0.027981 0.024952
