0 0.218149 0.596154 0.034856 0.086538
0 0.063197 0.445433 0.039856 0.116346
0 0.567308 0.427885 0.026442 0.048077
0 0.944712 0.429688 0.024038 0.044471
0 0.295072 0.418870 0.022837 0.058894
0 0.742788 0.434495 0.024038 0.034856
0 0.977163 0.429688 0.024038 0.061298
0 0.063101 0.562500 0.034856 0.074519
0 0.361779 0.433894 0.024038 0.036058
0 0.531851 0.433894 0.027644 0.028846
0 0.215144 0.419471 0.026442 0.050481
0 0.893029 0.436298 0.028846 0.043269
0 0.138822 0.588341 0.027644 0.042067
0 0.331899 0.569712 0.027644 0.045673
0 0.183293 0.555288 0.034856 0.062500
0 0.710114 0.463029 0.029579 0.084880
0 0.647236 0.428486 0.020433 0.054087
0 0.322115 0.418870 0.024038 0.051683
0 0.482572 0.430889 0.022837 0.032452
0 0.159255 0.439904 0.025240 0.028846
0 0.670072 0.429087 0.013221 0.043269
0 0.385817 0.427284 0.014423 0.044471
0 0.923678 0.427885 0.018029 0.048077
0 0.597356 0.432692 0.021635 0.043269
0 0.023438 0.417067 0.030048 0.024038
0 0.504808 0.424880 0.014423 0.046875
0 0.837740 0.425481 0.031250 0.050481
0 0.870192 0.427885 0.012019 0.045673
0 0.620793 0.438101 0.025240 0.030048
0 0.765024 0.438101 0.020433 0.034856
0 0.250601 0.593750 0.025240 0.031250
0 0.108173 0.430889 0.026442 0.051683
0 0.301683 0.558894 0.028846 0.064904
0 0.411659 0.443510 0.027644 0.033654
0 0.134615 0.435697 0.024038 0.034856
0 0.382722 0.561100 0.018041 0.072055
0 0.240385 0.441106 0.024038 0.028846
0 0.266827 0.438101 0.028846 0.027644
0 0.355132 0.594838 0.028245 0.039075
0 0.118305 0.564357 0.035577 0.053546
0 0.081767 0.433528 0.022188 0.039387
0 0.691502 0.433900 0.021514 0.030877
0 0.850853 0.437019 0.025793 0.025264
