0 0.040264 0.496995 0.044471 0.066106
0 0.914062 0.509615 0.034856 0.028846
0 0.848558 0.493389 0.026442 0.051683
0 0.091346 0.511418 0.031250 0.030048
0 0.817909 0.508413 0.025240 0.028846
0 0.179087 0.493990 0.036058 0.057692
0 0.782452 0.503606 0.028846 0.040865
0 0.464543 0.495793 0.034856 0.061298
0 0.347957 0.509014 0.034856 0.034856
0 0.620793 0.507812 0.049279 0.032452
0 0.269832 0.510817 0.030048 0.043269
0 0.237981 0.496394 0.024038 0.055288
0 0.566707 0.509615 0.046875 0.028846
0 0.959135 0.507212 0.038462 0.033654
0 0.503005 0.512019 0.027644 0.028846
0 0.721755 0.507812 0.049279 0.032452
0 0.131611 0.512620 0.037260 0.030048
0 0.673678 0.512019 0.032452 0.026442
0 0.882212 0.501803 0.016827 0.044471
0 0.219171 0.496076 0.022909 0.062800
0 0.318185 0.509375 0.025120 0.041370
0 0.751178 0.502536 0.014784 0.046923
