0 0.296875 0.459135 0.048077 0.060096
0 0.402644 0.485577 0.043269 0.096154
0 0.657452 0.477163 0.028846 0.036058
0 0.513221 0.549880 0.038462 0.034856
0 0.319712 0.548077 0.024038 0.031250
0 0.464111 0.541899 0.026442 0.055288
0 0.705529 0.478365 0.033654 0.031250
0 0.337139 0.476562 0.030048 0.037260
0 0.612981 0.501202 0.038462 0.084135
0 0.510817 0.478365 0.028846 0.038462
0 0.569111 0.547476 0.027644 0.034856
0 0.548077 0.542067 0.014423 0.045673
0 0.289062 0.546875 0.027644 0.040865
0 0.557770 0.481148 0.043209 0.032776
0 0.448918 0.478365 0.039663 0.033654
0 0.483774 0.477163 0.020433 0.031250
0 0.364183 0.549279 0.026442 0.036058
0 0.402831 0.548978 0.040060 0.045529
0 0.431941 0.542392 0.021647 0.039808
0 0.337025 0.552464 0.013930 0.015673
0 0.372109 0.478077 0.041791 0.096779
