0 0.599760 0.402043 0.057692 0.075721
0 0.353966 0.534856 0.042067 0.074519
0 0.521034 0.395433 0.051683 0.079327
0 0.424880 0.402644 0.049279 0.079327
0 0.042668 0.399639 0.066106 0.066106
0 0.887019 0.404447 0.043269 0.068510
0 0.641226 0.543269 0.054087 0.076923
0 0.089303 0.536851 0.049784 0.076923
0 0.394832 0.544471 0.039663 0.072115
0 0.193047 0.588125 0.039195 0.100096
0 0.727163 0.539663 0.067308 0.069712
0 0.293269 0.545072 0.031250 0.046875
0 0.808293 0.400240 0.034856 0.076923
0 0.121761 0.574802 0.032921 0.060252
0 0.316707 0.407452 0.027644 0.052885
0 0.441106 0.534255 0.038462 0.073317
0 0.375601 0.405048 0.046875 0.062500
0 0.649639 0.394231 0.039663 0.069712
0 0.214543 0.415264 0.027644 0.032452
0 0.520433 0.573918 0.036058 0.090144
0 0.224760 0.543870 0.019231 0.068510
0 0.810697 0.573317 0.034856 0.062500
0 0.852764 0.542067 0.032452 0.064904
0 0.928486 0.539062 0.032452 0.070913
0 0.888221 0.540865 0.038462 0.072115
0 0.130409 0.429688 0.025240 0.044471
0 0.552885 0.531250 0.019231 0.072115
0 0.242188 0.435697 0.027644 0.082933
0 0.744591 0.405048 0.030048 0.048077
0 0.982572 0.541466 0.022837 0.085337
0 0.031851 0.540865 0.061298 0.074519
0 0.843149 0.431490 0.027644 0.050481
0 0.161058 0.385817 0.026442 0.038462
0 0.957332 0.552284 0.020433 0.044471
0 0.464543 0.366587 0.027644 0.021635
0 0.667873 0.430361 0.030048 0.053197
0 0.779026 0.539970 0.045000 0.067224
0 0.492175 0.537482 0.031659 0.065925
0 0.266532 0.394387 0.018233 0.071611
0 0.188582 0.406803 0.040962 0.065793
0 0.096484 0.400853 0.050733 0.069760
0 0.160102 0.546905 0.024195 0.065661
