0 0.312500 0.564303 0.045673 0.061298
0 0.759219 0.574189 0.053678 0.059435
0 0.676683 0.568510 0.043269 0.064904
0 0.323918 0.420673 0.051683 0.064904
0 0.468750 0.427885 0.045673 0.057692
0 0.453726 0.580529 0.027644 0.033654
0 0.490986 0.571514 0.037260 0.058894
0 0.352163 0.581731 0.031250 0.031250
0 0.418269 0.438101 0.033654 0.037260
0 0.519832 0.438702 0.051683 0.043269
0 0.415865 0.569712 0.033654 0.057692
0 0.386418 0.570913 0.025240 0.050481
0 0.540264 0.573918 0.034856 0.039663
0 0.703726 0.429087 0.054087 0.060096
0 0.368990 0.442909 0.038462 0.032452
0 0.591947 0.436899 0.022837 0.034856
0 0.231370 0.424279 0.034856 0.026442
0 0.756010 0.424279 0.045673 0.055288
0 0.228966 0.572115 0.030048 0.026442
0 0.593750 0.573918 0.019231 0.037260
0 0.716701 0.582404 0.030709 0.040385
