0 0.701923 0.539663 0.057692 0.052885
0 0.526442 0.493990 0.050481 0.050481
0 0.799279 0.463341 0.055288 0.061298
0 0.222957 0.543870 0.042067 0.042067
0 0.176082 0.468750 0.037260 0.048077
0 0.167067 0.545072 0.036058 0.039663
0 0.218750 0.462740 0.028846 0.064904
0 0.274038 0.473558 0.055288 0.050481
0 0.272236 0.548077 0.034856 0.036058
0 0.374399 0.478966 0.066106 0.066106
0 0.623798 0.462740 0.048077 0.074519
0 0.359976 0.551082 0.058894 0.049279
0 0.669471 0.475962 0.036058 0.040865
0 0.724159 0.473558 0.056490 0.040865
0 0.708305 0.494615 0.287356 0.019784
0 0.289225 0.508606 0.297800 0.015673
