0 0.102764 0.565505 0.030048 0.092548
0 0.747596 0.569111 0.043269 0.104567
0 0.686298 0.411058 0.031250 0.055288
0 0.204327 0.563101 0.031250 0.032452
0 0.590367 0.277458 0.056358 0.037969
0 0.557091 0.412260 0.042067 0.062500
0 0.385817 0.263822 0.031250 0.061298
0 0.707332 0.562500 0.030048 0.026442
0 0.244591 0.406250 0.030048 0.052885
0 0.047476 0.544471 0.034856 0.052885
0 0.471154 0.273438 0.026442 0.034856
0 0.434495 0.264423 0.030048 0.057692
0 0.349760 0.551082 0.033654 0.051683
0 0.638221 0.275841 0.026442 0.032452
0 0.875601 0.401442 0.027644 0.062500
0 0.803486 0.417067 0.027644 0.043269
0 0.349159 0.397837 0.039663 0.048077
0 0.905649 0.683293 0.044471 0.075721
0 0.264423 0.584135 0.028846 0.076923
0 0.913462 0.414062 0.031250 0.034856
0 0.340745 0.273438 0.032452 0.039663
0 0.105168 0.416466 0.022837 0.034856
0 0.647236 0.686899 0.022837 0.056490
0 0.032452 0.414663 0.021635 0.038462
0 0.179688 0.411659 0.025240 0.054087
0 0.726562 0.415264 0.027644 0.037260
0 0.622596 0.701923 0.019231 0.033654
0 0.646635 0.554087 0.026442 0.050481
0 0.464543 0.548678 0.032452 0.049279
0 0.477163 0.418269 0.026442 0.036058
0 0.078726 0.277644 0.022837 0.033654
0 0.450721 0.413462 0.021635 0.033654
0 0.373197 0.697716 0.025240 0.027644
0 0.168269 0.278245 0.028846 0.030048
0 0.312500 0.412861 0.021635 0.032452
0 0.021034 0.265024 0.037260 0.061298
0 0.313702 0.699519 0.024038 0.033654
0 0.280048 0.699519 0.026442 0.033654
0 0.619591 0.420673 0.025240 0.040865
0 0.149038 0.547476 0.024038 0.061298
0 0.647837 0.411058 0.016827 0.055288
0 0.405048 0.728365 0.026442 0.088942
0 0.069712 0.700721 0.021635 0.033654
0 0.432091 0.552885 0.013221 0.057692
0 0.243389 0.702524 0.027644 0.032452
0 0.203726 0.713942 0.037260 0.050481
0 0.676683 0.699519 0.024038 0.031250
0 0.201923 0.266827 0.033654 0.057692
0 0.776442 0.414062 0.021635 0.037260
0 0.839135 0.266845 0.030865 0.050445
0 0.944111 0.412260 0.025240 0.033654
0 0.837740 0.420072 0.031250 0.030048
0 0.431490 0.706130 0.021635 0.034856
0 0.082332 0.420673 0.020433 0.033654
0 0.756010 0.408053 0.014423 0.049279
0 0.564904 0.561899 0.024038 0.034856
0 0.591947 0.559495 0.020433 0.042067
0 0.274038 0.281851 0.028846 0.032452
0 0.540865 0.551082 0.019231 0.046875
0 0.779447 0.271635 0.018029 0.043269
0 0.522236 0.703125 0.025240 0.031250
0 0.516827 0.274639 0.052885 0.039663
0 0.040865 0.690505 0.026442 0.049279
0 0.054688 0.279447 0.022837 0.030048
0 0.601983 0.704892 0.018966 0.031010
0 0.511418 0.558293 0.022837 0.030048
0 0.771034 0.692909 0.032452 0.051683
0 0.411659 0.558894 0.022837 0.040865
0 0.103966 0.270433 0.015625 0.043269
0 0.130409 0.404447 0.018029 0.061298
0 0.278846 0.419471 0.031250 0.026442
0 0.245192 0.278846 0.024038 0.038462
0 0.420673 0.404447 0.033654 0.054087
0 0.135817 0.267428 0.028846 0.049279
0 0.747596 0.278846 0.033654 0.033654
0 0.802284 0.709135 0.027644 0.026442
0 0.674880 0.565505 0.025240 0.027644
0 0.674279 0.277043 0.033654 0.037260
0 0.150240 0.418870 0.019231 0.032452
0 0.173678 0.694111 0.022837 0.044471
0 0.556875 0.703582 0.039567 0.030913
0 0.972957 0.412260 0.025240 0.036058
0 0.058894 0.417668 0.021635 0.032452
0 0.712740 0.702524 0.031250 0.025240
0 0.462740 0.709135 0.026442 0.031250
0 0.615986 0.564904 0.020433 0.026442
0 0.592548 0.424279 0.021635 0.026442
0 0.173077 0.560096 0.021635 0.036058
0 0.847356 0.701322 0.026442 0.030048
0 0.345553 0.701322 0.025240 0.030048
0 0.382812 0.560096 0.022837 0.026442
0 0.095553 0.703125 0.018029 0.016827
0 0.812716 0.277043 0.022716 0.023822
0 0.229633 0.279447 0.017969 0.039639
0 0.240877 0.556791 0.026947 0.028894
0 0.128762 0.545541 0.021683 0.059183
0 0.079994 0.567212 0.029724 0.030841
0 0.583918 0.700132 0.011538 0.046563
0 0.937999 0.699369 0.031767 0.040517
0 0.825901 0.712794 0.009808 0.015397
