0 0.837139 0.435697 0.051683 0.104567
0 0.065505 0.396034 0.046875 0.092548
0 0.255409 0.405048 0.044471 0.081731
0 0.161659 0.400240 0.054087 0.079327
0 0.754808 0.528245 0.057692 0.075721
0 0.801082 0.646034 0.056490 0.073317
0 0.629808 0.407452 0.033654 0.048077
0 0.456731 0.417668 0.036058 0.046875
0 0.790865 0.409856 0.031250 0.048077
0 0.302284 0.410457 0.034856 0.042067
0 0.417668 0.412861 0.030048 0.039663
0 0.894832 0.628005 0.037260 0.037260
0 0.917067 0.411659 0.031250 0.034856
0 0.851562 0.626803 0.032452 0.046875
0 0.700120 0.401442 0.027644 0.067308
0 0.954928 0.412861 0.039663 0.039663
0 0.754808 0.413462 0.038462 0.048077
0 0.669471 0.400240 0.028846 0.072115
0 0.882212 0.406250 0.031250 0.038462
0 0.668269 0.638221 0.062500 0.079327
0 0.512620 0.406250 0.022837 0.040865
0 0.384615 0.398438 0.031250 0.061298
0 0.213341 0.401442 0.025240 0.067308
0 0.718041 0.625974 0.039808 0.034663
0 0.761244 0.622825 0.048594 0.036659
0 0.106262 0.413504 0.040024 0.032440
