0 0.584135 0.682692 0.036058 0.081731
0 0.705529 0.534255 0.052885 0.070913
0 0.619591 0.698918 0.030048 0.049279
0 0.126803 0.258413 0.032452 0.067308
0 0.020433 0.561899 0.033654 0.102163
0 0.570312 0.301683 0.034856 0.091346
0 0.154447 0.275240 0.022837 0.036058
0 0.290264 0.593149 0.034856 0.116587
0 0.031250 0.255409 0.026442 0.068510
0 0.833534 0.695913 0.027644 0.048077
0 0.310096 0.262620 0.028846 0.061298
0 0.221755 0.277043 0.022837 0.042067
0 0.628005 0.411659 0.010817 0.049279
0 0.931490 0.554087 0.024038 0.043269
0 0.223558 0.698317 0.028846 0.045673
0 0.129808 0.399639 0.021635 0.056490
0 0.747596 0.708534 0.028846 0.116587
0 0.898438 0.539062 0.039663 0.073317
0 0.683293 0.698918 0.025240 0.034856
0 0.225361 0.554087 0.027644 0.048077
0 0.333534 0.415865 0.025240 0.040865
0 0.030649 0.698317 0.027644 0.038462
0 0.313702 0.685096 0.028846 0.060096
0 0.793269 0.587740 0.033654 0.103365
0 0.653245 0.683293 0.027644 0.070913
0 0.162260 0.546875 0.038462 0.069712
0 0.408053 0.685697 0.027644 0.054087
0 0.543269 0.410457 0.024038 0.054087
0 0.509615 0.581731 0.033654 0.098558
0 0.801683 0.697115 0.026442 0.038462
0 0.491587 0.263221 0.026442 0.060096
0 0.194712 0.302885 0.028846 0.098558
0 0.781250 0.264423 0.026442 0.050481
0 0.338341 0.271034 0.022837 0.044471
0 0.098558 0.701322 0.036058 0.044471
0 0.374399 0.699519 0.027644 0.033654
0 0.415865 0.257812 0.028846 0.068510
0 0.891226 0.412260 0.027644 0.040865
0 0.021034 0.442308 0.034856 0.110577
0 0.508413 0.733774 0.036058 0.111779
0 0.061298 0.695913 0.024038 0.040865
0 0.360300 0.544675 0.029399 0.067476
0 0.865986 0.696514 0.030048 0.044471
0 0.429087 0.546274 0.019231 0.051683
0 0.399038 0.433293 0.028846 0.118990
0 0.773438 0.703726 0.022837 0.042067
0 0.244591 0.406851 0.018029 0.058894
0 0.052284 0.546875 0.027644 0.069712
0 0.164663 0.414663 0.033654 0.040865
0 0.252404 0.699519 0.024038 0.033654
0 0.789663 0.415264 0.028846 0.046875
0 0.823317 0.555288 0.021635 0.040865
0 0.477764 0.409255 0.020433 0.070913
0 0.221989 0.446641 0.030517 0.089892
0 0.818510 0.411659 0.021635 0.034856
0 0.602764 0.541466 0.025240 0.066106
0 0.716346 0.419471 0.026442 0.038462
0 0.195913 0.549279 0.014423 0.057692
0 0.265625 0.406851 0.012019 0.054087
0 0.074519 0.271034 0.021635 0.051683
0 0.188702 0.689904 0.036058 0.060096
0 0.957332 0.558293 0.025240 0.034856
0 0.659922 0.273438 0.018401 0.037260
0 0.569712 0.414663 0.021635 0.040865
0 0.828726 0.274038 0.018029 0.038462
0 0.073792 0.404002 0.029219 0.063077
0 0.715745 0.715745 0.025240 0.087740
0 0.639423 0.272236 0.016827 0.039663
0 0.804688 0.274038 0.018029 0.033654
0 0.456731 0.698918 0.024038 0.037260
0 0.530925 0.277644 0.022837 0.036058
0 0.891226 0.718149 0.015625 0.025240
0 0.343149 0.700721 0.025240 0.033654
0 0.631611 0.554688 0.025240 0.042067
0 0.331731 0.560096 0.024038 0.040865
0 0.955529 0.412861 0.021635 0.039663
0 0.078726 0.565505 0.022837 0.037260
0 0.056490 0.259615 0.012019 0.060096
0 0.433894 0.405649 0.021635 0.061298
0 0.438702 0.276442 0.016827 0.036058
0 0.456130 0.417668 0.020433 0.037260
0 0.363582 0.274639 0.020433 0.032452
0 0.303486 0.402043 0.022837 0.058894
0 0.281250 0.420673 0.019231 0.036058
0 0.250000 0.276442 0.028846 0.038462
0 0.855168 0.564904 0.015625 0.028846
0 0.649639 0.418870 0.022837 0.032452
0 0.597386 0.420475 0.045853 0.040950
0 0.579928 0.558894 0.020433 0.038462
0 0.697716 0.263822 0.020433 0.054087
0 0.436298 0.686298 0.016827 0.050481
0 0.925481 0.412861 0.031250 0.042067
0 0.463047 0.559964 0.041478 0.040601
0 0.554087 0.546875 0.016827 0.057692
0 0.097091 0.415541 0.036587 0.085385
0 0.843750 0.405649 0.024038 0.058894
0 0.462139 0.276442 0.027644 0.036058
0 0.691707 0.417067 0.018029 0.038462
0 0.728365 0.274038 0.021635 0.038462
0 0.978966 0.414062 0.025240 0.034856
0 0.390571 0.557921 0.052993 0.098269
0 0.537260 0.543269 0.016827 0.064904
0 0.673594 0.406593 0.020937 0.064772
0 0.495974 0.550541 0.028365 0.055986
0 0.203786 0.406502 0.033846 0.072692
0 0.047260 0.418041 0.022308 0.038846
0 0.742470 0.555427 0.027200 0.046214
0 0.766797 0.558215 0.031911 0.039243
0 0.484730 0.700060 0.029964 0.041130
0 0.677548 0.265066 0.020216 0.063714
0 0.709549 0.267452 0.021334 0.044904
0 0.557560 0.275306 0.023293 0.035925
0 0.511388 0.260715 0.018522 0.064555
0 0.180661 0.260956 0.024255 0.064147
