0 0.272236 0.278846 0.056490 0.057692
0 0.388822 0.700120 0.046875 0.066106
0 0.495793 0.721755 0.054087 0.056490
0 0.378005 0.561298 0.044471 0.067308
0 0.439904 0.702524 0.050481 0.063702
0 0.259014 0.414663 0.051683 0.062500
0 0.707332 0.283654 0.058894 0.055288
0 0.727764 0.568510 0.058894 0.045673
0 0.273438 0.562500 0.063702 0.050481
0 0.466947 0.561298 0.039663 0.060096
0 0.391827 0.416466 0.040865 0.056490
0 0.378606 0.280649 0.031250 0.056490
0 0.326322 0.310697 0.039663 0.073317
0 0.420072 0.283654 0.039663 0.069712
0 0.712740 0.707933 0.062500 0.045673
0 0.510817 0.586538 0.033654 0.055288
0 0.420673 0.561298 0.033654 0.067308
0 0.286058 0.693510 0.038462 0.069712
0 0.324519 0.708534 0.038462 0.044471
0 0.329928 0.442909 0.025240 0.044471
0 0.435697 0.415264 0.046875 0.051683
0 0.715745 0.420072 0.056490 0.039663
0 0.469820 0.441184 0.028894 0.047127
0 0.295673 0.453353 0.034688 0.068870
0 0.306707 0.576496 0.039760 0.029820
