0 0.242788 0.547476 0.050481 0.037260
0 0.195913 0.463341 0.043269 0.070913
0 0.182692 0.547476 0.040865 0.037260
0 0.507212 0.477163 0.033654 0.038462
0 0.465745 0.462740 0.032452 0.079327
0 0.413462 0.474159 0.052885 0.092548
0 0.231971 0.470553 0.016827 0.044471
0 0.542067 0.459135 0.021635 0.067308
0 0.697115 0.477764 0.031250 0.032452
0 0.789062 0.476562 0.070913 0.046875
0 0.284856 0.482572 0.057692 0.042067
0 0.310697 0.541466 0.037260 0.044471
0 0.612981 0.471154 0.033654 0.028846
0 0.394633 0.537007 0.068113 0.043774
