0 0.025841 0.405649 0.044471 0.070913
0 0.277043 0.760817 0.032452 0.072115
0 0.071514 0.660457 0.025240 0.094952
0 0.463341 0.194111 0.032452 0.073317
0 0.879808 0.211538 0.033654 0.103365
0 0.310096 0.774639 0.024038 0.042067
0 0.214543 0.623798 0.037260 0.050481
0 0.871394 0.411659 0.028846 0.054087
0 0.088942 0.403245 0.033654 0.078125
0 0.100108 0.190066 0.032957 0.066214
0 0.161659 0.195913 0.056490 0.060096
0 0.348558 0.204928 0.026442 0.046875
0 0.547476 0.763822 0.022837 0.058894
0 0.021635 0.549279 0.026442 0.064904
0 0.049279 0.773438 0.016827 0.039663
0 0.624399 0.775240 0.030048 0.045673
0 0.511418 0.617788 0.030048 0.064904
0 0.590745 0.622596 0.020433 0.067308
0 0.281707 0.203504 0.055841 0.044026
0 0.426683 0.194111 0.040865 0.061298
0 0.083534 0.777043 0.039663 0.044471
0 0.661659 0.417668 0.018029 0.037260
0 0.145433 0.775841 0.021635 0.037260
0 0.331130 0.619591 0.030048 0.063702
0 0.579928 0.406851 0.030048 0.063702
0 0.664062 0.636418 0.034856 0.027644
0 0.429087 0.623197 0.028846 0.078125
0 0.680288 0.411659 0.012019 0.049279
0 0.837139 0.418269 0.032452 0.033654
0 0.096755 0.636418 0.022837 0.039663
0 0.371394 0.759615 0.024038 0.067308
0 0.838942 0.631010 0.019231 0.033654
0 0.120192 0.567308 0.021635 0.031250
0 0.753005 0.629808 0.020433 0.038462
0 0.933293 0.203726 0.027644 0.030048
0 0.635817 0.405048 0.031250 0.067308
0 0.540865 0.629808 0.024038 0.038462
0 0.764423 0.206731 0.026442 0.033654
0 0.737380 0.206731 0.022837 0.031250
0 0.570913 0.198918 0.028846 0.025240
0 0.023438 0.617788 0.025240 0.062500
0 0.791466 0.618389 0.025240 0.063702
0 0.353365 0.417067 0.014423 0.052885
0 0.447115 0.775841 0.019231 0.039663
0 0.714543 0.406851 0.020433 0.063702
0 0.239784 0.548077 0.022837 0.060096
0 0.022837 0.760216 0.021635 0.068510
0 0.270433 0.628606 0.014423 0.050481
0 0.811899 0.203726 0.015625 0.032452
0 0.423678 0.415865 0.034856 0.043269
0 0.712139 0.206731 0.015625 0.031250
0 0.098558 0.564904 0.019231 0.036058
0 0.695913 0.419471 0.016827 0.036058
0 0.246394 0.636418 0.024038 0.027644
0 0.573317 0.773438 0.014423 0.051683
0 0.490986 0.763822 0.027644 0.056490
0 0.859375 0.630409 0.016827 0.034856
0 0.236779 0.207332 0.028846 0.042067
0 0.836538 0.209135 0.024038 0.028846
0 0.204928 0.560096 0.020433 0.031250
0 0.329928 0.763822 0.013221 0.051683
0 0.612380 0.638221 0.015625 0.028846
0 0.817909 0.615986 0.020433 0.066106
0 0.944712 0.621394 0.019231 0.052885
0 0.397236 0.612380 0.027644 0.054087
0 0.374399 0.207332 0.025240 0.032452
0 0.078125 0.549279 0.016827 0.062500
0 0.594351 0.778245 0.022837 0.034856
0 0.324519 0.431490 0.026442 0.052885
0 0.349760 0.771034 0.016827 0.032452
0 0.122596 0.636418 0.026442 0.042067
0 0.043870 0.550481 0.010817 0.052885
0 0.728966 0.617788 0.025240 0.060096
0 0.118990 0.777644 0.021635 0.036058
0 0.501202 0.190505 0.026442 0.073317
0 0.924880 0.625601 0.013221 0.046875
0 0.366587 0.615986 0.028846 0.070913
0 0.737981 0.424279 0.021635 0.043269
0 0.214543 0.423678 0.022837 0.034856
0 0.529447 0.189904 0.027644 0.064904
0 0.906250 0.626803 0.021635 0.051683
0 0.507212 0.405048 0.026442 0.062500
0 0.399038 0.770433 0.019231 0.043269
0 0.772710 0.419243 0.041286 0.037260
0 0.420072 0.771635 0.018029 0.043269
0 0.968149 0.636418 0.025240 0.030048
0 0.627103 0.197728 0.058462 0.066130
0 0.137620 0.405048 0.018029 0.069712
0 0.539663 0.414062 0.016827 0.027644
0 0.454928 0.419471 0.027644 0.040865
0 0.156358 0.546875 0.029063 0.072115
0 0.516226 0.775240 0.020433 0.031250
0 0.282813 0.404321 0.029567 0.068257
0 0.388678 0.424183 0.018029 0.027644
0 0.192121 0.426154 0.022103 0.040745
0 0.172861 0.412740 0.011587 0.051226
0 0.670673 0.187500 0.038462 0.062500
0 0.633413 0.638221 0.016827 0.028846
0 0.114784 0.416466 0.018029 0.044471
0 0.880409 0.631611 0.022837 0.034856
0 0.959627 0.208095 0.037476 0.028522
0 0.464543 0.769832 0.013221 0.046875
0 0.268029 0.561298 0.012019 0.031250
0 0.321514 0.192909 0.027644 0.070913
0 0.484375 0.424279 0.019231 0.033654
0 0.065469 0.547260 0.021274 0.065313
0 0.168660 0.568900 0.024627 0.030228
0 0.190673 0.545950 0.018654 0.060457
0 0.227248 0.567596 0.018654 0.035072
0 0.144964 0.639243 0.024255 0.045529
0 0.048864 0.637566 0.023882 0.036190
0 0.034129 0.772097 0.013065 0.050757
0 0.174441 0.789826 0.014555 0.017536
0 0.563107 0.631593 0.028353 0.032464
0 0.772464 0.630475 0.014928 0.042921
0 0.803059 0.419633 0.026863 0.033209
0 0.300865 0.416587 0.026130 0.033173
0 0.369093 0.426016 0.021863 0.041454
0 0.156611 0.404453 0.018990 0.066647
0 0.119363 0.224615 0.011683 0.013654
0 0.061851 0.191725 0.042957 0.066863
0 0.188924 0.210950 0.030373 0.038822
0 0.221100 0.207536 0.024627 0.036659
0 0.688924 0.192993 0.020950 0.055793
0 0.785667 0.226611 0.034459 0.075721
0 0.862933 0.209579 0.021082 0.046803
0 0.904393 0.206875 0.025589 0.037284
