0 0.643630 0.505409 0.032452 0.058894
0 0.822716 0.506010 0.049279 0.057692
0 0.356370 0.503005 0.042067 0.070913
0 0.704928 0.512620 0.042067 0.046875
0 0.485577 0.513822 0.038462 0.042067
0 0.433894 0.508413 0.045673 0.055288
0 0.591346 0.510817 0.031250 0.036058
0 0.239183 0.512019 0.021635 0.062500
0 0.393029 0.532452 0.019231 0.036058
0 0.165865 0.515625 0.026442 0.076923
0 0.213341 0.520433 0.025240 0.033654
0 0.766827 0.512019 0.028846 0.024038
0 0.267428 0.515625 0.027644 0.028846
0 0.189904 0.504808 0.019231 0.060096
