0 0.811899 0.489183 0.049279 0.062500
0 0.759014 0.488582 0.054087 0.066106
0 0.677284 0.484976 0.044471 0.075721
0 0.166466 0.481971 0.070913 0.067308
0 0.060096 0.479567 0.072115 0.072115
0 0.308894 0.524639 0.043269 0.087740
0 0.871995 0.490986 0.049279 0.066106
0 0.404447 0.485577 0.044471 0.072115
0 0.925481 0.490385 0.057692 0.060096
0 0.451322 0.495192 0.042067 0.040865
0 0.623798 0.493389 0.043269 0.042067
0 0.354567 0.496394 0.033654 0.036058
0 0.970553 0.494591 0.020433 0.030048
0 0.502404 0.491587 0.021635 0.036058
0 0.571514 0.494591 0.025240 0.022837
0 0.217981 0.498864 0.040865 0.036382
0 0.267512 0.497470 0.061562 0.106358
