0 0.223558 0.491587 0.028846 0.108173
0 0.432692 0.485577 0.019231 0.031250
0 0.072716 0.486779 0.018029 0.036058
0 0.014423 0.470553 0.019231 0.068510
0 0.457332 0.484976 0.018029 0.030048
0 0.931490 0.514423 0.026442 0.093750
0 0.405649 0.465745 0.025240 0.063702
0 0.966947 0.482572 0.034856 0.049279
0 0.036659 0.487380 0.018029 0.032452
0 0.139423 0.468149 0.019231 0.068510
0 0.808894 0.507212 0.021635 0.093750
0 0.055288 0.468750 0.014423 0.055288
0 0.093750 0.483774 0.016827 0.032452
0 0.159255 0.473558 0.015625 0.052885
0 0.478365 0.471755 0.021635 0.058894
0 0.862380 0.482572 0.020433 0.030048
0 0.118389 0.470553 0.015625 0.056490
0 0.836538 0.481370 0.019231 0.032452
0 0.882812 0.469351 0.015625 0.051683
0 0.170234 0.474958 0.015300 0.061575
0 0.201022 0.471034 0.019399 0.044784
0 0.109038 0.481671 0.010817 0.033966
0 0.909303 0.482644 0.028894 0.033918
