0 0.667067 0.417668 0.045673 0.058894
0 0.632812 0.569111 0.049279 0.082933
0 0.511418 0.568564 0.046587 0.056599
0 0.376803 0.427284 0.042067 0.044471
0 0.329327 0.411058 0.040865 0.069712
0 0.605168 0.424279 0.049279 0.062500
0 0.327668 0.563840 0.077837 0.055012
0 0.438702 0.400240 0.033654 0.048077
0 0.543269 0.419471 0.036058 0.038462
0 0.474760 0.407452 0.026442 0.031250
0 0.559627 0.561803 0.038462 0.064904
0 0.716346 0.401442 0.038462 0.019231
0 0.420673 0.566106 0.028846 0.055288
0 0.456130 0.572716 0.034856 0.037260
0 0.582879 0.559934 0.018666 0.069291
0 0.591256 0.614760 0.046070 0.044159
0 0.483876 0.558023 0.022464 0.074627
0 0.299026 0.521094 0.071587 0.038846
