0 0.703125 0.453726 0.050481 0.061298
0 0.234976 0.489784 0.049279 0.133413
0 0.873798 0.464543 0.052885 0.097356
0 0.031851 0.469952 0.030048 0.048077
0 0.813101 0.543870 0.032452 0.032452
0 0.917067 0.451322 0.026442 0.061298
0 0.560697 0.463942 0.037260 0.062500
0 0.066106 0.471154 0.016827 0.045673
0 0.944111 0.469952 0.022837 0.036058
0 0.323918 0.471154 0.025240 0.038462
0 0.457332 0.474159 0.051683 0.039663
0 0.406851 0.473558 0.027644 0.031250
0 0.525841 0.472356 0.025240 0.033654
0 0.971154 0.458534 0.021635 0.078125
0 0.784856 0.466947 0.055288 0.034856
0 0.365986 0.471755 0.039663 0.034856
0 0.746394 0.463341 0.014423 0.042067
0 0.498197 0.471154 0.022837 0.033654
0 0.746394 0.539663 0.043269 0.033654
0 0.287260 0.471755 0.026442 0.030048
0 0.693510 0.543269 0.038462 0.038462
0 0.115757 0.479087 0.063245 0.037500
0 0.845529 0.553882 0.038582 0.040361
