0 0.030649 0.622596 0.034856 0.067308
0 0.256611 0.626803 0.020433 0.063702
0 0.514621 0.642362 0.018257 0.030589
0 0.589069 0.640901 0.012272 0.029399
0 0.024700 0.356851 0.020433 0.044471
0 0.856971 0.341947 0.016827 0.054087
0 0.159856 0.355769 0.021635 0.036058
0 0.048077 0.510216 0.021635 0.027644
0 0.091947 0.640024 0.015625 0.027644
0 0.599760 0.340745 0.021635 0.058894
0 0.746995 0.355168 0.013221 0.039663
0 0.764423 0.356370 0.019231 0.039663
0 0.045481 0.358834 0.019231 0.037260
0 0.651442 0.350962 0.014423 0.052885
0 0.418870 0.627404 0.013221 0.050481
0 0.722957 0.348558 0.025240 0.057692
0 0.112356 0.646947 0.016827 0.030048
0 0.351562 0.347957 0.022837 0.066106
0 0.818510 0.343149 0.028846 0.056490
0 0.840745 0.355769 0.015625 0.033654
0 0.269231 0.343750 0.019231 0.050481
0 0.184495 0.496995 0.022837 0.027644
0 0.667668 0.361779 0.018029 0.040865
0 0.451328 0.350950 0.023161 0.053029
0 0.661839 0.637554 0.015337 0.040877
0 0.492254 0.645691 0.013425 0.026671
0 0.650048 0.637043 0.016827 0.039856
0 0.945312 0.356971 0.015625 0.031250
0 0.515024 0.352764 0.013221 0.042067
0 0.331130 0.362981 0.018029 0.031250
0 0.102079 0.362037 0.016466 0.021959
0 0.302284 0.361178 0.034856 0.027644
0 0.689303 0.642428 0.025240 0.034856
0 0.022236 0.509014 0.020433 0.025240
0 0.117188 0.488582 0.015625 0.051683
0 0.879207 0.356370 0.015625 0.025240
0 0.074519 0.493389 0.019231 0.049279
0 0.418155 0.348257 0.012368 0.049663
0 0.346400 0.640901 0.018642 0.031803
0 0.439303 0.637019 0.018029 0.028846
0 0.627776 0.360409 0.021635 0.027284
0 0.557692 0.626202 0.019231 0.057692
0 0.145433 0.509014 0.021635 0.058894
0 0.232572 0.356971 0.018029 0.031250
0 0.164663 0.487981 0.016827 0.050481
0 0.327524 0.620793 0.013221 0.058894
0 0.237837 0.668486 0.017933 0.078125
0 0.897236 0.349760 0.015625 0.040865
0 0.170673 0.635216 0.014423 0.030048
0 0.694712 0.368389 0.014423 0.030048
0 0.537861 0.356370 0.018029 0.032452
0 0.196737 0.640210 0.027127 0.087127
0 0.622632 0.645950 0.013510 0.027524
0 0.460337 0.631791 0.014423 0.056851
0 0.605216 0.633840 0.022764 0.060613
0 0.135841 0.347248 0.018029 0.051683
0 0.536659 0.638221 0.015625 0.028846
0 0.496995 0.347957 0.018029 0.056490
0 0.096755 0.501202 0.018029 0.024038
0 0.088131 0.343846 0.019940 0.059639
0 0.310697 0.637620 0.018029 0.030048
0 0.056881 0.642398 0.025493 0.034964
0 0.224946 0.633516 0.013930 0.055853
0 0.129339 0.642584 0.025865 0.090721
0 0.182752 0.640709 0.016082 0.026563
0 0.209742 0.647903 0.015228 0.029435
0 0.362644 0.644062 0.015889 0.031971
0 0.473239 0.640817 0.016238 0.035385
0 0.635282 0.637825 0.015204 0.029062
0 0.673317 0.638852 0.014351 0.030421
0 0.433269 0.356382 0.018822 0.022620
0 0.403311 0.359069 0.014916 0.030685
0 0.249261 0.356034 0.015589 0.025577
0 0.213522 0.346490 0.048149 0.057885
0 0.116803 0.356917 0.017404 0.035060
0 0.061352 0.357957 0.024411 0.030649
0 0.142638 0.356178 0.015974 0.026226
0 0.617770 0.351430 0.008185 0.046346
0 0.912097 0.356593 0.013930 0.023498
0 0.931154 0.342662 0.016971 0.058305
0 0.966184 0.358215 0.028281 0.032416
