0 0.513822 0.643630 0.049279 0.061298
0 0.708534 0.644832 0.054087 0.073317
0 0.648438 0.643630 0.056490 0.066106
0 0.442909 0.640625 0.046875 0.064904
0 0.686298 0.489183 0.050481 0.064904
0 0.577524 0.647236 0.054087 0.049279
0 0.623197 0.492188 0.044471 0.054087
0 0.524038 0.496394 0.045673 0.055288
0 0.446514 0.506010 0.051683 0.055288
0 0.413462 0.352163 0.043269 0.052885
0 0.308293 0.353365 0.044471 0.062500
0 0.308894 0.637019 0.048077 0.060096
0 0.308894 0.484976 0.038462 0.063702
0 0.356370 0.353966 0.030048 0.034856
0 0.378005 0.644231 0.034856 0.028846
0 0.529447 0.295072 0.039663 0.044471
0 0.482572 0.354567 0.039663 0.064904
0 0.478365 0.662260 0.019231 0.038462
0 0.446514 0.374399 0.015625 0.042067
0 0.578125 0.487380 0.036058 0.049279
0 0.481971 0.521635 0.014423 0.038462
0 0.381010 0.497596 0.031250 0.031250
0 0.680553 0.356058 0.054688 0.060096
