0 0.043269 0.570913 0.045673 0.067308
0 0.442308 0.572115 0.048077 0.072115
0 0.447115 0.438101 0.052885 0.078125
0 0.555288 0.571514 0.045673 0.056490
0 0.933293 0.581130 0.037260 0.046875
0 0.545072 0.432091 0.046875 0.058894
0 0.224159 0.581731 0.030048 0.045673
0 0.296875 0.573317 0.038462 0.069712
0 0.333534 0.583534 0.032452 0.044471
0 0.877404 0.429087 0.031250 0.067308
0 0.591346 0.445312 0.033654 0.039663
0 0.914062 0.438702 0.042067 0.050481
0 0.258413 0.573317 0.028846 0.069712
0 0.715144 0.432091 0.040865 0.051683
0 0.600962 0.586538 0.038462 0.036058
0 0.105168 0.582933 0.030048 0.045673
0 0.813702 0.586538 0.038462 0.045673
0 0.859375 0.585938 0.036058 0.037260
0 0.200120 0.446514 0.027644 0.044471
0 0.044471 0.427284 0.038462 0.061298
0 0.302885 0.432091 0.031250 0.063702
0 0.637019 0.584736 0.031250 0.034856
0 0.085337 0.436899 0.021635 0.056490
0 0.899639 0.570312 0.025240 0.063702
0 0.731971 0.578726 0.043269 0.056490
0 0.263822 0.430288 0.022837 0.062500
0 0.837139 0.443510 0.037260 0.036058
0 0.754207 0.431490 0.018029 0.052885
0 0.792067 0.444712 0.038462 0.038462
0 0.341346 0.442909 0.031250 0.044471
0 0.231971 0.440505 0.028846 0.042067
0 0.080529 0.574519 0.016827 0.060096
0 0.632212 0.445312 0.031250 0.042067
0 0.192909 0.582933 0.025240 0.040865
0 0.115986 0.439303 0.030048 0.039663
0 0.673678 0.587139 0.037260 0.030048
0 0.766827 0.580529 0.016827 0.052885
0 0.670072 0.439904 0.032452 0.036058
0 0.492788 0.575120 0.031250 0.020433
0 0.487764 0.441767 0.032885 0.018101
