0 0.897837 0.529447 0.040865 0.080529
0 0.432091 0.506010 0.020433 0.033654
0 0.406851 0.488582 0.025240 0.056490
0 0.028245 0.489183 0.022837 0.062500
0 0.278846 0.505409 0.024038 0.032452
0 0.543269 0.503005 0.024038 0.039663
0 0.458534 0.507212 0.025240 0.033654
0 0.055288 0.503606 0.021635 0.028846
0 0.740385 0.495192 0.033654 0.057692
0 0.933894 0.490986 0.024038 0.054087
0 0.375601 0.504808 0.020433 0.033654
0 0.082933 0.496995 0.026442 0.056490
0 0.349159 0.508413 0.025240 0.031250
0 0.509615 0.489784 0.026442 0.063702
0 0.711538 0.495192 0.024038 0.057692
0 0.323317 0.496995 0.021635 0.051683
0 0.221154 0.495793 0.014423 0.054087
0 0.486178 0.508413 0.020433 0.036058
0 0.139423 0.494591 0.021635 0.068510
0 0.959135 0.491587 0.024038 0.052885
0 0.250000 0.502404 0.021635 0.040865
0 0.170072 0.507212 0.025240 0.040865
0 0.980769 0.513822 0.019231 0.044471
0 0.203125 0.501202 0.016827 0.057692
0 0.642428 0.483173 0.025240 0.062500
0 0.582332 0.500601 0.013221 0.032452
0 0.109976 0.504808 0.022837 0.040865
0 0.769231 0.516827 0.021635 0.043269
0 0.826923 0.498798 0.024038 0.031250
0 0.659970 0.500186 0.029195 0.043233
0 0.868335 0.493906 0.050613 0.058005
0 0.126671 0.494249 0.010553 0.059050
