0 0.953125 0.489183 0.019231 0.036058
0 0.061298 0.504207 0.031250 0.102163
0 0.507212 0.514423 0.021635 0.086538
0 0.586538 0.515625 0.026442 0.091346
0 0.022236 0.478365 0.027644 0.062500
0 0.483774 0.489183 0.020433 0.036058
0 0.335938 0.493990 0.020433 0.031250
0 0.144231 0.493389 0.021635 0.032452
0 0.289663 0.486178 0.021635 0.051683
0 0.681490 0.488582 0.021635 0.037260
0 0.754808 0.471755 0.031250 0.058894
0 0.561899 0.489784 0.022837 0.034856
0 0.221755 0.491587 0.022837 0.038462
0 0.416466 0.490986 0.022837 0.037260
0 0.107572 0.490385 0.018029 0.028846
0 0.392428 0.481971 0.025240 0.057692
0 0.197716 0.519832 0.020433 0.092548
0 0.537260 0.492188 0.019231 0.027644
0 0.170072 0.493389 0.022837 0.030048
0 0.451322 0.492788 0.032452 0.036058
0 0.795565 0.482620 0.030048 0.060096
0 0.987380 0.487380 0.020433 0.032452
0 0.840745 0.477163 0.039663 0.052885
0 0.242188 0.493990 0.015625 0.033654
0 0.704928 0.488582 0.020433 0.034856
0 0.260180 0.486100 0.010745 0.044315
0 0.896605 0.486346 0.023401 0.035962
0 0.927885 0.477163 0.024038 0.055288
0 0.315505 0.481971 0.018029 0.055288
0 0.653846 0.478966 0.031250 0.058894
0 0.769633 0.508389 0.023642 0.042620
0 0.869627 0.487085 0.023149 0.036454
0 0.973450 0.473167 0.017981 0.053450
0 0.047596 0.494273 0.023798 0.035012
0 0.272927 0.498293 0.014075 0.023630
