0 0.418792 0.517626 0.045877 0.097921
0 0.568510 0.526442 0.048077 0.081731
0 0.131611 0.478966 0.082933 0.070913
0 0.718149 0.494591 0.068510 0.039663
0 0.274038 0.496394 0.040865 0.038462
0 0.805288 0.488582 0.043269 0.058894
0 0.856370 0.495192 0.032452 0.048077
0 0.658053 0.497596 0.042067 0.038462
0 0.893630 0.495793 0.039663 0.039663
0 0.232572 0.481370 0.037260 0.066106
0 0.323317 0.495793 0.038462 0.037260
0 0.766827 0.487981 0.021635 0.050481
0 0.459135 0.492188 0.031250 0.044471
0 0.515024 0.509615 0.058894 0.069712
0 0.612981 0.497596 0.033654 0.036058
0 0.371388 0.493071 0.044411 0.041791
0 0.189465 0.495499 0.053738 0.040685
