0 0.712740 0.535457 0.036058 0.073317
0 0.375000 0.430288 0.038462 0.098558
0 0.275841 0.394231 0.039663 0.072115
0 0.230168 0.397236 0.044471 0.066106
0 0.185096 0.544471 0.045673 0.055288
0 0.634615 0.540865 0.060096 0.072115
0 0.757812 0.545072 0.030048 0.054087
0 0.492788 0.546875 0.031250 0.045673
0 0.436899 0.550481 0.063702 0.045673
0 0.415264 0.406851 0.027644 0.046875
0 0.082332 0.546274 0.037260 0.042067
0 0.675481 0.411659 0.055288 0.042067
0 0.966346 0.579928 0.040865 0.106971
0 0.276442 0.549880 0.033654 0.042067
0 0.313702 0.394832 0.024038 0.058894
0 0.582332 0.395433 0.030048 0.052885
0 0.732572 0.394832 0.039663 0.068510
0 0.040264 0.546274 0.037260 0.042067
0 0.615986 0.432692 0.037260 0.081731
0 0.445913 0.394832 0.026442 0.070913
0 0.800481 0.406250 0.033654 0.043269
0 0.322115 0.552885 0.036058 0.038462
0 0.231971 0.554688 0.043269 0.042067
0 0.370793 0.551683 0.046875 0.048077
0 0.342548 0.396034 0.016827 0.056490
0 0.481971 0.404447 0.036058 0.051683
0 0.841346 0.412861 0.033654 0.058894
0 0.790865 0.549279 0.031250 0.040865
0 0.528846 0.548678 0.040865 0.039663
0 0.850962 0.547476 0.038462 0.116587
0 0.118389 0.551082 0.032452 0.039663
0 0.877404 0.404447 0.038462 0.046875
0 0.916466 0.533053 0.027644 0.070913
0 0.771034 0.415264 0.025240 0.068510
0 0.887019 0.533654 0.031250 0.060096
0 0.672242 0.552320 0.031526 0.051971
0 0.828762 0.544195 0.026851 0.040649
0 0.941442 0.542224 0.014784 0.061322
