0 0.482572 0.568510 0.044471 0.069712
0 0.361779 0.719952 0.040865 0.074519
0 0.225361 0.296863 0.046875 0.087740
0 0.252404 0.419471 0.048077 0.055288
0 0.449519 0.288462 0.048077 0.057692
0 0.106971 0.309495 0.033654 0.066106
0 0.585938 0.582332 0.042067 0.032452
0 0.567308 0.280048 0.048077 0.043269
0 0.126803 0.706731 0.037260 0.060096
0 0.068510 0.295673 0.031250 0.036058
0 0.416466 0.426082 0.025240 0.056490
0 0.533654 0.582332 0.045673 0.032452
0 0.086538 0.435697 0.038462 0.030048
0 0.179087 0.565505 0.028846 0.042067
0 0.451322 0.437500 0.037260 0.036058
0 0.107572 0.579928 0.032452 0.022837
0 0.661058 0.597957 0.038462 0.070913
0 0.522837 0.724159 0.048077 0.046875
0 0.656851 0.706130 0.027644 0.051683
0 0.143630 0.435697 0.049279 0.032452
0 0.775240 0.573918 0.038462 0.039663
0 0.035457 0.285457 0.032452 0.058894
0 0.042668 0.567909 0.037260 0.046875
0 0.316106 0.567308 0.038462 0.045673
0 0.216346 0.708534 0.021635 0.051683
0 0.043870 0.713341 0.042067 0.051683
0 0.908654 0.721154 0.028846 0.024038
0 0.737380 0.719351 0.027644 0.027644
0 0.774038 0.719351 0.033654 0.025240
0 0.814904 0.718149 0.040865 0.025240
0 0.218149 0.568510 0.020433 0.040865
0 0.346755 0.426683 0.039663 0.057692
0 0.293870 0.719351 0.030048 0.027644
0 0.852764 0.708534 0.032452 0.056490
0 0.144231 0.295673 0.033654 0.033654
0 0.045072 0.432091 0.027644 0.034856
0 0.722957 0.569111 0.030048 0.042067
0 0.249399 0.706130 0.034856 0.058894
0 0.141226 0.578125 0.030048 0.031250
0 0.368990 0.578125 0.033654 0.036058
0 0.510216 0.285457 0.046875 0.046875
0 0.968750 0.716346 0.026442 0.048077
0 0.307692 0.436298 0.028846 0.033654
0 0.189303 0.712139 0.020433 0.049279
0 0.405048 0.707933 0.045673 0.050481
0 0.381611 0.433293 0.027644 0.037260
0 0.567909 0.727764 0.022837 0.020433
0 0.324519 0.722356 0.031250 0.028846
0 0.252404 0.573918 0.021635 0.025240
0 0.277043 0.577524 0.022837 0.022837
0 0.329327 0.285457 0.024038 0.027644
0 0.073918 0.574519 0.018029 0.036058
0 0.194754 0.287662 0.030397 0.045925
0 0.688275 0.728263 0.046526 0.045469
0 0.157758 0.726190 0.030108 0.032837
0 0.258942 0.301887 0.050529 0.086803
0 0.409958 0.279591 0.045781 0.052909
0 0.628504 0.580090 0.024267 0.021430
0 0.876220 0.724471 0.028714 0.023053
0 0.939105 0.717392 0.042873 0.066322
