0 0.718149 0.571514 0.049279 0.063702
0 0.662260 0.567308 0.048077 0.055288
0 0.292668 0.582332 0.044471 0.044471
0 0.635817 0.427284 0.043269 0.061298
0 0.427885 0.582933 0.036058 0.040865
0 0.719351 0.445312 0.039663 0.039663
0 0.388221 0.572115 0.033654 0.067308
0 0.270433 0.445913 0.045673 0.055288
0 0.359976 0.430288 0.030048 0.067308
0 0.769832 0.583534 0.046875 0.046875
0 0.601562 0.579327 0.042067 0.043269
0 0.435096 0.439904 0.043269 0.043269
0 0.228365 0.573918 0.052885 0.058894
0 0.394231 0.430889 0.031250 0.068510
0 0.676683 0.429087 0.036058 0.067308
0 0.558894 0.581731 0.043269 0.045673
0 0.483774 0.445312 0.044471 0.034856
0 0.550481 0.438702 0.036058 0.040865
0 0.338341 0.574519 0.025240 0.055288
0 0.317909 0.443510 0.037260 0.040865
0 0.167668 0.426082 0.034856 0.020433
0 0.476562 0.583534 0.042067 0.032452
0 0.827524 0.582933 0.058894 0.040865
0 0.766827 0.442909 0.038462 0.030048
0 0.164062 0.580529 0.037260 0.024038
0 0.236448 0.423383 0.035469 0.061334
0 0.587308 0.441797 0.053486 0.042800
