0 0.142428 0.450721 0.054087 0.072115
0 0.719351 0.456731 0.073317 0.069712
0 0.414663 0.447115 0.031250 0.067308
0 0.220553 0.560096 0.061298 0.048077
0 0.146635 0.560697 0.043269 0.046875
0 0.286058 0.554087 0.055288 0.052885
0 0.369591 0.471755 0.046875 0.121394
0 0.456130 0.472957 0.032452 0.044471
0 0.182091 0.464543 0.020433 0.044471
0 0.490986 0.444712 0.025240 0.067308
0 0.231971 0.470553 0.064904 0.042067
0 0.551683 0.491587 0.045673 0.038462
0 0.714543 0.528846 0.056490 0.048077
0 0.859375 0.502404 0.079327 0.062500
0 0.648438 0.496995 0.044471 0.022837
0 0.696514 0.566707 0.106971 0.025240
