0 0.934495 0.560697 0.042067 0.090144
0 0.453726 0.562500 0.042067 0.100962
0 0.099159 0.517428 0.049279 0.070913
0 0.559495 0.516827 0.042067 0.076923
0 0.213341 0.515024 0.034856 0.061298
0 0.405649 0.524639 0.037260 0.034856
0 0.799279 0.522236 0.033654 0.049279
0 0.176082 0.528245 0.025240 0.034856
0 0.627404 0.526442 0.026442 0.036058
0 0.296274 0.388221 0.030048 0.040865
0 0.703125 0.513822 0.033654 0.066106
0 0.660457 0.513221 0.025240 0.062500
0 0.125000 0.387620 0.028846 0.039663
0 0.275841 0.515625 0.027644 0.062500
0 0.087139 0.385216 0.030048 0.042067
0 0.141226 0.533053 0.034856 0.034856
0 0.736779 0.512019 0.019231 0.064904
0 0.763221 0.514423 0.024038 0.060096
0 0.319111 0.521034 0.044471 0.051683
0 0.888221 0.533654 0.038462 0.036058
0 0.358774 0.527043 0.030048 0.034856
0 0.843750 0.530649 0.031250 0.030048
0 0.156250 0.387620 0.026442 0.034856
0 0.269832 0.374399 0.022837 0.061298
0 0.246995 0.512019 0.015625 0.052885
0 0.033654 0.379207 0.036058 0.025240
0 0.231971 0.390625 0.045673 0.036058
0 0.193510 0.375601 0.019231 0.058894
0 0.352163 0.399038 0.019231 0.036058
0 0.593149 0.529447 0.025240 0.034856
0 0.004207 0.375601 0.008413 0.056490
