0 0.775637 0.299892 0.015625 0.034303
0 0.284856 0.606370 0.016827 0.073317
0 0.022837 0.573317 0.021635 0.057692
0 0.465144 0.585337 0.016827 0.028846
0 0.121995 0.299279 0.013221 0.040865
0 0.737380 0.586538 0.020433 0.031250
0 0.336677 0.585571 0.019507 0.028930
0 0.169471 0.585938 0.019231 0.030048
0 0.548077 0.299279 0.019231 0.036058
0 0.233173 0.467548 0.016827 0.072115
0 0.126803 0.605769 0.020433 0.064904
0 0.426683 0.299880 0.019231 0.027644
0 0.526442 0.321514 0.019231 0.085337
0 0.850361 0.301683 0.015625 0.036058
0 0.091947 0.718149 0.022837 0.051683
0 0.099159 0.584736 0.020433 0.025240
0 0.150240 0.436298 0.019231 0.050481
0 0.688702 0.299880 0.021635 0.034856
0 0.162260 0.301082 0.016827 0.037260
0 0.356971 0.587139 0.021635 0.032452
0 0.073317 0.585337 0.019231 0.036058
0 0.474159 0.444111 0.022837 0.027644
0 0.433293 0.582332 0.018029 0.032452
0 0.552284 0.584736 0.015625 0.032452
0 0.657452 0.585938 0.026442 0.032452
0 0.573317 0.584736 0.019231 0.030048
0 0.050481 0.587139 0.021635 0.030048
0 0.470553 0.298678 0.018029 0.032452
0 0.849760 0.585337 0.016827 0.033654
0 0.450120 0.439904 0.018029 0.036058
0 0.744591 0.297476 0.018029 0.037260
0 0.183293 0.303486 0.025240 0.032452
0 0.067308 0.725361 0.021635 0.027644
0 0.532452 0.725361 0.021635 0.030048
0 0.642428 0.429087 0.022837 0.057692
0 0.449519 0.572716 0.014423 0.056490
0 0.037975 0.429375 0.020661 0.060673
0 0.733173 0.717548 0.016827 0.045673
0 0.948317 0.297476 0.012019 0.039663
0 0.343149 0.721755 0.018029 0.032452
0 0.269832 0.295072 0.022837 0.044471
0 0.854567 0.444712 0.016827 0.028846
0 0.490385 0.301082 0.019231 0.032452
0 0.559495 0.448317 0.018029 0.028846
0 0.022236 0.726562 0.025240 0.034856
0 0.150240 0.578726 0.012019 0.042067
0 0.428486 0.424880 0.022837 0.051683
0 0.243990 0.303486 0.021635 0.032452
0 0.906851 0.603365 0.018029 0.067308
0 0.632212 0.587740 0.016827 0.031250
0 0.807308 0.586965 0.019471 0.027921
0 0.303486 0.582933 0.013221 0.028846
0 0.295673 0.302885 0.014423 0.024038
0 0.196514 0.725962 0.018029 0.033654
0 0.954327 0.719351 0.014423 0.044471
0 0.712139 0.582933 0.020433 0.031250
0 0.666466 0.438702 0.020433 0.036058
0 0.977764 0.571514 0.015625 0.051683
0 0.872596 0.432091 0.019231 0.049279
0 0.044471 0.719952 0.014423 0.045673
0 0.255409 0.720553 0.010817 0.042067
0 0.868942 0.588798 0.018029 0.027644
0 0.347356 0.285457 0.031250 0.070913
0 0.796142 0.289333 0.023341 0.056430
0 0.669471 0.292668 0.012019 0.046875
0 0.246995 0.587740 0.020433 0.028846
0 0.046875 0.304688 0.021635 0.032452
0 0.331899 0.445180 0.015625 0.026442
0 0.217548 0.728365 0.021635 0.028846
0 0.612981 0.585337 0.016827 0.031250
0 0.643630 0.287260 0.032452 0.064904
0 0.447512 0.288960 0.023245 0.058690
0 0.079327 0.444712 0.016827 0.026442
0 0.291466 0.715144 0.020433 0.052885
0 0.068510 0.304688 0.019231 0.032452
0 0.402043 0.304087 0.018029 0.031250
0 0.867788 0.725962 0.031250 0.024038
0 0.787855 0.585655 0.014868 0.030108
0 0.926683 0.572716 0.016827 0.051683
0 0.191532 0.445000 0.016983 0.033365
0 0.496995 0.579327 0.013221 0.043269
0 0.552885 0.713341 0.016827 0.056490
0 0.312500 0.447716 0.019231 0.070913
0 0.239784 0.727764 0.018029 0.030048
0 0.388221 0.603966 0.012019 0.034856
0 0.420072 0.727163 0.030048 0.028846
0 0.478365 0.731370 0.024038 0.022837
0 0.751965 0.727644 0.015950 0.025000
0 0.120192 0.741587 0.012019 0.028846
0 0.265625 0.443510 0.016827 0.028846
0 0.830529 0.439904 0.028846 0.033654
0 0.923678 0.296274 0.022837 0.044471
0 0.804868 0.730745 0.037260 0.027644
0 0.013822 0.442909 0.020433 0.030048
0 0.572115 0.724159 0.016827 0.030048
0 0.713341 0.725962 0.015625 0.028846
0 0.766226 0.443510 0.018029 0.028846
0 0.362380 0.712740 0.018029 0.055288
0 0.286659 0.445312 0.018029 0.027644
0 0.171875 0.447716 0.021635 0.025240
0 0.496995 0.439303 0.015625 0.034856
0 0.727163 0.442909 0.028846 0.039663
0 0.518029 0.456130 0.016827 0.066106
0 0.869748 0.290054 0.018029 0.067512
0 0.896034 0.442909 0.015625 0.025240
0 0.370120 0.449285 0.016466 0.024315
0 0.685697 0.734375 0.027644 0.050481
0 0.093149 0.295673 0.025240 0.052885
0 0.921875 0.716947 0.021635 0.049279
0 0.661058 0.727163 0.016827 0.028846
0 0.540264 0.442909 0.018029 0.030048
0 0.141226 0.308293 0.015625 0.025240
0 0.450120 0.731971 0.018029 0.024038
0 0.373798 0.305889 0.021635 0.030048
0 0.640024 0.726562 0.018029 0.034856
0 0.516226 0.582332 0.018029 0.032452
0 0.324718 0.732752 0.024435 0.025601
0 0.945222 0.573678 0.019651 0.042188
0 0.895433 0.727764 0.024038 0.025240
0 0.616587 0.739784 0.026442 0.049279
0 0.903089 0.310685 0.017260 0.016779
0 0.535457 0.586538 0.018029 0.033654
0 0.016226 0.283053 0.030048 0.075721
0 0.267915 0.572710 0.021406 0.051310
0 0.057909 0.446046 0.018726 0.031274
0 0.211965 0.445919 0.012560 0.025613
0 0.252608 0.433606 0.009615 0.043341
0 0.303468 0.448876 0.016743 0.026599
0 0.351496 0.432867 0.021190 0.049267
0 0.622674 0.441238 0.022656 0.034976
0 0.683143 0.443702 0.018474 0.022163
0 0.749267 0.441490 0.010337 0.044327
0 0.965192 0.330583 0.026731 0.082584
0 0.883371 0.308245 0.014050 0.026058
0 0.761869 0.291749 0.007945 0.050252
0 0.567740 0.301478 0.019880 0.031562
0 0.508618 0.301827 0.021274 0.032620
0 0.318173 0.570583 0.014639 0.055950
0 0.178912 0.714597 0.021791 0.053041
0 0.274465 0.724237 0.013498 0.031430
0 0.768143 0.731671 0.014099 0.022668
0 0.937614 0.721983 0.017656 0.049519
0 0.971683 0.722320 0.021514 0.029519
0 0.887037 0.609279 0.022200 0.078245
0 0.763972 0.579063 0.032296 0.070986
0 0.961755 0.586532 0.010769 0.022632
