0 0.818510 0.482572 0.028846 0.046875
0 0.935697 0.506611 0.025240 0.034856
0 0.966346 0.493389 0.031250 0.056490
0 0.033654 0.477764 0.064904 0.066106
0 0.394832 0.475962 0.039663 0.045673
0 0.465144 0.476562 0.038462 0.049279
0 0.579928 0.500601 0.022837 0.054087
0 0.343149 0.478365 0.044471 0.048077
0 0.289062 0.475962 0.044471 0.045673
0 0.778245 0.478365 0.039663 0.048077
0 0.559315 0.510276 0.024038 0.024255
0 0.531220 0.503113 0.036671 0.020841
0 0.897416 0.503546 0.043726 0.029399
0 0.887855 0.471070 0.037728 0.033486
0 0.422494 0.505048 0.016262 0.029063
0 0.535403 0.486556 0.043401 0.010397
0 0.532638 0.467374 0.032825 0.034675
0 0.892849 0.489117 0.051803 0.009940
