0 0.212879 0.778245 0.041142 0.043606
0 0.589543 0.802284 0.030048 0.099760
0 0.209135 0.628005 0.038462 0.080529
0 0.101562 0.625000 0.022837 0.076923
0 0.338942 0.341947 0.031250 0.063702
0 0.062500 0.343149 0.021635 0.063702
0 0.445913 0.774038 0.028846 0.052885
0 0.923678 0.493990 0.032452 0.043269
0 0.180889 0.496394 0.039663 0.043269
0 0.205529 0.339543 0.021635 0.066106
0 0.416466 0.483173 0.027644 0.067308
0 0.106971 0.201322 0.026442 0.068510
0 0.937500 0.654447 0.024038 0.090144
0 0.301082 0.216947 0.027644 0.037260
0 0.318510 0.481370 0.026442 0.066106
0 0.019832 0.479567 0.027644 0.069712
0 0.177284 0.339543 0.025240 0.058894
0 0.703726 0.341346 0.027644 0.064904
0 0.263822 0.624399 0.020433 0.063702
0 0.603966 0.353966 0.027644 0.039663
0 0.290865 0.338942 0.031250 0.064904
0 0.609375 0.625000 0.012019 0.055288
0 0.828726 0.483173 0.030048 0.067308
0 0.022518 0.621394 0.028209 0.064904
0 0.805288 0.354567 0.019231 0.043269
0 0.493990 0.777644 0.026442 0.045673
0 0.894832 0.491587 0.020433 0.040865
0 0.721154 0.484375 0.031250 0.064904
0 0.092548 0.362981 0.031250 0.052885
0 0.102163 0.765625 0.021635 0.069712
0 0.667668 0.194712 0.022837 0.067308
0 0.293269 0.760216 0.024038 0.066106
0 0.497194 0.207332 0.013594 0.050481
0 0.549279 0.341947 0.031250 0.063702
0 0.628005 0.622596 0.018029 0.064904
0 0.401442 0.647236 0.024038 0.106971
0 0.218750 0.496394 0.024038 0.043269
0 0.555288 0.773438 0.028846 0.044471
0 0.665264 0.629808 0.030048 0.057692
0 0.802885 0.494591 0.021635 0.037260
0 0.509014 0.486779 0.018029 0.062500
0 0.607572 0.493990 0.022837 0.033654
0 0.016226 0.340144 0.022837 0.067308
0 0.230168 0.350361 0.022837 0.042067
0 0.485577 0.484976 0.024038 0.061298
0 0.867788 0.487981 0.024038 0.048077
0 0.488582 0.340144 0.027644 0.055288
0 0.578125 0.352163 0.021635 0.043269
0 0.736779 0.355168 0.028846 0.037260
0 0.125601 0.783654 0.020433 0.040865
0 0.525240 0.632212 0.024038 0.045673
0 0.765024 0.334736 0.020433 0.066106
0 0.667067 0.483173 0.024038 0.064904
0 0.469351 0.638221 0.022837 0.033654
0 0.071298 0.640481 0.025409 0.036947
0 0.069712 0.772236 0.028846 0.073317
0 0.522236 0.213942 0.030048 0.038462
0 0.099159 0.490385 0.013221 0.050481
0 0.332332 0.639423 0.022837 0.038462
0 0.781250 0.490385 0.016827 0.038462
0 0.731370 0.639423 0.037260 0.040865
0 0.678486 0.349159 0.018029 0.032452
0 0.497596 0.624399 0.024038 0.058894
0 0.132212 0.623798 0.019231 0.069712
0 0.252404 0.762620 0.021635 0.075721
0 0.378005 0.355168 0.025240 0.046875
0 0.733173 0.777043 0.024038 0.042067
0 0.969351 0.207933 0.022837 0.045673
0 0.801082 0.200721 0.030048 0.055288
0 0.439303 0.341947 0.025240 0.061298
0 0.533053 0.497596 0.022837 0.036058
0 0.789062 0.621995 0.030048 0.066106
0 0.195913 0.196514 0.024038 0.066106
0 0.928167 0.194225 0.031815 0.061526
0 0.315505 0.778245 0.018029 0.034856
0 0.469681 0.213942 0.042728 0.043269
0 0.043269 0.492188 0.019231 0.046875
0 0.827524 0.358173 0.025240 0.043269
0 0.265625 0.209135 0.043269 0.043269
0 0.751803 0.496394 0.022837 0.040865
0 0.812500 0.626803 0.012019 0.049279
0 0.370192 0.497596 0.026442 0.033654
0 0.371995 0.209135 0.025240 0.045673
0 0.848558 0.624399 0.021635 0.066106
0 0.038462 0.358173 0.019231 0.033654
0 0.685096 0.763822 0.021635 0.058894
0 0.636418 0.481971 0.027644 0.067308
0 0.619591 0.216346 0.018029 0.038462
0 0.874399 0.617788 0.020433 0.064904
0 0.246394 0.494591 0.031250 0.042067
0 0.461538 0.496394 0.016827 0.033654
0 0.578726 0.632212 0.037260 0.045673
0 0.694712 0.632212 0.024038 0.038462
0 0.659856 0.765024 0.024038 0.056490
0 0.709135 0.776442 0.019231 0.038462
0 0.579928 0.495192 0.022837 0.033654
0 0.856370 0.202524 0.020433 0.046875
0 0.042067 0.778245 0.021635 0.037260
0 0.471154 0.772837 0.014423 0.045673
0 0.625000 0.772236 0.019231 0.022837
0 0.149639 0.355168 0.022837 0.034856
0 0.876803 0.206731 0.020433 0.050481
0 0.136418 0.496995 0.042067 0.042067
0 0.081731 0.483173 0.016827 0.069712
0 0.596755 0.215144 0.022837 0.043269
0 0.047476 0.212139 0.025240 0.037260
0 0.784856 0.338942 0.016827 0.064904
0 0.831130 0.207933 0.022837 0.036058
0 0.409255 0.340745 0.022837 0.058894
0 0.442909 0.490385 0.013221 0.048077
0 0.126202 0.358774 0.024038 0.034856
0 0.285457 0.637019 0.018029 0.043269
0 0.569111 0.210337 0.025240 0.043269
0 0.328125 0.215144 0.019231 0.031250
0 0.333534 0.774038 0.013221 0.048077
0 0.735577 0.214543 0.024038 0.042067
0 0.826923 0.774639 0.028846 0.034856
0 0.692909 0.197115 0.015625 0.057692
0 0.760817 0.225962 0.019231 0.043269
0 0.077524 0.213942 0.025240 0.038462
0 0.919087 0.632644 0.025361 0.035361
0 0.558293 0.483173 0.018029 0.060096
0 0.344952 0.489183 0.019231 0.048077
0 0.151442 0.783654 0.026442 0.043269
0 0.356971 0.632212 0.019231 0.043269
0 0.354519 0.780048 0.028846 0.092548
0 0.395433 0.766827 0.024038 0.064904
0 0.879808 0.764423 0.031250 0.060096
0 0.959736 0.629808 0.015625 0.033654
0 0.425481 0.635216 0.019231 0.042067
0 0.154135 0.201112 0.024303 0.062055
0 0.799279 0.766827 0.016827 0.048077
0 0.347957 0.204928 0.020433 0.056490
0 0.445312 0.635216 0.015625 0.030048
0 0.828726 0.631010 0.018029 0.038462
0 0.906250 0.771034 0.019231 0.085337
0 0.016827 0.192909 0.028846 0.068510
0 0.174880 0.210793 0.018029 0.046587
0 0.763221 0.759615 0.028846 0.072115
0 0.405048 0.214543 0.038462 0.051683
0 0.899038 0.198317 0.014423 0.050481
0 0.307091 0.632212 0.015625 0.045673
0 0.270433 0.508413 0.014423 0.019231
0 0.902043 0.350361 0.018029 0.025240
0 0.975962 0.634014 0.016827 0.025240
0 0.661779 0.332037 0.025192 0.062127
0 0.313047 0.375421 0.012873 0.035817
0 0.061430 0.496334 0.019038 0.047019
0 0.047194 0.636959 0.026911 0.042981
0 0.022975 0.772837 0.025108 0.044399
0 0.217722 0.737686 0.054171 0.043858
0 0.369141 0.788684 0.023522 0.095661
0 0.895535 0.636130 0.022103 0.030192
0 0.715276 0.215349 0.027788 0.038558
0 0.955036 0.196160 0.012091 0.056502
0 0.129760 0.215385 0.019279 0.037404
