0 0.015625 0.506010 0.019231 0.081731
0 0.099159 0.486779 0.027644 0.033654
0 0.935655 0.511701 0.023906 0.090132
0 0.549880 0.486779 0.022837 0.031250
0 0.408654 0.489183 0.019231 0.031250
0 0.054087 0.509014 0.014423 0.078125
0 0.774038 0.489183 0.021635 0.031250
0 0.279447 0.484976 0.020433 0.037260
0 0.304087 0.491587 0.026442 0.033654
0 0.824519 0.474159 0.019231 0.051683
0 0.073317 0.486779 0.016827 0.031250
0 0.581731 0.471154 0.031250 0.052885
0 0.518630 0.494591 0.027644 0.094952
0 0.253606 0.475962 0.026442 0.050481
0 0.955529 0.484976 0.019231 0.034856
0 0.164062 0.475361 0.022837 0.051683
0 0.804087 0.491587 0.019231 0.028846
0 0.746394 0.488582 0.026442 0.034856
0 0.609976 0.484375 0.020433 0.036058
0 0.197115 0.486779 0.026442 0.033654
0 0.035457 0.485577 0.015625 0.036058
0 0.905649 0.481370 0.018029 0.027644
0 0.977764 0.491587 0.022837 0.040865
0 0.721755 0.484976 0.020433 0.027644
0 0.636418 0.488582 0.030048 0.030048
0 0.135216 0.483173 0.022837 0.048077
0 0.385817 0.488582 0.021635 0.032452
0 0.438702 0.489183 0.028846 0.031250
0 0.868389 0.478365 0.018029 0.048077
0 0.886418 0.481370 0.015625 0.027644
0 0.849159 0.481370 0.015625 0.037260
0 0.690505 0.482572 0.018029 0.027644
0 0.709712 0.480835 0.018101 0.032151
0 0.924766 0.476214 0.014892 0.042308
