0 0.126803 0.478966 0.046875 0.068510
0 0.224159 0.484375 0.044471 0.060096
0 0.045072 0.478966 0.049279 0.058894
0 0.509615 0.486779 0.028846 0.052885
0 0.878005 0.490385 0.030048 0.057692
0 0.587139 0.485577 0.022837 0.050481
0 0.790264 0.495192 0.025240 0.031250
0 0.436899 0.520433 0.027644 0.079327
0 0.737981 0.477764 0.028846 0.054087
0 0.909856 0.492188 0.014423 0.042067
0 0.374399 0.493990 0.025240 0.028846
0 0.412861 0.492788 0.020433 0.024038
0 0.765625 0.492188 0.024038 0.034856
0 0.478365 0.495793 0.026442 0.032452
0 0.347356 0.481971 0.024038 0.052885
0 0.618389 0.496995 0.027644 0.025240
0 0.272837 0.496995 0.033654 0.030048
0 0.972356 0.500601 0.031250 0.037260
0 0.554087 0.496995 0.026442 0.027644
0 0.327530 0.493389 0.015613 0.030048
0 0.185096 0.497596 0.031250 0.026442
0 0.823317 0.486779 0.021635 0.045673
0 0.933894 0.499399 0.028846 0.030048
0 0.688101 0.505409 0.020433 0.030048
0 0.305240 0.497434 0.029856 0.025877
0 0.155427 0.495956 0.024291 0.030613
0 0.846749 0.496082 0.028113 0.028822
