0 0.478966 0.534856 0.042067 0.096154
0 0.816707 0.522837 0.049279 0.120192
0 0.263221 0.629808 0.045673 0.069712
0 0.182091 0.623197 0.042067 0.075721
0 0.189303 0.491587 0.042067 0.072115
0 0.603365 0.539062 0.055288 0.126202
0 0.138822 0.623197 0.044471 0.078125
0 0.438702 0.639423 0.031250 0.050481
0 0.337139 0.631611 0.037260 0.075721
0 0.628606 0.361779 0.031250 0.052885
0 0.470553 0.353966 0.046875 0.061298
0 0.322115 0.361779 0.028846 0.040865
0 0.948317 0.488582 0.038462 0.070913
0 0.301683 0.629808 0.031250 0.072115
0 0.912861 0.487981 0.032452 0.072115
0 0.233774 0.488582 0.025240 0.061298
0 0.051683 0.349760 0.028846 0.064904
0 0.398954 0.625962 0.034856 0.064904
0 0.083534 0.361779 0.027644 0.040865
0 0.740385 0.508413 0.036058 0.045673
0 0.107572 0.504808 0.027644 0.033654
0 0.242188 0.358774 0.030048 0.037260
0 0.141827 0.500601 0.028846 0.042067
0 0.301683 0.508413 0.031250 0.033654
0 0.593149 0.343149 0.030048 0.070913
0 0.510817 0.362380 0.033654 0.044471
0 0.357572 0.365986 0.034856 0.032452
0 0.054087 0.492188 0.033654 0.049279
0 0.271635 0.350361 0.021635 0.056490
0 0.662861 0.365986 0.034856 0.051683
0 0.086538 0.494591 0.014423 0.049279
0 0.862380 0.500601 0.037260 0.054087
0 0.547476 0.351562 0.030048 0.066106
0 0.430889 0.510817 0.037260 0.036058
0 0.050889 0.627524 0.037524 0.062548
0 0.294471 0.349159 0.021635 0.061298
0 0.558894 0.505409 0.031250 0.034856
0 0.130409 0.354567 0.015625 0.055288
0 0.700120 0.496995 0.037260 0.049279
0 0.522837 0.501202 0.028846 0.036058
0 0.266226 0.503606 0.030048 0.048077
0 0.388822 0.501803 0.046875 0.051683
0 0.108774 0.362981 0.022837 0.038462
0 0.153245 0.362380 0.027644 0.030048
0 0.364201 0.639050 0.028329 0.039159
0 0.090968 0.624261 0.043690 0.071526
