0 0.300481 0.649639 0.045673 0.094952
0 0.678678 0.304056 0.062500 0.110517
0 0.245793 0.610577 0.061298 0.072115
0 0.518029 0.249399 0.050481 0.080529
0 0.179688 0.242188 0.051683 0.080529
0 0.266418 0.287668 0.068510 0.147837
0 0.323317 0.256010 0.033654 0.064904
0 0.370192 0.264423 0.050481 0.050481
0 0.245192 0.749399 0.064904 0.063702
0 0.457933 0.605769 0.048077 0.062500
0 0.746394 0.611779 0.045673 0.055288
0 0.739183 0.271034 0.043269 0.054087
0 0.450120 0.745192 0.046875 0.060096
0 0.763221 0.759014 0.045673 0.056490
0 0.793269 0.620793 0.036058 0.039663
0 0.591346 0.756010 0.036058 0.055288
0 0.641827 0.623798 0.045673 0.038462
0 0.527644 0.757212 0.038462 0.038462
0 0.388822 0.468149 0.039663 0.037260
0 0.794471 0.265625 0.057692 0.040865
0 0.743389 0.468750 0.037260 0.060096
0 0.418870 0.259615 0.025240 0.067308
0 0.813101 0.764423 0.032452 0.043269
0 0.602163 0.608774 0.031250 0.054087
0 0.316707 0.475962 0.051683 0.055288
0 0.308894 0.762620 0.055288 0.051683
0 0.246394 0.465144 0.069712 0.067308
0 0.722356 0.760216 0.031250 0.034856
0 0.524639 0.471755 0.037260 0.037260
0 0.680288 0.475962 0.040865 0.033654
0 0.373197 0.617788 0.039663 0.031250
0 0.578125 0.265024 0.055288 0.042067
0 0.474760 0.468750 0.040865 0.052885
0 0.626202 0.770433 0.031250 0.033654
0 0.704327 0.611178 0.028846 0.020433
0 0.784856 0.476562 0.033654 0.042067
0 0.459135 0.266827 0.033654 0.043269
0 0.605769 0.478966 0.055288 0.037260
0 0.378005 0.746995 0.037260 0.032452
0 0.563702 0.615385 0.031250 0.016827
0 0.436899 0.472356 0.032452 0.021635
0 0.633924 0.267572 0.045084 0.042620
