0 0.865385 0.453726 0.048077 0.087740
0 0.346755 0.412861 0.056490 0.058894
0 0.364183 0.551082 0.052885 0.068510
0 0.416466 0.563101 0.039663 0.046875
0 0.644231 0.557091 0.043269 0.070913
0 0.697115 0.555889 0.040865 0.066106
0 0.129207 0.408654 0.051683 0.067308
0 0.522837 0.557091 0.045673 0.058894
0 0.724159 0.426683 0.032452 0.031250
0 0.447115 0.426082 0.033654 0.039663
0 0.795673 0.564303 0.043269 0.037260
0 0.567909 0.564303 0.039663 0.037260
0 0.525841 0.408053 0.037260 0.056490
0 0.667067 0.417668 0.033654 0.051683
0 0.578125 0.417668 0.050481 0.087740
0 0.463341 0.567909 0.042067 0.034856
0 0.143029 0.549880 0.064904 0.070913
0 0.848558 0.588942 0.060096 0.091346
0 0.399639 0.424880 0.037260 0.037260
0 0.606370 0.565505 0.027644 0.034856
0 0.483173 0.424880 0.026442 0.034856
0 0.626202 0.412260 0.040865 0.055288
0 0.765625 0.429087 0.040865 0.040865
0 0.745793 0.565505 0.034856 0.034856
0 0.827242 0.421647 0.045565 0.037187
0 0.191310 0.574856 0.032308 0.017692
0 0.162849 0.434663 0.020769 0.014231
