0 0.155048 0.400240 0.031250 0.067308
0 0.822716 0.697716 0.034856 0.032452
0 0.081130 0.412260 0.020433 0.038462
0 0.789062 0.698317 0.022837 0.033654
0 0.665276 0.699339 0.022837 0.039663
0 0.335337 0.683293 0.031250 0.063702
0 0.718750 0.414062 0.031250 0.042067
0 0.097957 0.698918 0.020433 0.037260
0 0.956130 0.686899 0.025240 0.056490
0 0.683293 0.417067 0.022837 0.038462
0 0.352764 0.550481 0.022837 0.040865
0 0.297476 0.273438 0.018029 0.034856
0 0.078125 0.686298 0.019231 0.057692
0 0.483173 0.701923 0.024038 0.084135
0 0.971755 0.413462 0.030048 0.036058
0 0.558894 0.258413 0.021635 0.060096
0 0.234375 0.299279 0.024038 0.091346
0 0.739964 0.720156 0.025240 0.076923
0 0.828125 0.399639 0.021635 0.054087
0 0.434495 0.689904 0.027644 0.057692
0 0.876202 0.413462 0.024038 0.031250
0 0.723558 0.553486 0.021635 0.039663
0 0.549279 0.548077 0.014423 0.043269
0 0.102764 0.401442 0.020433 0.062500
0 0.572716 0.400841 0.027644 0.058894
0 0.701322 0.544471 0.018029 0.067308
0 0.370192 0.416466 0.024038 0.034856
0 0.157452 0.548678 0.024038 0.046875
0 0.469477 0.301556 0.022584 0.088714
0 0.255409 0.398438 0.032452 0.068510
0 0.320913 0.259014 0.024038 0.056490
0 0.861779 0.553486 0.028846 0.039663
0 0.852163 0.411659 0.019231 0.030048
0 0.176082 0.274639 0.022837 0.030048
0 0.203125 0.275240 0.021635 0.036058
0 0.206731 0.414062 0.024038 0.030048
0 0.314904 0.401442 0.024038 0.060096
0 0.462740 0.415865 0.028846 0.043269
0 0.797476 0.411659 0.030048 0.034856
0 0.694712 0.688702 0.024038 0.052885
0 0.598558 0.554688 0.031250 0.039663
0 0.101562 0.554688 0.025240 0.042067
0 0.658053 0.544471 0.020433 0.060096
0 0.742188 0.542668 0.013221 0.054087
0 0.511022 0.687296 0.024038 0.060096
0 0.218750 0.552885 0.024038 0.038462
0 0.283654 0.414062 0.024038 0.044471
0 0.568510 0.558293 0.024038 0.039663
0 0.490986 0.414062 0.022837 0.039663
0 0.131611 0.548678 0.020433 0.044471
0 0.765024 0.689904 0.018029 0.052885
0 0.234976 0.701923 0.027644 0.043269
0 0.821514 0.543269 0.018029 0.062500
0 0.089543 0.263822 0.020433 0.049279
0 0.277043 0.271635 0.018029 0.033654
0 0.055889 0.399038 0.020433 0.060096
0 0.514423 0.414663 0.019231 0.040865
0 0.593750 0.682091 0.021635 0.058894
0 0.887019 0.689303 0.031250 0.051683
0 0.943510 0.415865 0.021635 0.033654
0 0.584135 0.265024 0.014423 0.034856
0 0.019940 0.258654 0.026442 0.062500
0 0.507812 0.540865 0.020433 0.057692
0 0.064904 0.271635 0.019231 0.033654
0 0.679688 0.552885 0.020433 0.045673
0 0.913462 0.694111 0.021635 0.042067
0 0.466947 0.550481 0.018029 0.038462
0 0.753606 0.413462 0.021635 0.036058
0 0.497596 0.264423 0.021635 0.055288
0 0.905048 0.401442 0.024038 0.057692
0 0.458534 0.699519 0.020433 0.036058
0 0.793870 0.578125 0.025240 0.091346
0 0.762620 0.540865 0.020433 0.062500
0 0.617188 0.689904 0.020433 0.043269
0 0.528846 0.540264 0.019231 0.061298
0 0.169471 0.698918 0.019231 0.042067
0 0.346755 0.414062 0.018029 0.037260
0 0.112981 0.259615 0.014423 0.057692
0 0.426683 0.260817 0.026442 0.055288
0 0.379207 0.554688 0.020433 0.034856
0 0.441707 0.539663 0.027644 0.060096
0 0.657452 0.405048 0.024038 0.057692
0 0.641659 0.695463 0.022837 0.039555
0 0.325721 0.539663 0.031250 0.067308
0 0.152043 0.274639 0.018029 0.030048
0 0.056490 0.544471 0.024038 0.048077
0 0.246394 0.555889 0.024038 0.034856
0 0.257812 0.270433 0.020433 0.031250
0 0.381611 0.696514 0.018029 0.030048
0 0.519832 0.271034 0.020433 0.030048
0 0.119850 0.704381 0.028137 0.109964
0 0.378125 0.263456 0.011875 0.048065
0 0.395433 0.402644 0.024038 0.064904
0 0.935697 0.689904 0.015625 0.048077
0 0.266827 0.697115 0.024038 0.033654
0 0.924880 0.412260 0.015625 0.040865
0 0.132212 0.265625 0.014423 0.045673
0 0.080529 0.540264 0.012019 0.056490
0 0.614784 0.414062 0.020433 0.027644
0 0.150240 0.700721 0.016827 0.050481
0 0.356791 0.269609 0.030889 0.039219
0 0.396112 0.269832 0.025084 0.027644
0 0.594952 0.413462 0.016827 0.031250
0 0.722314 0.690541 0.011839 0.041899
0 0.055889 0.685697 0.020433 0.056490
0 0.042806 0.273329 0.023401 0.031274
0 0.453137 0.268894 0.011082 0.046058
0 0.541316 0.262494 0.011094 0.048522
0 0.774976 0.413960 0.022452 0.034627
0 0.333125 0.406274 0.010601 0.045649
0 0.181875 0.415529 0.023365 0.036130
0 0.483624 0.553287 0.023714 0.039459
0 0.838492 0.553582 0.021190 0.041995
0 0.777398 0.545751 0.015084 0.048498
0 0.527758 0.706310 0.019267 0.028389
0 0.358438 0.696370 0.020481 0.037308
0 0.133756 0.703768 0.026550 0.104267
