0 0.579327 0.494591 0.036058 0.063702
0 0.796875 0.506010 0.031250 0.031250
0 0.066106 0.509615 0.024038 0.038462
0 0.471154 0.510817 0.021635 0.036058
0 0.239784 0.506611 0.018029 0.030048
0 0.713942 0.495793 0.026442 0.058894
0 0.490986 0.504808 0.013221 0.048077
0 0.511418 0.500601 0.025240 0.063702
0 0.126202 0.509014 0.021635 0.034856
0 0.216346 0.495192 0.021635 0.052885
0 0.975962 0.513822 0.031250 0.025240
0 0.765024 0.510817 0.020433 0.028846
0 0.396034 0.511418 0.025240 0.027644
0 0.373798 0.504808 0.019231 0.038462
0 0.929087 0.514423 0.019231 0.024038
0 0.899038 0.498197 0.024038 0.058894
0 0.861779 0.508413 0.038462 0.031250
0 0.341358 0.509255 0.016851 0.028125
0 0.036659 0.500601 0.030048 0.075721
0 0.445312 0.501803 0.018029 0.046875
0 0.090144 0.501202 0.019231 0.057692
0 0.279519 0.524363 0.025913 0.049712
0 0.828125 0.505409 0.016827 0.030048
0 0.320913 0.501154 0.021635 0.050577
0 0.745192 0.497596 0.016827 0.052885
0 0.612981 0.496995 0.019231 0.032452
0 0.300222 0.495108 0.019748 0.055120
0 0.634615 0.507212 0.016827 0.026442
0 0.107674 0.502470 0.016262 0.052873
0 0.261448 0.512404 0.016743 0.031034
0 0.357175 0.515607 0.012813 0.028570
0 0.423101 0.514129 0.029063 0.025613
0 0.949537 0.515781 0.018618 0.024567
