0 0.169471 0.580529 0.036058 0.081731
0 0.358774 0.544471 0.034856 0.050481
0 0.253606 0.484375 0.043269 0.038462
0 0.202524 0.546274 0.025240 0.051683
0 0.205529 0.483774 0.031250 0.030048
0 0.459135 0.506010 0.033654 0.100962
0 0.760216 0.466947 0.032452 0.054087
0 0.850361 0.471755 0.042067 0.054087
0 0.301683 0.552284 0.026442 0.030048
0 0.270433 0.543870 0.028846 0.044471
0 0.817308 0.475361 0.016827 0.049279
0 0.301683 0.483774 0.031250 0.027644
0 0.131611 0.545072 0.027644 0.061298
0 0.794471 0.482572 0.026442 0.027644
0 0.327524 0.546274 0.018029 0.042067
0 0.500601 0.484375 0.022837 0.026442
0 0.534856 0.482572 0.028846 0.025240
0 0.381010 0.411659 0.016827 0.042067
0 0.234375 0.554688 0.033654 0.025240
0 0.609976 0.483173 0.030048 0.028846
0 0.642428 0.481370 0.027644 0.030048
0 0.137620 0.471154 0.042067 0.057692
0 0.670673 0.501202 0.028846 0.072115
0 0.705529 0.471154 0.021635 0.052885
0 0.174880 0.483774 0.018029 0.027644
0 0.575120 0.484375 0.034856 0.024038
0 0.115986 0.408053 0.015625 0.039663
0 0.726382 0.481617 0.031034 0.034724
