0 0.915937 0.488131 0.044014 0.099507
0 0.866767 0.468149 0.042644 0.121394
0 0.085337 0.453726 0.031250 0.092548
0 0.361779 0.580529 0.036058 0.076923
0 0.035024 0.427308 0.037260 0.068510
0 0.472957 0.587139 0.034856 0.063702
0 0.975361 0.450120 0.025240 0.034856
0 0.544471 0.584736 0.026442 0.063702
0 0.789663 0.449519 0.031250 0.040865
0 0.120793 0.436899 0.025240 0.070913
0 0.428486 0.600962 0.030048 0.033654
0 0.127404 0.573317 0.033654 0.060096
0 0.513822 0.437500 0.025240 0.057692
0 0.579327 0.581130 0.024038 0.063702
0 0.334135 0.450721 0.026442 0.040865
0 0.746995 0.436899 0.030048 0.058894
0 0.367788 0.445312 0.033654 0.061298
0 0.515024 0.599159 0.022837 0.030048
0 0.167668 0.572716 0.022837 0.056490
0 0.452524 0.453125 0.022837 0.033654
0 0.036058 0.579327 0.045673 0.072115
0 0.195913 0.590144 0.026442 0.031250
0 0.650841 0.451923 0.020433 0.036058
0 0.070913 0.590745 0.021635 0.034856
0 0.227163 0.587139 0.024038 0.032452
0 0.256611 0.586538 0.025240 0.038462
0 0.391827 0.596755 0.024038 0.037260
0 0.396034 0.439904 0.022837 0.060096
0 0.183894 0.451322 0.024038 0.034856
0 0.707933 0.451322 0.031250 0.039663
0 0.644832 0.591947 0.030048 0.037260
0 0.950721 0.443510 0.021635 0.052885
0 0.677885 0.444712 0.019231 0.055288
0 0.477764 0.451923 0.018029 0.033654
0 0.559495 0.468750 0.034856 0.060096
0 0.093149 0.593750 0.020433 0.036058
0 0.152644 0.453125 0.021635 0.033654
0 0.615986 0.596755 0.027644 0.032452
0 0.285457 0.443510 0.022837 0.062500
0 0.421274 0.453125 0.015625 0.028846
0 0.066022 0.448233 0.021178 0.033750
0 0.315150 0.439994 0.027608 0.066791
0 0.541106 0.456605 0.025000 0.035084
0 0.894183 0.456905 0.024880 0.031478
