0 0.600361 0.513822 0.030048 0.039663
0 0.225685 0.503978 0.038462 0.060096
0 0.643630 0.502404 0.032452 0.057692
0 0.707332 0.506010 0.018029 0.048077
0 0.680889 0.510216 0.027644 0.027644
0 0.332933 0.507212 0.031250 0.048077
0 0.444111 0.536659 0.030048 0.075721
0 0.412260 0.511418 0.026442 0.032452
0 0.754808 0.512019 0.026442 0.028846
0 0.788462 0.495793 0.040865 0.056490
0 0.371394 0.501202 0.028846 0.055288
0 0.257212 0.515024 0.031250 0.027644
0 0.557091 0.513822 0.049279 0.034856
0 0.495793 0.515625 0.058894 0.036058
0 0.293269 0.512620 0.036058 0.034856
0 0.730625 0.515325 0.021635 0.034856
