0 0.838942 0.482572 0.038462 0.085337
0 0.602764 0.506010 0.030048 0.048077
0 0.876202 0.503606 0.036058 0.052885
0 0.742788 0.487380 0.036058 0.082933
0 0.450120 0.506611 0.044471 0.044471
0 0.567308 0.492788 0.036058 0.064904
0 0.635216 0.489183 0.030048 0.064904
0 0.926082 0.501803 0.046875 0.051683
0 0.143630 0.505409 0.027644 0.054087
0 0.666466 0.489183 0.025240 0.076923
0 0.282452 0.503005 0.052885 0.039663
0 0.506010 0.495192 0.021635 0.052885
0 0.330529 0.497596 0.016827 0.052885
0 0.800481 0.493990 0.031250 0.026442
0 0.074519 0.493990 0.031250 0.064904
0 0.530649 0.503005 0.022837 0.034856
0 0.233173 0.501202 0.028846 0.043269
0 0.176082 0.501202 0.032452 0.040865
0 0.112380 0.505409 0.027644 0.046875
0 0.689904 0.488582 0.019231 0.066106
0 0.369688 0.502314 0.051611 0.035276
0 0.400421 0.506647 0.031034 0.050240
0 0.712109 0.489038 0.023882 0.061827
