0 0.058293 0.484976 0.073317 0.075721
0 0.791466 0.504207 0.044471 0.034856
0 0.847957 0.504808 0.042067 0.036058
0 0.156250 0.489784 0.033654 0.073317
0 0.896034 0.506010 0.030048 0.033654
0 0.251202 0.484375 0.033654 0.064904
0 0.290264 0.506611 0.030048 0.044471
0 0.203125 0.489183 0.026442 0.067308
0 0.957933 0.524038 0.040865 0.081731
0 0.596755 0.505409 0.027644 0.039663
0 0.378606 0.512620 0.033654 0.046875
0 0.414663 0.502404 0.019231 0.031250
0 0.565505 0.503005 0.025240 0.034856
0 0.746995 0.497596 0.027644 0.043269
0 0.700120 0.492188 0.044471 0.051683
0 0.447716 0.490385 0.025240 0.055288
0 0.500601 0.493990 0.025240 0.055288
0 0.122596 0.496995 0.021635 0.039663
0 0.328125 0.506611 0.036058 0.034856
0 0.534255 0.501202 0.013221 0.040865
0 0.465240 0.499135 0.011082 0.036947
0 0.091238 0.503450 0.016755 0.040144
0 0.925565 0.501905 0.032091 0.033834
