0 0.951196 0.505156 0.057392 0.051923
0 0.397236 0.519231 0.034856 0.079327
0 0.428486 0.492188 0.015625 0.044471
0 0.334736 0.490986 0.022837 0.032452
0 0.878606 0.496394 0.028846 0.038462
0 0.361178 0.492188 0.025240 0.030048
0 0.525841 0.495793 0.034856 0.034856
0 0.206130 0.502404 0.032452 0.038462
0 0.456130 0.501803 0.025240 0.034856
0 0.300481 0.497596 0.031250 0.036058
0 0.485577 0.496394 0.026442 0.033654
0 0.271034 0.496995 0.025240 0.037260
0 0.035457 0.486178 0.022837 0.063702
0 0.772464 0.491022 0.052091 0.054159
0 0.061298 0.484976 0.024038 0.068510
0 0.159255 0.490385 0.025240 0.069712
0 0.703726 0.489784 0.018029 0.046875
0 0.111779 0.484976 0.021635 0.058894
0 0.135817 0.499399 0.021635 0.039663
0 0.732572 0.500601 0.020433 0.022837
0 0.611779 0.495793 0.024038 0.042067
0 0.085938 0.501202 0.022837 0.028846
0 0.562500 0.496394 0.033654 0.036058
0 0.179321 0.495751 0.024387 0.036575
0 0.591989 0.498155 0.026599 0.038425
0 0.679369 0.498341 0.025493 0.041010
0 0.916076 0.493804 0.027608 0.030349
