0 0.858173 0.496394 0.031250 0.069712
0 0.070913 0.496995 0.033654 0.078125
0 0.034255 0.494591 0.037260 0.073317
0 0.310096 0.512620 0.031250 0.042067
0 0.372596 0.514423 0.026442 0.045673
0 0.942308 0.504207 0.036058 0.063702
0 0.681490 0.503005 0.028846 0.070913
0 0.408053 0.511418 0.039663 0.044471
0 0.106971 0.510216 0.026442 0.046875
0 0.262019 0.503606 0.024038 0.062500
0 0.506611 0.508413 0.022837 0.040865
0 0.727764 0.469351 0.018029 0.034856
0 0.477764 0.504808 0.022837 0.074519
0 0.342548 0.513822 0.024038 0.039663
0 0.975361 0.527644 0.027644 0.048077
0 0.169471 0.516827 0.031250 0.048077
0 0.138822 0.509615 0.022837 0.040865
0 0.708534 0.524639 0.020433 0.046875
0 0.602163 0.506611 0.021635 0.030048
0 0.795673 0.502404 0.038462 0.038462
0 0.284255 0.508413 0.015625 0.057692
0 0.202524 0.501202 0.022837 0.064904
0 0.226562 0.513822 0.025240 0.034856
0 0.559495 0.484375 0.018029 0.028846
0 0.534255 0.481370 0.020433 0.042067
0 0.746394 0.471755 0.016827 0.027644
0 0.652043 0.496394 0.030048 0.067308
0 0.878233 0.513606 0.025865 0.037187
0 0.914934 0.500186 0.036214 0.080300
