0 0.450120 0.453125 0.039663 0.064904
0 0.492188 0.676683 0.030048 0.033654
0 0.397236 0.660457 0.042067 0.066106
0 0.737981 0.676683 0.045673 0.043269
0 0.572716 0.305288 0.051683 0.072115
0 0.623197 0.665865 0.034856 0.060096
0 0.402644 0.557692 0.031250 0.105769
0 0.885817 0.451923 0.026442 0.062500
0 0.078125 0.318510 0.033654 0.050481
0 0.505409 0.317308 0.022837 0.040865
0 0.527043 0.462740 0.030048 0.052885
0 0.662861 0.465144 0.027644 0.036058
0 0.796875 0.526442 0.024038 0.055288
0 0.804688 0.466839 0.022837 0.034639
0 0.589543 0.466346 0.027644 0.036058
0 0.550481 0.528846 0.021635 0.057692
0 0.416466 0.463942 0.027644 0.040865
0 0.774038 0.466947 0.028846 0.032452
0 0.797476 0.674880 0.046875 0.042067
0 0.952770 0.467951 0.041575 0.041671
0 0.390625 0.304688 0.024038 0.061298
0 0.688702 0.533654 0.021635 0.038462
0 0.573317 0.560096 0.024038 0.098558
0 0.046875 0.319111 0.026442 0.051683
0 0.917067 0.468750 0.028846 0.033654
0 0.488582 0.468750 0.025240 0.036058
0 0.715745 0.305889 0.025240 0.058894
0 0.527043 0.677284 0.025240 0.032452
0 0.737380 0.530649 0.020433 0.037260
0 0.799880 0.317909 0.022837 0.039663
0 0.179087 0.310697 0.016827 0.056490
0 0.906250 0.532452 0.028846 0.040865
0 0.458534 0.664663 0.032452 0.055288
0 0.600962 0.534255 0.021635 0.037260
0 0.144832 0.321514 0.044471 0.042067
0 0.936082 0.523438 0.027644 0.061298
0 0.764207 0.533269 0.027644 0.031250
0 0.829327 0.451322 0.024038 0.058894
0 0.855769 0.534255 0.031250 0.034856
0 0.550481 0.662861 0.019231 0.058894
0 0.777458 0.323215 0.029820 0.115757
0 0.367788 0.321514 0.019231 0.037260
0 0.200721 0.308894 0.024038 0.072115
0 0.688702 0.676082 0.031250 0.037260
0 0.560096 0.460337 0.028846 0.038462
0 0.858173 0.462740 0.024038 0.038462
0 0.625601 0.536058 0.027644 0.036058
0 0.742788 0.316707 0.024038 0.037260
0 0.352548 0.524038 0.036058 0.048077
0 0.286058 0.304688 0.031250 0.061298
0 0.662260 0.663462 0.021635 0.048077
0 0.712740 0.521635 0.024038 0.064904
0 0.457933 0.321514 0.021635 0.032452
0 0.637620 0.462139 0.022837 0.044471
0 0.320312 0.308293 0.025240 0.063702
0 0.668269 0.322115 0.024038 0.036058
0 0.629207 0.312500 0.027644 0.062500
0 0.593750 0.675481 0.019231 0.036058
0 0.388221 0.462139 0.024038 0.037260
0 0.825120 0.530649 0.022837 0.042067
0 0.573317 0.674880 0.016827 0.034856
0 0.493389 0.539663 0.027644 0.031250
0 0.614784 0.456130 0.020433 0.056490
0 0.463341 0.537260 0.022837 0.026442
0 0.824519 0.319712 0.026442 0.040865
0 0.420673 0.308293 0.021635 0.056490
0 0.732458 0.468720 0.057512 0.043209
0 0.436899 0.536659 0.020433 0.027644
0 0.525625 0.538462 0.024038 0.033654
0 0.481370 0.305889 0.025240 0.061298
0 0.347356 0.323317 0.021635 0.031250
0 0.359375 0.453726 0.031250 0.087740
0 0.028618 0.307662 0.025361 0.063546
0 0.437392 0.314850 0.017596 0.045228
0 0.603413 0.318954 0.027308 0.047067
0 0.689609 0.324231 0.019772 0.034519
0 0.758137 0.321478 0.033077 0.116923
