0 0.449519 0.423678 0.057692 0.058894
0 0.205529 0.531851 0.038462 0.080529
0 0.194712 0.426082 0.038462 0.066106
0 0.551082 0.574519 0.034856 0.067308
0 0.123197 0.427284 0.020433 0.058894
0 0.246995 0.419471 0.039663 0.072115
0 0.370192 0.435697 0.038462 0.042067
0 0.375601 0.585337 0.030048 0.031250
0 0.082332 0.582933 0.032452 0.028846
0 0.548678 0.502404 0.037260 0.048077
0 0.587139 0.580529 0.032452 0.036058
0 0.033654 0.509615 0.026442 0.038462
0 0.906851 0.512019 0.032452 0.036058
0 0.503606 0.429688 0.024038 0.061298
0 0.413462 0.571514 0.028846 0.056490
0 0.039663 0.574519 0.038462 0.060096
0 0.283654 0.587740 0.038462 0.036058
0 0.155649 0.439904 0.030048 0.036058
0 0.138221 0.586538 0.050481 0.031250
0 0.051082 0.433894 0.056490 0.050481
0 0.329327 0.584135 0.033654 0.033654
0 0.784856 0.512019 0.048077 0.036058
0 0.061899 0.510216 0.027644 0.027644
0 0.426683 0.509615 0.024038 0.033654
0 0.853365 0.494591 0.028846 0.066106
0 0.949519 0.496394 0.031250 0.055288
0 0.606971 0.427284 0.033654 0.056490
0 0.298077 0.512019 0.031250 0.031250
0 0.319712 0.439303 0.033654 0.039663
0 0.625000 0.504207 0.019231 0.051683
0 0.254207 0.500601 0.046875 0.051683
0 0.091947 0.503005 0.027644 0.042067
0 0.650841 0.509014 0.025240 0.034856
0 0.004207 0.585337 0.010817 0.028846
0 0.460938 0.506010 0.037260 0.048077
0 0.404447 0.429688 0.020433 0.054087
0 0.500601 0.515625 0.030048 0.031250
0 0.689303 0.511418 0.034856 0.034856
0 0.496995 0.581731 0.037260 0.033654
0 0.129808 0.510817 0.036058 0.031250
0 0.683293 0.439303 0.042067 0.030048
0 0.593149 0.503005 0.022837 0.051683
0 0.637620 0.573918 0.034856 0.078125
0 0.094952 0.436899 0.024038 0.032452
0 0.731971 0.510817 0.028846 0.028846
0 0.380409 0.510817 0.034856 0.033654
0 0.538522 0.437602 0.028966 0.036262
0 0.828125 0.496995 0.016827 0.058894
0 0.326923 0.511418 0.026442 0.037260
0 0.459135 0.581731 0.031250 0.033654
0 0.572115 0.439904 0.028846 0.033654
0 0.252927 0.571424 0.044339 0.055012
0 0.615661 0.568480 0.029567 0.019147
0 0.883371 0.496460 0.031142 0.065493
0 0.633750 0.442380 0.038942 0.028870
