0 0.823317 0.584736 0.040865 0.082933
0 0.951322 0.584135 0.056490 0.096154
0 0.140625 0.568510 0.043269 0.057692
0 0.609976 0.403245 0.063702 0.061298
0 0.756010 0.411659 0.031250 0.051683
0 0.876803 0.560697 0.030048 0.030048
0 0.578125 0.549880 0.050481 0.063702
0 0.040865 0.415264 0.036058 0.039663
0 0.493389 0.418269 0.027644 0.033654
0 0.837139 0.411659 0.025240 0.051683
0 0.185096 0.415865 0.026442 0.038462
0 0.156250 0.412260 0.026442 0.031250
0 0.313702 0.561899 0.028846 0.027644
0 0.183894 0.566106 0.028846 0.028846
0 0.117188 0.418269 0.034856 0.031250
0 0.708534 0.549279 0.032452 0.050481
0 0.339543 0.418269 0.039663 0.024038
0 0.752404 0.560697 0.026442 0.025240
0 0.381611 0.414663 0.032452 0.040865
0 0.349159 0.564303 0.032452 0.032452
0 0.385817 0.562500 0.024038 0.028846
0 0.528245 0.417668 0.032452 0.034856
0 0.483774 0.555889 0.027644 0.039663
0 0.420072 0.563101 0.027644 0.027644
0 0.798077 0.423678 0.033654 0.030048
0 0.429688 0.414663 0.030048 0.028846
0 0.269898 0.560697 0.059026 0.034856
0 0.458534 0.554087 0.020433 0.045673
0 0.708534 0.417067 0.027644 0.033654
0 0.286058 0.424880 0.052885 0.034856
0 0.664062 0.558894 0.034856 0.036058
0 0.619591 0.554688 0.020433 0.046875
0 0.682692 0.404447 0.024038 0.051683
0 0.784255 0.554688 0.027644 0.034856
0 0.078125 0.412861 0.021635 0.044471
0 0.046274 0.558293 0.056490 0.039663
0 0.210938 0.570913 0.022837 0.019231
0 0.865385 0.428486 0.031250 0.030048
0 0.003005 0.546875 0.006010 0.055288
0 0.652939 0.416250 0.029267 0.032380
0 0.458053 0.422206 0.025889 0.028233
0 0.911815 0.562314 0.033221 0.031046
