0 0.547476 0.416466 0.027644 0.094952
0 0.468149 0.814303 0.018029 0.034856
0 0.686899 0.090144 0.034856 0.115385
0 0.701322 0.544471 0.022837 0.036058
0 0.826923 0.091947 0.028846 0.114183
0 0.241587 0.274038 0.019231 0.038462
0 0.701322 0.930889 0.025240 0.063702
0 0.667578 0.937067 0.025925 0.063437
0 0.325120 0.813702 0.018029 0.043269
0 0.296274 0.843750 0.025240 0.091346
0 0.048678 0.544471 0.020433 0.043269
0 0.879808 0.813101 0.028846 0.044471
0 0.477163 0.264423 0.016827 0.064904
0 0.270433 0.274639 0.024038 0.051683
0 0.297476 0.405649 0.022837 0.056490
0 0.106370 0.683894 0.020433 0.033654
0 0.251202 0.107572 0.026442 0.099760
0 0.415865 0.067308 0.031250 0.064904
0 0.617788 0.436899 0.028846 0.087740
0 0.621995 0.933894 0.030048 0.062500
0 0.553486 0.535457 0.022837 0.056490
0 0.706731 0.680288 0.026442 0.033654
0 0.426683 0.814904 0.019231 0.031250
0 0.604567 0.070312 0.021635 0.066106
0 0.475361 0.669471 0.022837 0.055288
0 0.525841 0.548077 0.022837 0.031250
0 0.750601 0.559495 0.030048 0.111779
0 0.021034 0.705529 0.032452 0.093750
0 0.292067 0.939904 0.021635 0.057692
0 0.243990 0.546875 0.026442 0.036058
0 0.319712 0.950721 0.021635 0.036058
0 0.164663 0.948918 0.021635 0.037260
0 0.646635 0.406250 0.021635 0.067308
0 0.118990 0.804087 0.028846 0.062500
0 0.450721 0.680288 0.019231 0.033654
0 0.203726 0.067308 0.025240 0.060096
0 0.484976 0.951322 0.022837 0.037260
0 0.560697 0.947716 0.020433 0.039663
0 0.258413 0.679087 0.024038 0.040865
0 0.801683 0.813702 0.024038 0.031250
0 0.551082 0.278245 0.020433 0.037260
0 0.389423 0.949519 0.016827 0.033654
0 0.727163 0.063702 0.028846 0.060096
0 0.784856 0.278245 0.026442 0.034856
0 0.099159 0.412861 0.022837 0.037260
0 0.386418 0.802284 0.025240 0.066106
0 0.030048 0.415865 0.024038 0.038462
0 0.831130 0.931490 0.025240 0.055288
0 0.527043 0.064904 0.025240 0.067308
0 0.954327 0.668870 0.026442 0.051683
0 0.269832 0.952524 0.018029 0.032452
0 0.674880 0.801082 0.022837 0.058894
0 0.781851 0.542067 0.022837 0.036058
0 0.233774 0.816106 0.022837 0.036058
0 0.506611 0.413462 0.018029 0.043269
0 0.756010 0.078125 0.021635 0.043269
0 0.968149 0.082332 0.022837 0.039663
0 0.732572 0.304688 0.027644 0.097356
0 0.618990 0.816106 0.019231 0.028846
0 0.506010 0.681490 0.024038 0.036058
0 0.145433 0.548678 0.028846 0.037260
0 0.456130 0.277644 0.013221 0.050481
0 0.116587 0.948918 0.021635 0.037260
0 0.493389 0.805288 0.025240 0.050481
0 0.532452 0.668870 0.016827 0.056490
0 0.544471 0.815505 0.024038 0.032452
0 0.361779 0.677885 0.014423 0.040865
0 0.426082 0.676082 0.025240 0.044471
0 0.394231 0.551683 0.026442 0.033654
0 0.524038 0.266226 0.031250 0.058894
0 0.926683 0.816106 0.019231 0.043269
0 0.513822 0.939303 0.025240 0.063702
0 0.579327 0.106370 0.024038 0.087740
0 0.193510 0.542668 0.033654 0.039663
0 0.701923 0.406851 0.021635 0.044471
0 0.914663 0.946514 0.028846 0.032452
0 0.944712 0.932091 0.028846 0.058894
0 0.867788 0.545072 0.016827 0.039663
0 0.486178 0.061899 0.022837 0.058894
0 0.897837 0.262620 0.031250 0.054087
0 0.024038 0.805288 0.031250 0.067308
0 0.429688 0.278245 0.032452 0.049279
0 0.185096 0.682692 0.024038 0.031250
0 0.665865 0.274639 0.024038 0.042067
0 0.946514 0.081130 0.018029 0.034856
0 0.371394 0.549880 0.019231 0.039663
0 0.554688 0.666466 0.018029 0.054087
0 0.614784 0.265024 0.022837 0.056490
0 0.204327 0.817308 0.026442 0.038462
0 0.384014 0.397837 0.032452 0.062500
0 0.117788 0.548077 0.021635 0.036058
0 0.573918 0.677885 0.015625 0.036058
0 0.640469 0.278083 0.026130 0.041743
0 0.257812 0.801082 0.015625 0.054087
0 0.716346 0.802885 0.021635 0.052885
0 0.519832 0.814904 0.018029 0.036058
0 0.291466 0.543870 0.025240 0.044471
0 0.025841 0.536058 0.022837 0.057692
0 0.432091 0.414663 0.018029 0.040865
0 0.028846 0.949519 0.024038 0.038462
0 0.160457 0.684495 0.022837 0.030048
0 0.686298 0.277043 0.012019 0.042067
0 0.757212 0.933894 0.026442 0.057692
0 0.277644 0.679688 0.012019 0.051683
0 0.890625 0.548077 0.026442 0.038462
0 0.455529 0.418870 0.024038 0.037260
0 0.332332 0.547476 0.020433 0.039663
0 0.064904 0.677885 0.021635 0.043269
0 0.855769 0.932091 0.016827 0.056490
0 0.704928 0.280048 0.022837 0.036058
0 0.028846 0.278245 0.031250 0.039663
0 0.758413 0.667668 0.028846 0.054087
0 0.140024 0.950120 0.018029 0.034856
0 0.680889 0.676683 0.013221 0.045673
0 0.273438 0.069712 0.013221 0.050481
0 0.656851 0.540865 0.025240 0.045673
0 0.909856 0.813702 0.014423 0.048077
0 0.026442 0.065505 0.026442 0.063702
0 0.983173 0.667668 0.024038 0.073317
0 0.597957 0.814303 0.020433 0.032452
0 0.759952 0.279712 0.021827 0.039663
0 0.343149 0.816106 0.018029 0.043269
0 0.790264 0.933293 0.022837 0.058894
0 0.855168 0.074519 0.022837 0.038462
0 0.726562 0.399639 0.022837 0.027644
0 0.243990 0.402043 0.024038 0.056490
0 0.929393 0.669207 0.022464 0.057380
0 0.385817 0.072115 0.016827 0.026442
0 0.320312 0.415865 0.018029 0.033654
0 0.829327 0.815505 0.026442 0.039663
0 0.618990 0.548077 0.021635 0.033654
0 0.768756 0.813702 0.039916 0.033654
0 0.731370 0.928486 0.022837 0.061298
0 0.052885 0.817909 0.021635 0.034856
0 0.192909 0.951923 0.030048 0.040865
0 0.304772 0.068450 0.022837 0.062500
0 0.380409 0.683894 0.020433 0.036058
0 0.767680 0.404724 0.032957 0.057043
0 0.917067 0.546274 0.024038 0.032452
0 0.353966 0.334135 0.025240 0.064904
0 0.923786 0.075397 0.030048 0.051683
0 0.463341 0.540865 0.030048 0.060096
0 0.411659 0.950120 0.022837 0.037260
0 0.170072 0.271635 0.022837 0.028846
0 0.598558 0.545072 0.016827 0.032452
0 0.818510 0.545673 0.024038 0.031250
0 0.205529 0.398438 0.024038 0.032452
0 0.172476 0.407452 0.032452 0.055288
0 0.635216 0.079327 0.022837 0.036058
0 0.296875 0.683293 0.021635 0.039663
0 0.075721 0.533053 0.019231 0.058894
0 0.825721 0.662861 0.021635 0.061298
0 0.437500 0.953125 0.028846 0.045673
0 0.482572 0.417067 0.025240 0.038462
0 0.778245 0.082332 0.020433 0.037260
0 0.804688 0.405649 0.022837 0.056490
0 0.171274 0.816707 0.025240 0.037260
0 0.270433 0.410457 0.019231 0.020433
0 0.346154 0.939303 0.021635 0.056490
0 0.370192 0.942909 0.016827 0.051683
0 0.574519 0.279447 0.021635 0.032452
0 0.846154 0.277644 0.021635 0.045673
0 0.656250 0.680889 0.031250 0.039663
0 0.646635 0.805889 0.026442 0.054087
0 0.597356 0.684495 0.024038 0.042067
0 0.575721 0.415264 0.016827 0.039663
0 0.210337 0.703726 0.026442 0.068510
0 0.075120 0.815505 0.020433 0.034856
0 0.313702 0.541466 0.012019 0.051683
0 0.128606 0.671274 0.021635 0.054087
0 0.149639 0.083534 0.020433 0.037260
0 0.247596 0.942909 0.021635 0.058894
0 0.134014 0.262620 0.037260 0.061298
0 0.058894 0.065505 0.021635 0.070913
0 0.346755 0.271635 0.025240 0.057692
0 0.790865 0.670072 0.026442 0.068510
0 0.088942 0.945913 0.026442 0.050481
0 0.886418 0.945913 0.020433 0.028846
0 0.076995 0.271629 0.028197 0.069700
0 0.843750 0.534255 0.024038 0.054087
0 0.880313 0.078065 0.017692 0.036466
0 0.218149 0.540865 0.015625 0.050481
0 0.057692 0.951322 0.026442 0.037260
0 0.085337 0.674279 0.012019 0.050481
0 0.680288 0.541466 0.014423 0.039663
0 0.055288 0.405048 0.019231 0.067308
0 0.204327 0.292668 0.036058 0.135817
0 0.496995 0.543870 0.022837 0.049279
0 0.096154 0.548678 0.021635 0.042067
0 0.866587 0.272236 0.016827 0.027644
0 0.326923 0.074519 0.014423 0.033654
0 0.114922 0.080667 0.027800 0.112704
0 0.367788 0.076322 0.019231 0.037260
0 0.461538 0.953726 0.019231 0.032452
0 0.310697 0.267428 0.018029 0.022837
0 0.076322 0.413462 0.018029 0.038462
0 0.868990 0.666466 0.021635 0.049279
0 0.340745 0.418870 0.018029 0.027644
0 0.546190 0.077037 0.011298 0.049123
0 0.758413 0.755409 0.016827 0.020433
0 0.802885 0.742788 0.014423 0.036058
0 0.346154 0.201322 0.024038 0.054087
0 0.077704 0.099159 0.015625 0.022837
0 0.871995 0.741587 0.020433 0.036058
0 0.329327 0.341346 0.021635 0.064904
0 0.888221 0.693510 0.014423 0.036058
0 0.207879 0.201863 0.023113 0.054784
0 0.223059 0.267614 0.017897 0.211695
0 0.134147 0.072103 0.016755 0.056731
0 0.042957 0.089609 0.011034 0.020180
0 0.221719 0.038972 0.014471 0.033882
0 0.288738 0.067344 0.015986 0.063966
0 0.431899 0.091136 0.012188 0.021695
0 0.502344 0.043347 0.014471 0.031983
0 0.560709 0.079537 0.021322 0.037127
0 0.665649 0.077260 0.026418 0.033918
0 0.899910 0.078167 0.024603 0.036262
0 0.806406 0.314417 0.030913 0.104916
0 0.917915 0.286142 0.015589 0.032500
0 0.368756 0.267644 0.025228 0.213005
0 0.056262 0.271845 0.015216 0.061262
0 0.413930 0.413912 0.026683 0.034171
0 0.352272 0.551641 0.017091 0.036839
0 0.602656 0.400781 0.014856 0.063822
0 0.822085 0.417272 0.009171 0.017500
0 0.780823 0.432831 0.016118 0.031959
0 0.800775 0.544459 0.021166 0.032500
0 0.049243 0.669471 0.017524 0.063101
0 0.315523 0.702782 0.011695 0.034291
0 0.446280 0.838576 0.026454 0.085781
0 0.406130 0.816827 0.019159 0.036202
0 0.277614 0.815763 0.018257 0.034675
0 0.096022 0.817740 0.018245 0.041058
0 0.845853 0.674904 0.026538 0.090697
0 0.911160 0.668011 0.027584 0.057680
0 0.699111 0.803666 0.017668 0.064832
0 0.543131 0.935240 0.021022 0.065697
0 0.812145 0.931388 0.017512 0.056719
0 0.770126 0.961965 0.010974 0.029651
0 0.648948 0.921160 0.010204 0.034988
