0 0.263221 0.522236 0.050481 0.068510
0 0.259615 0.667067 0.062500 0.072115
0 0.714543 0.670673 0.061298 0.067308
0 0.725361 0.526442 0.066106 0.057692
0 0.265625 0.311899 0.043269 0.082933
0 0.415264 0.527644 0.042067 0.064904
0 0.367188 0.527043 0.044471 0.066106
0 0.521034 0.530649 0.046875 0.058894
0 0.320913 0.682091 0.040865 0.037260
0 0.572115 0.319111 0.038462 0.070913
0 0.462139 0.542067 0.039663 0.038462
0 0.379207 0.683894 0.037260 0.036058
0 0.311899 0.540264 0.042067 0.034856
0 0.509014 0.678486 0.051683 0.042067
0 0.440505 0.675481 0.054087 0.052885
0 0.569111 0.541466 0.039663 0.049279
0 0.687500 0.358774 0.043269 0.032452
0 0.649038 0.361779 0.028846 0.031250
0 0.492788 0.318510 0.043269 0.028846
0 0.378606 0.375601 0.024038 0.056490
0 0.429087 0.362981 0.048077 0.033654
0 0.621995 0.540865 0.018029 0.033654
0 0.352764 0.362981 0.022837 0.026442
0 0.605769 0.675481 0.024038 0.028846
0 0.309495 0.362981 0.025240 0.026442
0 0.623612 0.356424 0.025132 0.040637
0 0.595409 0.356550 0.026851 0.036947
0 0.395667 0.363323 0.017488 0.037680
0 0.329165 0.365661 0.023401 0.029063
0 0.282734 0.362338 0.025613 0.030781
