0 0.078726 0.564303 0.039663 0.063702
0 0.313702 0.607572 0.033654 0.085337
0 0.819111 0.742788 0.037260 0.084135
0 0.245192 0.579928 0.028846 0.034856
0 0.412861 0.583534 0.025240 0.030048
0 0.763822 0.581731 0.027644 0.028846
0 0.101562 0.435697 0.025240 0.037260
0 0.889423 0.573918 0.036058 0.051683
0 0.221755 0.719351 0.025240 0.049279
0 0.630409 0.580529 0.020433 0.028846
0 0.048678 0.284255 0.030048 0.063702
0 0.252404 0.718750 0.024038 0.043269
0 0.449519 0.582933 0.031250 0.031250
0 0.820913 0.570312 0.026442 0.058894
0 0.115986 0.704327 0.025240 0.062500
0 0.120793 0.572115 0.018029 0.050481
0 0.352163 0.424279 0.028846 0.062500
0 0.091346 0.720553 0.024038 0.034856
0 0.256010 0.435697 0.026442 0.044471
0 0.527644 0.719952 0.021635 0.033654
0 0.156250 0.579327 0.031250 0.036058
0 0.321514 0.433894 0.025240 0.040865
0 0.704327 0.714543 0.014423 0.044471
0 0.492788 0.727163 0.028846 0.033654
0 0.796274 0.584135 0.022837 0.036058
0 0.186298 0.295072 0.024038 0.037260
0 0.072716 0.435096 0.025240 0.038462
0 0.409255 0.432692 0.015625 0.045673
0 0.429688 0.715144 0.027644 0.064904
0 0.209135 0.570913 0.028846 0.055288
0 0.376803 0.712139 0.022837 0.058894
0 0.545072 0.569111 0.018029 0.049279
0 0.728365 0.579327 0.028846 0.038462
0 0.179087 0.705529 0.033654 0.069712
0 0.442909 0.436298 0.039663 0.045673
0 0.656250 0.581731 0.024038 0.028846
0 0.566707 0.581731 0.020433 0.033654
0 0.655048 0.707332 0.033654 0.061298
0 0.279447 0.577524 0.027644 0.042067
0 0.151442 0.704327 0.021635 0.064904
0 0.920673 0.579327 0.019231 0.033654
0 0.385817 0.582332 0.021635 0.030048
0 0.523438 0.570913 0.018029 0.040865
0 0.385216 0.425481 0.020433 0.052885
0 0.329928 0.717548 0.022837 0.021635
0 0.108173 0.298077 0.028846 0.036058
0 0.585805 0.590901 0.026442 0.102115
0 0.231971 0.434495 0.021635 0.042067
0 0.167668 0.435974 0.037260 0.034856
0 0.138822 0.296875 0.025240 0.036058
0 0.727764 0.719351 0.027644 0.037260
0 0.598558 0.721755 0.024038 0.022837
0 0.555288 0.716346 0.024038 0.036058
0 0.019832 0.433293 0.025240 0.030048
0 0.078125 0.299880 0.028846 0.034856
0 0.466346 0.712740 0.019231 0.062500
0 0.403846 0.725361 0.024038 0.032452
0 0.960403 0.578642 0.057464 0.044688
0 0.765439 0.726761 0.028642 0.034339
0 0.160457 0.289062 0.015625 0.054087
0 0.283053 0.426683 0.018029 0.057692
0 0.277043 0.708534 0.025240 0.070913
0 0.020433 0.575120 0.026442 0.030048
0 0.210938 0.295072 0.025240 0.039663
0 0.132674 0.427127 0.030661 0.058750
0 0.296340 0.422698 0.013666 0.064651
0 0.605198 0.590980 0.028450 0.100493
0 0.682230 0.724904 0.024387 0.026971
0 0.788077 0.712897 0.012187 0.053942
0 0.068828 0.700445 0.032825 0.057428
0 0.198954 0.719934 0.019231 0.042055
