0 0.359375 0.568510 0.038462 0.086538
0 0.598558 0.588341 0.036058 0.090144
0 0.120793 0.409856 0.034856 0.060096
0 0.032452 0.412260 0.036058 0.060096
0 0.919603 0.581238 0.034207 0.070913
0 0.563101 0.565505 0.030048 0.032452
0 0.237981 0.564904 0.028846 0.031250
0 0.295673 0.552284 0.024038 0.054087
0 0.854567 0.554087 0.031250 0.064904
0 0.198918 0.412260 0.025240 0.060096
0 0.311298 0.413462 0.033654 0.057692
0 0.231370 0.412861 0.030048 0.063702
0 0.816106 0.554087 0.033654 0.052885
0 0.969351 0.588341 0.032452 0.078125
0 0.491587 0.565505 0.028846 0.039663
0 0.450120 0.567308 0.032452 0.031250
0 0.679087 0.564904 0.028846 0.033654
0 0.528245 0.566707 0.030048 0.034856
0 0.379207 0.423678 0.030048 0.037260
0 0.204327 0.555288 0.038462 0.055288
0 0.712740 0.565505 0.031250 0.034856
0 0.073317 0.427284 0.033654 0.034856
0 0.752404 0.568510 0.028846 0.036058
0 0.412861 0.567909 0.030048 0.034856
0 0.410457 0.424880 0.030048 0.034856
0 0.266226 0.426082 0.034856 0.034856
0 0.159856 0.424279 0.028846 0.033654
0 0.158053 0.562500 0.025240 0.021635
0 0.347356 0.417067 0.019231 0.048077
0 0.782452 0.554688 0.026442 0.056490
0 0.269832 0.563702 0.027644 0.026442
0 0.323918 0.576923 0.032452 0.055288
0 0.459135 0.421274 0.019231 0.039663
0 0.391472 0.548624 0.024748 0.057632
0 0.889970 0.561250 0.035685 0.037452
0 0.949273 0.555974 0.012560 0.052524
