0 0.339543 0.412861 0.058894 0.066106
0 0.330529 0.554688 0.062500 0.068510
0 0.394832 0.551082 0.051683 0.070913
0 0.547476 0.411058 0.037260 0.064904
0 0.503606 0.427284 0.043269 0.044471
0 0.396635 0.424880 0.040865 0.042067
0 0.589075 0.558341 0.037260 0.064904
0 0.445913 0.565505 0.045673 0.049279
0 0.623197 0.566707 0.039663 0.046875
0 0.448317 0.424279 0.045673 0.043269
0 0.496394 0.563101 0.038462 0.046875
0 0.593750 0.426683 0.038462 0.040865
0 0.643029 0.424279 0.045673 0.040865
0 0.670673 0.563702 0.050481 0.043269
0 0.535601 0.579657 0.072596 0.076478
