0 0.700721 0.489183 0.060096 0.062500
0 0.944712 0.487981 0.050481 0.072115
0 0.756010 0.504808 0.031250 0.045673
0 0.022837 0.490385 0.040865 0.069712
0 0.850361 0.489183 0.027644 0.057692
0 0.816707 0.489183 0.025240 0.069712
0 0.533053 0.482572 0.032452 0.068510
0 0.102163 0.493389 0.026442 0.044471
0 0.213341 0.502404 0.054087 0.040865
0 0.571514 0.496995 0.032452 0.044471
0 0.786058 0.492788 0.021635 0.064904
0 0.882212 0.495192 0.019231 0.050481
0 0.468149 0.493990 0.025240 0.045673
0 0.501202 0.497596 0.024038 0.036058
0 0.316106 0.490986 0.036058 0.058894
0 0.411659 0.496995 0.034856 0.042067
0 0.255409 0.500601 0.027644 0.044471
0 0.362380 0.501202 0.034856 0.038462
0 0.063101 0.498798 0.039663 0.036058
0 0.286058 0.493990 0.024038 0.052885
0 0.447632 0.482314 0.024375 0.075733
0 0.911659 0.488407 0.031779 0.079796
