0 0.453125 0.596154 0.045673 0.093750
0 0.639423 0.412861 0.050481 0.068510
0 0.584135 0.412260 0.048077 0.062500
0 0.168870 0.415865 0.054087 0.050481
0 0.169471 0.560096 0.052885 0.062500
0 0.683894 0.554688 0.048077 0.073317
0 0.543870 0.695913 0.049279 0.067308
0 0.316707 0.447115 0.051683 0.079327
0 0.243389 0.597356 0.051683 0.086538
0 0.799880 0.426082 0.037260 0.051683
0 0.336538 0.558293 0.043269 0.068510
0 0.329327 0.281851 0.040865 0.056490
0 0.674279 0.705529 0.036058 0.069712
0 0.671875 0.272236 0.052885 0.056490
0 0.151442 0.296274 0.038462 0.109375
0 0.496394 0.564303 0.028846 0.049279
0 0.586538 0.716346 0.031250 0.031250
0 0.313101 0.700721 0.030048 0.072115
0 0.764423 0.555288 0.048077 0.088942
0 0.161659 0.705529 0.039663 0.062500
0 0.296274 0.570913 0.034856 0.040865
0 0.631611 0.699519 0.037260 0.072115
0 0.263822 0.292668 0.018029 0.042067
0 0.712740 0.716346 0.040865 0.036058
0 0.475962 0.279447 0.024038 0.034856
0 0.531851 0.572716 0.032452 0.039663
0 0.366587 0.285457 0.028846 0.037260
0 0.760817 0.716346 0.048077 0.031250
0 0.251803 0.430288 0.049279 0.038462
0 0.856370 0.303486 0.034856 0.075721
0 0.737981 0.265625 0.028846 0.062500
0 0.293269 0.290865 0.024038 0.038462
0 0.456731 0.430889 0.024038 0.030048
0 0.201923 0.708534 0.024038 0.046875
0 0.353966 0.712740 0.030048 0.038462
0 0.616587 0.289062 0.033654 0.032452
0 0.771034 0.281851 0.030048 0.032452
0 0.389423 0.558293 0.026442 0.056490
0 0.447716 0.280649 0.025240 0.032452
0 0.265355 0.699117 0.039844 0.072536
0 0.394231 0.717548 0.045673 0.033654
0 0.611779 0.570312 0.021635 0.030048
0 0.394832 0.430889 0.032452 0.032452
0 0.403846 0.271635 0.031250 0.072115
0 0.577524 0.289062 0.030048 0.027644
0 0.759615 0.423678 0.031250 0.034856
0 0.808293 0.289062 0.039663 0.042067
0 0.506010 0.271635 0.031250 0.057692
0 0.193510 0.284255 0.033654 0.039663
0 0.564904 0.573918 0.031250 0.034856
0 0.225962 0.289663 0.031250 0.033654
0 0.442308 0.713341 0.019231 0.042067
0 0.733173 0.424279 0.016827 0.033654
0 0.540264 0.265024 0.034856 0.061298
0 0.361178 0.424880 0.032452 0.039663
0 0.217560 0.423708 0.025120 0.059844
0 0.217374 0.566875 0.045445 0.041010
0 0.423155 0.569639 0.041743 0.036947
0 0.686569 0.428876 0.047656 0.032512
0 0.729982 0.550246 0.038425 0.081647
0 0.234507 0.713401 0.027139 0.035433
