0 0.486233 0.216418 0.313308 0.044776
0 0.497705 0.266361 0.288694 0.033869
0 0.401961 0.300086 0.207343 0.038749
0 0.241343 0.214696 0.144764 0.042480
0 0.472257 0.134759 0.220275 0.054822
0 0.251356 0.128157 0.093033 0.040471
0 0.243846 0.365815 0.103045 0.042193
0 0.409470 0.372560 0.167292 0.054535
0 0.702962 0.372560 0.357947 0.045350
0 0.650814 0.419489 0.312057 0.043915
0 0.616395 0.489380 0.250730 0.043628
0 0.609303 0.610362 0.533584 0.068599
0 0.278264 0.672216 0.140175 0.063720
0 0.394869 0.743542 0.277430 0.054822
0 0.695661 0.743685 0.231539 0.049943
0 0.242804 0.807549 0.105131 0.042767
0 0.289529 0.859644 0.080935 0.043054
0 0.479141 0.850172 0.188152 0.049943
0 0.277430 0.915327 0.109303 0.042480
