0 0.278473 0.488806 0.172299 0.062572
0 0.564038 0.476607 0.105966 0.098450
0 0.302461 0.559701 0.217772 0.049369
0 0.293492 0.627153 0.210680 0.072331
0 0.565081 0.625861 0.118899 0.072618
0 0.570505 0.556544 0.114727 0.053961
0 0.820401 0.508180 0.212349 0.102468
0 0.793075 0.607348 0.124322 0.068886
0 0.393826 0.719432 0.201919 0.078932
0 0.842929 0.915614 0.318315 0.053961
0 0.388611 0.301234 0.340843 0.111653
0 0.730705 0.298507 0.274927 0.099311
0 0.360242 0.179248 0.269921 0.089839
0 0.705257 0.189294 0.242386 0.094432
0 0.711932 0.063289 0.228202 0.086395
0 0.363579 0.062428 0.273258 0.092135
