0 0.614518 0.239093 0.541510 0.054535
0 0.476012 0.303817 0.259491 0.050804
0 0.525657 0.367824 0.468085 0.069747
0 0.860242 0.458525 0.166875 0.174225
0 0.447017 0.438863 0.394243 0.063146
0 0.202336 0.490385 0.208594 0.054248
0 0.604297 0.503444 0.291615 0.068312
0 0.442637 0.560850 0.296204 0.044202
0 0.760743 0.580798 0.305799 0.046211
0 0.755528 0.150976 0.259491 0.045350
0 0.527117 0.099885 0.356696 0.047072
0 0.269712 0.148967 0.255736 0.044776
0 0.506884 0.677239 0.708385 0.038749
0 0.394243 0.732635 0.448894 0.053100
0 0.628911 0.795207 0.150605 0.070321
0 0.276804 0.859357 0.234877 0.078071
0 0.497288 0.942595 0.700876 0.068312
