0 0.547977 0.286883 0.622028 0.070896
0 0.305799 0.333525 0.131831 0.028703
0 0.566542 0.370838 0.636629 0.040758
0 0.224239 0.399971 0.060492 0.037600
0 0.216729 0.268657 0.041302 0.046498
0 0.555277 0.204219 0.463913 0.046785
0 0.567584 0.116820 0.591990 0.137199
0 0.650605 0.523393 0.378390 0.104765
0 0.322069 0.486079 0.245307 0.038175
0 0.306216 0.569604 0.221110 0.035878
0 0.593450 0.608496 0.481852 0.037887
0 0.286608 0.638777 0.180225 0.040471
0 0.336671 0.691590 0.279516 0.038749
0 0.531498 0.861940 0.625782 0.207233
