0 0.468294 0.209099 0.344180 0.067451
0 0.808302 0.207951 0.278264 0.068599
0 0.663746 0.127153 0.512307 0.041332
0 0.562787 0.075918 0.322904 0.036452
0 0.289111 0.072618 0.115978 0.040184
0 0.325407 0.022962 0.157697 0.038462
0 0.637672 0.279133 0.670421 0.043915
0 0.598456 0.325201 0.767209 0.037887
0 0.918648 0.363806 0.145181 0.035878
0 0.430955 0.393657 0.411348 0.037600
0 0.682103 0.443169 0.633292 0.055109
0 0.631206 0.508324 0.709220 0.045350
0 0.612015 0.560850 0.662495 0.040758
0 0.636629 0.630023 0.721736 0.041906
0 0.641218 0.696039 0.722570 0.047072
0 0.652274 0.783726 0.685440 0.043341
