0 0.346475 0.108065 0.437630 0.027842
0 0.340634 0.142939 0.425949 0.022962
0 0.365665 0.181257 0.476012 0.031860
0 0.361911 0.215844 0.477680 0.036739
0 0.256988 0.250574 0.270338 0.028129
0 0.232582 0.278272 0.214018 0.023823
0 0.352107 0.363232 0.359616 0.027268
0 0.340426 0.399541 0.337922 0.033869
0 0.751773 0.376292 0.244472 0.053961
0 0.745724 0.466561 0.245724 0.032434
0 0.763246 0.502296 0.284105 0.032147
0 0.752399 0.532290 0.268252 0.022101
0 0.697956 0.570896 0.153525 0.036165
0 0.668961 0.603617 0.089695 0.029277
0 0.723404 0.639638 0.204422 0.034730
0 0.726950 0.673220 0.222361 0.037600
0 0.700042 0.705080 0.166041 0.031860
0 0.702128 0.741820 0.171047 0.037026
0 0.484355 0.785591 0.132666 0.021240
0 0.225699 0.784013 0.202753 0.020953
0 0.263454 0.819173 0.137255 0.024110
0 0.485607 0.819604 0.128494 0.020379
0 0.266583 0.581372 0.158531 0.028990
0 0.249479 0.617968 0.113475 0.029277
0 0.511681 0.583812 0.181477 0.033869
0 0.485190 0.615672 0.120985 0.024684
0 0.355861 0.671785 0.374635 0.039897
0 0.245098 0.463691 0.094702 0.019805
0 0.470171 0.462974 0.092616 0.026406
0 0.242386 0.516073 0.087610 0.027555
0 0.469545 0.515786 0.098874 0.033295
0 0.282436 0.873278 0.312891 0.029564
0 0.282019 0.905999 0.226116 0.028990
0 0.675845 0.921929 0.110972 0.029277
0 0.725282 0.874139 0.209011 0.046785
