0 0.351898 0.437572 0.236546 0.072618
0 0.328118 0.536452 0.159783 0.092423
0 0.541302 0.536883 0.129746 0.091561
0 0.524823 0.357061 0.550688 0.049369
0 0.299332 0.266648 0.220693 0.101607
0 0.512724 0.266217 0.085941 0.096154
0 0.350438 0.165614 0.235294 0.075775
0 0.639341 0.080941 0.198999 0.070034
0 0.339800 0.064581 0.281602 0.063146
0 0.533375 0.018800 0.705465 0.035304
0 0.552357 0.609931 0.602420 0.051665
0 0.415728 0.657865 0.496037 0.046498
0 0.345015 0.722589 0.237797 0.063433
0 0.618273 0.720006 0.237797 0.085821
0 0.389862 0.836395 0.193158 0.055109
0 0.358990 0.790471 0.272424 0.045924
0 0.399666 0.942451 0.343763 0.088691
0 0.785982 0.946039 0.136838 0.051665
0 0.564664 0.883037 0.690446 0.039323
