0 0.339800 0.463691 0.230705 0.041045
0 0.459950 0.509759 0.400083 0.049943
0 0.395494 0.551091 0.309554 0.043628
0 0.435753 0.594145 0.441802 0.052239
0 0.451815 0.670494 0.340426 0.050517
0 0.788694 0.754736 0.278264 0.041619
0 0.765540 0.803243 0.246975 0.043341
0 0.563621 0.749713 0.100960 0.048220
0 0.362537 0.752009 0.118481 0.050517
0 0.212766 0.752870 0.165207 0.046498
0 0.344597 0.802382 0.093450 0.041619
0 0.380476 0.872130 0.305382 0.045637
0 0.816854 0.936280 0.292866 0.101607
0 0.629537 0.943025 0.066750 0.088691
0 0.490196 0.920637 0.196078 0.038175
0 0.511473 0.217135 0.451398 0.069173
0 0.838965 0.218714 0.129328 0.048220
0 0.313517 0.097302 0.262411 0.052813
0 0.567584 0.026550 0.677931 0.039897
