0 0.719650 0.514495 0.493116 0.097876
0 0.709428 0.581946 0.472674 0.028990
0 0.360242 0.581515 0.187317 0.031573
0 0.534835 0.613949 0.112641 0.022962
0 0.423029 0.670637 0.296204 0.070896
0 0.363997 0.481774 0.174802 0.031860
0 0.730288 0.414610 0.530246 0.102468
0 0.362745 0.394661 0.176471 0.063146
0 0.694201 0.312572 0.473091 0.035591
0 0.602628 0.345867 0.357530 0.034443
0 0.365457 0.280425 0.188569 0.098737
0 0.522528 0.241246 0.130580 0.045637
0 0.630371 0.144661 0.398832 0.066016
0 0.327701 0.092135 0.195661 0.101033
0 0.474552 0.059845 0.088027 0.027268
0 0.173759 0.060993 0.081352 0.053674
0 0.630997 0.012486 0.362537 0.024971
