0 0.478723 0.176808 0.473509 0.048794
0 0.506258 0.103473 0.523571 0.057692
0 0.564247 0.243255 0.684606 0.037600
0 0.541302 0.035017 0.586984 0.048220
0 0.493534 0.310132 0.554026 0.037026
0 0.636838 0.355913 0.568627 0.048794
0 0.513976 0.408582 0.574051 0.037600
0 0.616813 0.455511 0.541093 0.048220
0 0.514393 0.494403 0.578223 0.031860
0 0.579266 0.543772 0.460993 0.053674
0 0.543805 0.609214 0.586984 0.053674
0 0.758657 0.705511 0.307468 0.103330
0 0.410305 0.735218 0.321652 0.051378
0 0.304547 0.679679 0.116813 0.055109
0 0.626408 0.798220 0.748853 0.048794
0 0.620359 0.884185 0.753442 0.077784
