0 0.468085 0.387342 0.422194 0.046785
0 0.397372 0.467710 0.304965 0.046211
0 0.459324 0.501866 0.079266 0.043341
0 0.433876 0.535878 0.371297 0.042480
0 0.688360 0.594432 0.137672 0.074627
0 0.804756 0.557836 0.139341 0.086395
0 0.685023 0.675373 0.176053 0.082090
0 0.476637 0.762773 0.544431 0.085247
0 0.714852 0.866676 0.179808 0.065729
0 0.555069 0.892509 0.098039 0.055970
0 0.343137 0.851894 0.103045 0.057405
0 0.294535 0.592135 0.216103 0.073479
0 0.491656 0.323192 0.309136 0.060276
0 0.513350 0.106774 0.626199 0.091848
