0 0.425323 0.255597 0.525240 0.043915
0 0.562578 0.303817 0.292449 0.033008
0 0.240092 0.355769 0.143096 0.039323
0 0.599708 0.356200 0.317480 0.033295
0 0.899875 0.357635 0.130163 0.036165
0 0.487693 0.427382 0.634126 0.049943
0 0.286400 0.510333 0.236546 0.039036
0 0.705048 0.506028 0.152691 0.040184
0 0.749896 0.582377 0.226533 0.108496
0 0.275553 0.612227 0.176471 0.111940
0 0.633083 0.158008 0.395077 0.107635
0 0.290572 0.121699 0.250730 0.029277
0 0.267835 0.072905 0.204422 0.030999
0 0.613892 0.075775 0.385899 0.040758
0 0.419483 0.019374 0.244055 0.027842
