0 0.653525 0.405568 0.498540 0.132032
0 0.346892 0.490241 0.196496 0.036165
0 0.333333 0.333812 0.174385 0.028129
0 0.282228 0.299082 0.169796 0.031573
0 0.452858 0.237514 0.228202 0.073766
0 0.259700 0.217566 0.131414 0.030425
0 0.521068 0.118542 0.444723 0.144087
0 0.243012 0.062715 0.094702 0.038175
0 0.607217 0.574340 0.405924 0.136625
0 0.343972 0.653990 0.197330 0.037026
0 0.597413 0.724024 0.391322 0.096154
0 0.346058 0.793628 0.193158 0.039036
0 0.586567 0.862084 0.362954 0.093284
0 0.349186 0.929822 0.199416 0.039897
0 0.614101 0.960103 0.431373 0.034443
