0 0.539216 0.091274 0.639549 0.070608
0 0.466834 0.160017 0.475594 0.059989
0 0.613058 0.218427 0.430955 0.044776
0 0.622653 0.267796 0.288277 0.048220
0 0.253650 0.260763 0.071756 0.036452
0 0.293283 0.313576 0.140175 0.038749
0 0.541927 0.377440 0.733417 0.067738
0 0.435336 0.521240 0.498540 0.043628
0 0.356904 0.607778 0.264080 0.122560
0 0.730496 0.574340 0.305382 0.047072
0 0.744681 0.653703 0.244472 0.073192
0 0.441176 0.776693 0.430955 0.051665
0 0.337922 0.843427 0.246975 0.055970
0 0.557363 0.913462 0.560701 0.053674
