0 0.404881 0.347876 0.342511 0.047646
0 0.462036 0.276263 0.426783 0.050804
0 0.338757 0.390499 0.194410 0.035878
0 0.288903 0.204506 0.113892 0.042767
0 0.470797 0.135476 0.468502 0.044202
0 0.319149 0.082377 0.307050 0.036165
0 0.407801 0.023393 0.476846 0.041619
0 0.419483 0.492394 0.410930 0.065155
0 0.361702 0.577067 0.192741 0.065729
0 0.607009 0.578215 0.186066 0.066877
0 0.360451 0.659730 0.182728 0.064581
0 0.343137 0.713404 0.148102 0.037026
0 0.499583 0.712400 0.105549 0.039036
0 0.200876 0.711969 0.081352 0.042193
0 0.195661 0.556544 0.068419 0.041906
0 0.410096 0.782434 0.277013 0.050517
0 0.432833 0.845436 0.331665 0.046211
