0 0.279725 0.020522 0.228202 0.027842
0 0.345640 0.074340 0.354193 0.036739
0 0.644139 0.072761 0.158531 0.034156
0 0.323947 0.122991 0.314977 0.031286
0 0.381936 0.174225 0.390071 0.044202
0 0.371715 0.221871 0.359616 0.031573
0 0.368794 0.258037 0.350438 0.032721
0 0.380684 0.295924 0.372549 0.033869
0 0.473300 0.350029 0.549437 0.058266
0 0.387776 0.409013 0.344180 0.036739
0 0.335002 0.459816 0.248644 0.030999
0 0.358573 0.493255 0.285774 0.027842
0 0.393408 0.528129 0.363788 0.030425
0 0.365040 0.561567 0.290363 0.024971
0 0.446183 0.601033 0.447643 0.043054
0 0.609512 0.660161 0.779307 0.040184
0 0.384439 0.782290 0.405090 0.115672
