0 0.296204 0.040184 0.100960 0.057405
0 0.475177 0.040758 0.160200 0.034443
0 0.468085 0.108927 0.345432 0.051952
0 0.571339 0.167910 0.348352 0.049369
0 0.635586 0.226320 0.221527 0.060563
0 0.361076 0.313146 0.188986 0.045924
0 0.764914 0.312572 0.203171 0.042480
0 0.418023 0.513347 0.256154 0.059414
0 0.753025 0.512773 0.232791 0.063433
0 0.551731 0.615528 0.668753 0.097876
0 0.417814 0.684845 0.397580 0.030425
0 0.433250 0.716992 0.133083 0.030425
0 0.423446 0.770522 0.266166 0.038749
0 0.475803 0.843571 0.312474 0.082664
0 0.715269 0.835677 0.050480 0.068599
