0 0.682728 0.385620 0.335002 0.081803
0 0.661660 0.249426 0.244472 0.129162
0 0.676262 0.147675 0.247810 0.064581
0 0.645181 0.096871 0.203171 0.031286
0 0.350438 0.095149 0.162703 0.043341
0 0.464122 0.031286 0.283271 0.054535
0 0.180434 0.130310 0.119733 0.035591
0 0.354193 0.153990 0.205257 0.077210
0 0.360242 0.267222 0.224030 0.130310
0 0.185857 0.367968 0.140592 0.035591
0 0.359616 0.433123 0.221110 0.162457
0 0.353984 0.576493 0.203171 0.099598
0 0.371297 0.729047 0.239466 0.208955
0 0.166458 0.844575 0.105131 0.050230
0 0.369212 0.898680 0.224447 0.131458
0 0.694201 0.856343 0.377138 0.065729
