0 0.477055 0.302669 0.472674 0.072044
0 0.342929 0.371699 0.232791 0.063720
0 0.545056 0.493255 0.645390 0.143800
0 0.334585 0.234644 0.309554 0.058266
0 0.451398 0.133754 0.209428 0.048220
0 0.414685 0.183840 0.152691 0.043341
0 0.192950 0.186137 0.088027 0.042193
0 0.232165 0.132176 0.159783 0.041619
0 0.297455 0.068312 0.293700 0.069460
0 0.435127 0.013921 0.554860 0.027268
0 0.548185 0.664610 0.685857 0.108209
0 0.297038 0.591992 0.234460 0.038175
0 0.290572 0.742968 0.234877 0.034730
0 0.514810 0.792049 0.583229 0.061137
0 0.273467 0.839265 0.209011 0.033295
0 0.553400 0.898823 0.707134 0.078358
