0 0.519399 0.144805 0.707551 0.174799
0 0.470380 0.024828 0.156446 0.043915
0 0.504380 0.272962 0.679182 0.047646
0 0.318732 0.326923 0.302879 0.040184
0 0.637046 0.347589 0.327910 0.073479
0 0.317272 0.432549 0.308302 0.038462
0 0.451815 0.466418 0.583229 0.038462
0 0.325407 0.561280 0.161035 0.044489
0 0.588444 0.513490 0.382562 0.045924
0 0.290363 0.511481 0.077597 0.041906
0 0.412182 0.733927 0.262829 0.068886
0 0.534835 0.801234 0.480601 0.063433
0 0.305799 0.868972 0.137672 0.054248
0 0.538798 0.870982 0.198999 0.049082
0 0.393408 0.663605 0.345432 0.055109
0 0.486859 0.615672 0.349604 0.044202
0 0.757196 0.663031 0.237797 0.036165
