0 0.354401 0.449770 0.266583 0.068886
0 0.368169 0.385333 0.293283 0.046211
0 0.353776 0.333525 0.272841 0.044776
0 0.336045 0.281573 0.237380 0.047072
0 0.387151 0.182979 0.227785 0.128875
0 0.250313 0.131028 0.055069 0.033008
0 0.427618 0.063720 0.389654 0.062572
0 0.477680 0.013203 0.325407 0.026980
0 0.173759 0.062715 0.062161 0.043341
0 0.354193 0.519231 0.278682 0.046498
0 0.338340 0.566303 0.248644 0.038462
0 0.406133 0.620695 0.510221 0.066877
0 0.534001 0.686711 0.634960 0.044489
0 0.328536 0.773823 0.255736 0.092997
0 0.661035 0.892222 0.426783 0.128875
0 0.303922 0.892078 0.200668 0.091274
