0 0.420317 0.143226 0.420108 0.083238
0 0.397163 0.039179 0.272841 0.042767
0 0.408636 0.307836 0.422612 0.043915
0 0.368586 0.359931 0.355861 0.050517
0 0.303713 0.452641 0.212766 0.086108
0 0.599082 0.550086 0.623279 0.061137
0 0.570088 0.614093 0.570296 0.049656
0 0.394451 0.670924 0.223196 0.057692
0 0.326241 0.763060 0.212766 0.050804
0 0.571548 0.760763 0.145181 0.041045
0 0.547142 0.815586 0.111389 0.043915
0 0.326658 0.814724 0.168544 0.045637
0 0.493951 0.868542 0.506466 0.048794
0 0.419065 0.936137 0.353358 0.069747
0 0.714852 0.916475 0.199833 0.039610
