0 0.533792 0.176091 0.403421 0.049656
0 0.308928 0.059989 0.303296 0.098737
0 0.279933 0.231917 0.231122 0.048794
0 0.279516 0.334673 0.218607 0.047072
0 0.307885 0.400976 0.256154 0.037887
0 0.664372 0.434127 0.328327 0.096154
0 0.601794 0.358496 0.336671 0.068886
0 0.681268 0.262629 0.503129 0.096441
0 0.501877 0.570034 0.239466 0.059127
0 0.487902 0.628301 0.214018 0.044776
0 0.505841 0.683840 0.233208 0.053674
0 0.765749 0.652698 0.277430 0.091274
0 0.801210 0.570608 0.341677 0.060850
0 0.262829 0.587830 0.222778 0.107348
0 0.254485 0.502153 0.189403 0.034730
0 0.471840 0.500574 0.141844 0.031573
0 0.756154 0.502296 0.189821 0.033295
