0 0.476429 0.418628 0.588235 0.073192
0 0.656654 0.370408 0.387985 0.058840
0 0.240300 0.134759 0.182728 0.141504
0 0.428869 0.092853 0.084272 0.059414
0 0.435544 0.160591 0.098456 0.064007
0 0.630163 0.094432 0.092199 0.066016
0 0.634543 0.160304 0.092616 0.061137
0 0.627660 0.026837 0.150605 0.044489
0 0.789737 0.034730 0.064247 0.053387
0 0.414685 0.026119 0.131831 0.045924
0 0.224864 0.028846 0.100960 0.045063
0 0.458490 0.723163 0.441385 0.080654
0 0.425741 0.789610 0.400083 0.048794
0 0.307468 0.860792 0.130997 0.076923
