0 0.520859 0.501292 0.538590 0.073192
0 0.354610 0.570321 0.117647 0.053387
0 0.470171 0.614380 0.487276 0.041045
0 0.512098 0.665471 0.559449 0.039323
0 0.552149 0.738088 0.656237 0.070896
0 0.745307 0.832664 0.329161 0.083238
0 0.412808 0.864093 0.350021 0.055970
0 0.362537 0.806975 0.277847 0.050804
0 0.681060 0.093571 0.410096 0.059701
0 0.633500 0.168197 0.305799 0.045350
0 0.348769 0.078502 0.104297 0.040471
0 0.457030 0.023680 0.307468 0.038749
0 0.382770 0.279133 0.178139 0.070321
0 0.580935 0.258467 0.158949 0.037600
0 0.367126 0.370121 0.143513 0.075488
0 0.420526 0.447187 0.103463 0.039610
