0 0.282854 0.150258 0.171047 0.035878
0 0.488736 0.142796 0.133917 0.023249
0 0.682311 0.146814 0.244055 0.036452
0 0.445140 0.175804 0.097622 0.024397
0 0.582603 0.228186 0.423446 0.030425
0 0.454944 0.259902 0.138924 0.028416
0 0.602211 0.310706 0.471840 0.027268
0 0.567167 0.349024 0.346683 0.035017
0 0.744681 0.432262 0.286191 0.036739
0 0.673550 0.501722 0.107217 0.031573
0 0.712140 0.537600 0.181894 0.036165
0 0.451815 0.707090 0.604088 0.038749
0 0.560492 0.756028 0.622028 0.034443
0 0.527952 0.794346 0.571131 0.039897
0 0.476429 0.839983 0.465582 0.038749
0 0.555069 0.890356 0.632040 0.037887
0 0.531289 0.922646 0.571965 0.026119
0 0.377555 0.954219 0.277013 0.027268
