0 0.245515 0.104908 0.149771 0.056544
0 0.493116 0.100603 0.166875 0.044489
0 0.211932 0.321900 0.168544 0.049082
0 0.499583 0.396096 0.755528 0.101033
0 0.653108 0.514064 0.467668 0.056831
0 0.658740 0.584242 0.461410 0.062859
0 0.492699 0.675086 0.149353 0.090126
0 0.700042 0.646958 0.233625 0.047646
0 0.190864 0.775258 0.108886 0.054535
0 0.192741 0.890356 0.115144 0.060276
0 0.481644 0.904707 0.400918 0.063720
0 0.396955 0.790471 0.222361 0.079793
0 0.661869 0.781142 0.196496 0.073192
0 0.580935 0.843571 0.264080 0.048220
0 0.848144 0.897101 0.216103 0.058840
