0 0.686692 0.486797 0.438882 0.052813
0 0.681268 0.382463 0.377138 0.074340
0 0.357947 0.430683 0.221110 0.061711
0 0.360033 0.347732 0.080935 0.035878
0 0.367960 0.489524 0.099291 0.041045
0 0.369629 0.554535 0.213600 0.039036
0 0.677514 0.602899 0.483104 0.046785
0 0.539007 0.782434 0.544013 0.109644
0 0.351898 0.284156 0.222361 0.047646
0 0.636629 0.281573 0.321235 0.066016
0 0.682728 0.214983 0.428452 0.052813
0 0.330622 0.199340 0.145599 0.064007
0 0.609929 0.134328 0.283688 0.044776
0 0.325407 0.123995 0.093450 0.043054
0 0.547768 0.081659 0.642470 0.042767
