0 0.301001 0.040327 0.295786 0.068599
0 0.654568 0.040758 0.392991 0.061998
0 0.673133 0.111653 0.274093 0.047646
0 0.459741 0.172216 0.565707 0.054535
0 0.513141 0.231343 0.639132 0.072905
0 0.269712 0.314724 0.206508 0.069173
0 0.531706 0.295781 0.281602 0.030138
0 0.786817 0.361079 0.142678 0.029851
0 0.258865 0.381315 0.174802 0.029564
0 0.453901 0.435850 0.564873 0.041045
0 0.285774 0.504449 0.243638 0.044489
0 0.450772 0.573479 0.558615 0.067738
0 0.349395 0.669776 0.355861 0.093858
0 0.662078 0.701206 0.124322 0.024684
0 0.397163 0.735792 0.403004 0.022675
0 0.484773 0.807979 0.633292 0.071757
