0 0.537756 0.060706 0.576554 0.038749
0 0.526074 0.146814 0.750104 0.109357
0 0.505423 0.261768 0.703796 0.095867
0 0.416354 0.347158 0.487276 0.041619
0 0.551731 0.433697 0.656237 0.136051
0 0.197747 0.382463 0.043388 0.031286
0 0.504172 0.554248 0.566124 0.119403
0 0.198582 0.529420 0.053400 0.076636
0 0.199833 0.645522 0.049228 0.067738
0 0.335419 0.637773 0.216938 0.035591
0 0.561952 0.685850 0.659157 0.058840
0 0.477263 0.772532 0.508970 0.100746
0 0.565499 0.868542 0.545265 0.077497
0 0.258239 0.842710 0.086775 0.053961
