0 0.494159 0.044776 0.719650 0.041906
0 0.697330 0.092423 0.250730 0.033869
0 0.681060 0.126292 0.275761 0.031573
0 0.491656 0.160304 0.727993 0.035304
0 0.683771 0.218140 0.230288 0.075775
0 0.309762 0.245838 0.369212 0.030712
0 0.701085 0.286596 0.253233 0.046211
0 0.685857 0.334960 0.288694 0.041332
0 0.281393 0.346728 0.158114 0.039036
0 0.449729 0.379736 0.662495 0.040184
0 0.504798 0.422503 0.698373 0.044202
0 0.276179 0.478473 0.305382 0.035017
0 0.330622 0.513347 0.327493 0.032434
0 0.439716 0.547216 0.537338 0.033582
0 0.522111 0.580654 0.697121 0.040184
0 0.271172 0.617107 0.146016 0.038462
0 0.381519 0.668197 0.502712 0.037313
0 0.501460 0.701780 0.606592 0.027555
0 0.504380 0.733783 0.594076 0.033008
0 0.315186 0.769518 0.237380 0.038462
0 0.329161 0.804822 0.154360 0.029851
0 0.581352 0.839552 0.465165 0.044202
