0 0.320401 0.246699 0.187735 0.065155
0 0.484564 0.303674 0.507718 0.044202
0 0.330204 0.367681 0.204005 0.065442
0 0.443054 0.421785 0.432207 0.038749
0 0.700459 0.457807 0.403004 0.039036
0 0.497705 0.524397 0.149353 0.075201
0 0.713600 0.558410 0.142261 0.039323
0 0.316854 0.555970 0.143930 0.042480
0 0.485398 0.605482 0.151439 0.038749
0 0.494368 0.654707 0.190238 0.025832
0 0.233834 0.642222 0.106383 0.073766
0 0.377555 0.708525 0.306216 0.043915
0 0.672924 0.793915 0.350438 0.075775
0 0.509595 0.135046 0.564456 0.109357
0 0.338965 0.063146 0.234877 0.039036
