0 0.613267 0.774254 0.327910 0.096728
0 0.292866 0.760046 0.240300 0.099311
0 0.379433 0.657290 0.387568 0.069460
0 0.612432 0.569891 0.347935 0.040471
0 0.327701 0.584386 0.203171 0.067738
0 0.198999 0.570321 0.068419 0.043628
0 0.540050 0.519374 0.705465 0.039323
0 0.147893 0.517078 0.059658 0.043341
0 0.400918 0.453645 0.365457 0.065729
0 0.401544 0.397388 0.449312 0.041619
0 0.503755 0.351607 0.562787 0.041906
0 0.653317 0.132176 0.405507 0.065155
0 0.312891 0.064581 0.221944 0.062572
0 0.562161 0.069317 0.214852 0.049656
0 0.468085 0.882750 0.585732 0.077210
0 0.143304 0.856487 0.063830 0.048794
