0 0.530663 0.379018 0.145181 0.072618
0 0.370463 0.315011 0.146016 0.041045
0 0.195870 0.309701 0.173967 0.036165
0 0.288694 0.360649 0.185232 0.048507
0 0.276179 0.428674 0.134335 0.041045
0 0.247393 0.252870 0.120985 0.049943
0 0.410722 0.258324 0.134752 0.054535
0 0.343972 0.204219 0.228202 0.047359
0 0.536713 0.152842 0.098874 0.057692
0 0.389445 0.145666 0.087192 0.047933
0 0.211306 0.143083 0.183980 0.042767
0 0.368169 0.081659 0.198999 0.042767
0 0.575094 0.078789 0.114727 0.038175
0 0.564873 0.043628 0.081769 0.032147
0 0.328953 0.041332 0.125574 0.032147
