0 0.365874 0.403846 0.171047 0.078645
0 0.641010 0.397245 0.158949 0.064868
0 0.740926 0.493542 0.342094 0.078358
0 0.670630 0.579076 0.194827 0.049082
0 0.620150 0.652124 0.167292 0.056257
0 0.383605 0.799082 0.213183 0.083812
0 0.633500 0.793054 0.216521 0.060850
0 0.228619 0.787744 0.077597 0.045063
0 0.458281 0.876866 0.226533 0.061424
0 0.258239 0.870838 0.128494 0.040758
0 0.249479 0.947618 0.215269 0.082377
0 0.402169 0.312285 0.072591 0.058553
0 0.284105 0.314724 0.122653 0.045063
0 0.236337 0.257893 0.098039 0.055396
0 0.350647 0.130166 0.212349 0.048507
0 0.289111 0.181975 0.066750 0.043054
0 0.499166 0.068743 0.361702 0.047933
