0 0.406758 0.039897 0.267000 0.060276
0 0.467668 0.111510 0.267835 0.078358
0 0.512933 0.193599 0.489362 0.093858
0 0.472257 0.279707 0.307050 0.044489
0 0.492908 0.348881 0.360033 0.074914
0 0.574677 0.414466 0.511890 0.065442
0 0.524614 0.481487 0.400918 0.061137
0 0.468085 0.565299 0.399666 0.055970
0 0.474552 0.636625 0.417605 0.034443
0 0.356279 0.665614 0.191072 0.032721
0 0.462453 0.721728 0.390905 0.065729
0 0.508344 0.771096 0.513559 0.040471
0 0.519399 0.805683 0.507301 0.030999
0 0.524406 0.848163 0.512307 0.047646
