0 0.482895 0.074196 0.567793 0.024397
0 0.387359 0.125144 0.378390 0.024110
0 0.374009 0.162887 0.362537 0.033008
0 0.384856 0.194030 0.364205 0.026406
0 0.402378 0.227325 0.410930 0.025258
0 0.407593 0.262773 0.417188 0.028416
0 0.496662 0.315011 0.591990 0.035878
0 0.462036 0.345436 0.539424 0.024397
0 0.494577 0.384185 0.588652 0.034156
0 0.420526 0.546642 0.403838 0.028990
0 0.448894 0.586682 0.354610 0.035591
0 0.271381 0.715413 0.050480 0.022101
0 0.801210 0.716418 0.229871 0.021814
0 0.546308 0.755597 0.602003 0.030712
0 0.470588 0.789753 0.442219 0.031286
