0 0.047470 0.492278 0.060325 0.075950
0 0.092945 0.531130 0.041370 0.102788
0 0.147242 0.486797 0.050950 0.079435
0 0.191022 0.505102 0.032764 0.043305
0 0.232891 0.495769 0.028474 0.038990
0 0.274399 0.494694 0.028702 0.066502
0 0.346887 0.506893 0.030625 0.037320
0 0.367103 0.520168 0.025601 0.039952
0 0.319135 0.487398 0.066514 0.059099
0 0.394020 0.485956 0.023450 0.052873
0 0.406214 0.515625 0.020096 0.033726
0 0.448798 0.496965 0.040673 0.054796
0 0.475361 0.517656 0.028702 0.046418
0 0.560769 0.503065 0.071298 0.072260
0 0.621538 0.494453 0.040192 0.118185
0 0.653233 0.483924 0.058125 0.066983
0 0.688401 0.534645 0.034207 0.094748
0 0.766274 0.490505 0.025841 0.080144
0 0.785174 0.487278 0.025349 0.051671
0 0.805865 0.513714 0.025120 0.036130
0 0.837452 0.487278 0.040913 0.053594
0 0.857188 0.518732 0.028702 0.047608
0 0.889724 0.536202 0.024880 0.045216
0 0.922139 0.502825 0.039471 0.111490
0 0.963888 0.496130 0.033498 0.031587
