0 0.278083 0.451088 0.046430 0.073930
0 0.312296 0.467434 0.034832 0.036959
0 0.348335 0.465745 0.032993 0.035433
0 0.392476 0.452921 0.042452 0.071466
0 0.433101 0.458263 0.030240 0.066286
0 0.483353 0.466977 0.036659 0.039099
0 0.518636 0.455210 0.032680 0.060180
0 0.549483 0.464982 0.039399 0.044291
0 0.272127 0.534171 0.040024 0.048870
0 0.304351 0.536160 0.022596 0.045517
0 0.330625 0.543035 0.028101 0.032993
0 0.361935 0.529435 0.044904 0.058341
0 0.394002 0.529129 0.027188 0.051623
0 0.428215 0.536617 0.028401 0.032993
0 0.460901 0.539669 0.033293 0.037873
0 0.494044 0.558456 0.033594 0.079724
0 0.526118 0.534020 0.025649 0.037560
0 0.561707 0.537993 0.031466 0.038173
0 0.594387 0.540439 0.039399 0.043065
0 0.632722 0.527758 0.043978 0.058041
0 0.664489 0.526388 0.030541 0.066286
0 0.694886 0.545168 0.038786 0.045216
0 0.742230 0.538450 0.044892 0.039712
