0 0.045685 0.344303 0.034904 0.075625
0 0.072212 0.350697 0.016899 0.090313
0 0.145559 0.343594 0.026839 0.066635
0 0.175168 0.366725 0.031106 0.037728
0 0.211563 0.353936 0.041683 0.059219
0 0.246454 0.358438 0.014519 0.062524
0 0.282692 0.352512 0.034255 0.061106
0 0.317272 0.363407 0.030793 0.044050
0 0.362194 0.349910 0.041046 0.062849
0 0.398672 0.364669 0.035685 0.043113
0 0.437350 0.367590 0.031262 0.037897
0 0.489063 0.352115 0.020048 0.062212
0 0.542037 0.358828 0.056526 0.050373
0 0.607488 0.361671 0.055745 0.044688
0 0.653197 0.358828 0.031899 0.050685
0 0.718335 0.344225 0.050998 0.069796
0 0.760571 0.360805 0.034099 0.044207
0 0.791442 0.354405 0.020361 0.059844
0 0.817175 0.363251 0.026370 0.044675
0 0.843077 0.351406 0.026370 0.069639
0 0.886334 0.349597 0.031418 0.065685
0 0.142608 0.491635 0.041322 0.073702
0 0.185018 0.503383 0.037055 0.042560
0 0.216989 0.505018 0.022800 0.048666
0 0.245805 0.499008 0.027091 0.063137
0 0.274111 0.502163 0.030337 0.042163
0 0.301502 0.504814 0.021178 0.034411
0 0.328792 0.492290 0.032175 0.067200
0 0.369213 0.500944 0.039700 0.071478
0 0.415132 0.508269 0.028101 0.040120
0 0.448227 0.507758 0.034411 0.039507
0 0.482843 0.511941 0.030757 0.041334
0 0.515120 0.502362 0.033798 0.042969
0 0.546887 0.505829 0.033798 0.040120
0 0.632620 0.502061 0.032572 0.054988
0 0.666629 0.498600 0.028906 0.053762
0 0.698191 0.501046 0.023618 0.043990
0 0.728233 0.503083 0.039303 0.124627
0 0.762542 0.492897 0.038690 0.058654
0 0.792680 0.488317 0.019952 0.065769
0 0.813960 0.497782 0.023017 0.046430
0 0.841046 0.502470 0.027500 0.044796
0 0.869657 0.489435 0.035445 0.085529
0 0.903155 0.511124 0.030349 0.042969
0 0.938588 0.503996 0.037680 0.047031
0 0.965877 0.542181 0.047861 0.137656
0 0.142428 0.626593 0.031587 0.077921
0 0.174327 0.642800 0.037187 0.043413
0 0.201647 0.678642 0.047380 0.108870
0 0.245799 0.643948 0.035950 0.049868
0 0.279772 0.627632 0.031587 0.081659
0 0.322987 0.645715 0.039483 0.043425
0 0.354044 0.638642 0.015998 0.060048
0 0.377007 0.650072 0.023678 0.047572
