0 0.026953 0.400871 0.023353 0.075613
0 0.050096 0.407524 0.022404 0.076971
0 0.068630 0.419201 0.027692 0.042488
0 0.096532 0.410517 0.027560 0.062861
0 0.125451 0.404814 0.022945 0.062584
0 0.151082 0.423107 0.026803 0.033666
0 0.172121 0.417181 0.015901 0.052368
0 0.197680 0.421082 0.028990 0.046442
0 0.222145 0.420457 0.022440 0.038966
0 0.246605 0.409231 0.022127 0.062019
0 0.273570 0.420144 0.029303 0.043317
0 0.343690 0.410950 0.036154 0.066707
0 0.379537 0.424507 0.032416 0.033966
0 0.410547 0.411575 0.031478 0.062957
0 0.438281 0.424195 0.026490 0.036466
0 0.463528 0.421701 0.023377 0.038954
0 0.487368 0.450222 0.039279 0.086022
0 0.031250 0.575661 0.033341 0.105649
0 0.058678 0.560391 0.018389 0.031478
0 0.080180 0.561797 0.023990 0.031166
0 0.109008 0.560234 0.049243 0.093498
0 0.144850 0.556959 0.024315 0.044567
0 0.176490 0.555252 0.017764 0.043005
0 0.236328 0.554002 0.029603 0.069808
0 0.266869 0.549952 0.024002 0.064207
0 0.288840 0.564754 0.027416 0.047680
0 0.318912 0.553534 0.031478 0.065144
0 0.346502 0.550421 0.026803 0.069495
0 0.366755 0.565222 0.019327 0.030541
0 0.387638 0.560240 0.021190 0.036779
0 0.413660 0.562103 0.024627 0.038029
0 0.438750 0.563972 0.024928 0.047368
0 0.471316 0.560234 0.030853 0.046118
0 0.525703 0.565847 0.034916 0.040517
0 0.556088 0.563816 0.028978 0.039579
0 0.584453 0.568029 0.028353 0.037404
0 0.609075 0.587506 0.032716 0.083834
0 0.634627 0.562728 0.028365 0.041130
0 0.664549 0.555715 0.030228 0.059531
0 0.710517 0.550258 0.033029 0.058594
0 0.732800 0.564135 0.020264 0.017139
0 0.755865 0.546370 0.030240 0.070120
0 0.777837 0.550733 0.020577 0.070120
0 0.797320 0.566004 0.025240 0.038329
0 0.817103 0.567716 0.018077 0.033029
0 0.831130 0.565379 0.018077 0.032728
0 0.851701 0.564754 0.016839 0.032103
0 0.877879 0.549639 0.031166 0.061707
0 0.908894 0.559459 0.028990 0.034591
0 0.939123 0.556803 0.025240 0.045505
0 0.959231 0.564597 0.026803 0.046743
