0 0.037218 0.474111 0.038257 0.069736
0 0.069159 0.496328 0.031779 0.042584
0 0.098624 0.494321 0.030853 0.041046
0 0.136575 0.473185 0.042572 0.066034
0 0.191184 0.490619 0.040733 0.038570
0 0.229441 0.492314 0.027151 0.040108
0 0.260144 0.484447 0.027452 0.072500
0 0.288528 0.502957 0.034868 0.037332
0 0.333269 0.520547 0.035481 0.087945
0 0.367831 0.489387 0.021911 0.060168
0 0.390974 0.499255 0.024375 0.047212
0 0.415499 0.504195 0.025925 0.046587
0 0.456076 0.482903 0.049675 0.070661
0 0.517314 0.500956 0.055541 0.049988
0 0.619297 0.482133 0.033017 0.060469
0 0.643203 0.500956 0.026526 0.035180
0 0.673750 0.498179 0.020361 0.053690
0 0.705685 0.501881 0.041659 0.033930
0 0.748263 0.500337 0.038570 0.046274
0 0.784056 0.493546 0.025613 0.052452
0 0.820000 0.505120 0.043197 0.044736
0 0.862891 0.493858 0.020974 0.049976
0 0.888810 0.501268 0.039495 0.040108
0 0.932001 0.498023 0.040733 0.036719
0 0.969026 0.498792 0.020361 0.049363
