0 0.027921 0.500108 0.025625 0.015865
0 0.084675 0.495228 0.034663 0.057356
0 0.113233 0.508534 0.020986 0.026370
0 0.150829 0.506460 0.042476 0.029050
0 0.200619 0.507927 0.041983 0.032464
0 0.238582 0.510974 0.024159 0.027332
0 0.268359 0.510240 0.029531 0.027332
0 0.297043 0.504988 0.017572 0.041250
0 0.324255 0.495475 0.026611 0.052969
0 0.355865 0.504381 0.024904 0.027825
0 0.386989 0.495102 0.023185 0.041983
0 0.407861 0.497428 0.015144 0.039303
0 0.436298 0.503041 0.025144 0.031971
0 0.467909 0.504261 0.021971 0.033930
0 0.526130 0.519513 0.034904 0.027344
0 0.594958 0.502188 0.030517 0.028798
0 0.624495 0.492668 0.031971 0.051755
0 0.660379 0.501208 0.036863 0.031238
0 0.700901 0.501334 0.029543 0.033437
0 0.725925 0.476550 0.026851 0.028317
0 0.816358 0.489615 0.039784 0.070048
0 0.853582 0.499501 0.028798 0.032224
0 0.881286 0.502061 0.031971 0.032464
0 0.913510 0.486076 0.036370 0.064940
0 0.960012 0.482536 0.030264 0.071514
