0 0.021935 0.488041 0.027716 0.065601
0 0.064219 0.494790 0.025577 0.071046
0 0.174231 0.484964 0.017764 0.048077
0 0.190457 0.496917 0.010889 0.025108
0 0.202650 0.496094 0.011599 0.046178
0 0.215799 0.505565 0.014219 0.036707
0 0.232139 0.507698 0.012308 0.026286
0 0.245757 0.504856 0.009712 0.024880
0 0.256659 0.501184 0.014447 0.034099
0 0.268618 0.505799 0.017524 0.030084
0 0.286737 0.492422 0.020132 0.058257
0 0.305799 0.492662 0.012320 0.058738
0 0.314681 0.513143 0.010180 0.018233
0 0.379694 0.483894 0.013738 0.048798
0 0.405751 0.496328 0.029363 0.029603
0 0.456791 0.486382 0.029615 0.066082
0 0.480349 0.486857 0.015625 0.067031
0 0.493143 0.491124 0.015637 0.060397
0 0.508882 0.489423 0.014976 0.054447
0 0.527013 0.500048 0.020300 0.028678
0 0.552782 0.528648 0.029002 0.091022
0 0.586214 0.518095 0.010793 0.030613
0 0.604339 0.493371 0.016755 0.041406
0 0.618516 0.496989 0.015469 0.038666
0 0.629069 0.501743 0.013377 0.034952
0 0.646064 0.489663 0.019339 0.054928
0 0.669748 0.504002 0.019014 0.029808
0 0.692464 0.494898 0.018365 0.043185
0 0.705913 0.502230 0.013053 0.029796
0 0.729111 0.491755 0.024327 0.052043
0 0.760288 0.501016 0.014495 0.030613
0 0.779459 0.501911 0.015793 0.025937
0 0.802091 0.490871 0.028510 0.053161
0 0.848498 0.483780 0.025938 0.050589
0 0.867344 0.498846 0.019495 0.027236
0 0.883612 0.500054 0.022079 0.038017
0 0.903756 0.489099 0.011118 0.045745
0 0.916400 0.518335 0.015469 0.067825
0 0.935811 0.492879 0.013690 0.049459
0 0.953852 0.495379 0.015300 0.046719
0 0.978347 0.495300 0.027873 0.045264
