0 0.022782 0.410252 0.028065 0.072837
0 0.047476 0.429790 0.025577 0.037296
0 0.068792 0.425703 0.019892 0.039075
0 0.117638 0.416821 0.028065 0.068209
0 0.145174 0.431563 0.024868 0.033750
0 0.164002 0.430144 0.017764 0.030913
0 0.184784 0.413269 0.025938 0.051875
0 0.245000 0.416466 0.040505 0.059687
0 0.268450 0.427121 0.019183 0.044050
0 0.292254 0.415931 0.027007 0.062175
0 0.313570 0.427656 0.019904 0.045120
0 0.331514 0.425174 0.025938 0.040853
0 0.391911 0.450751 0.024519 0.089892
0 0.413047 0.426238 0.023450 0.040144
0 0.428858 0.424633 0.017404 0.041214
0 0.446262 0.426593 0.017404 0.040853
0 0.464381 0.412740 0.018113 0.057909
0 0.483570 0.427662 0.023798 0.033041
0 0.497782 0.421971 0.010300 0.050096
0 0.518744 0.430859 0.023089 0.038017
0 0.539700 0.416647 0.020962 0.055072
0 0.557109 0.425883 0.016695 0.036599
0 0.577716 0.427482 0.025937 0.035517
0 0.632963 0.429790 0.021310 0.035877
0 0.652145 0.429964 0.017055 0.034111
0 0.675240 0.426593 0.026995 0.035877
0 0.743624 0.417891 0.018834 0.056839
0 0.765300 0.428900 0.018822 0.036238
0 0.788570 0.429261 0.022019 0.031262
0 0.807224 0.419663 0.015986 0.051154
0 0.827290 0.438137 0.031262 0.045481
0 0.851809 0.423750 0.008522 0.052933
0 0.869399 0.426947 0.027356 0.049375
0 0.896214 0.427127 0.024159 0.040505
0 0.917710 0.423924 0.018113 0.042632
0 0.952885 0.417536 0.011010 0.054712
0 0.967272 0.428726 0.016346 0.042981
0 0.983257 0.412206 0.020601 0.060397
0 0.025090 0.570655 0.019892 0.039796
0 0.043564 0.564435 0.013498 0.045120
0 0.064171 0.573143 0.025577 0.034820
0 0.113558 0.555907 0.025577 0.062175
0 0.135757 0.572788 0.020962 0.031971
0 0.160625 0.571725 0.023798 0.031262
0 0.189760 0.573498 0.032332 0.041923
0 0.227061 0.572788 0.028065 0.033389
0 0.283017 0.573678 0.022740 0.040144
0 0.304868 0.570120 0.019543 0.042284
0 0.325649 0.573323 0.019904 0.038017
0 0.366508 0.562308 0.024868 0.049375
0 0.388534 0.572428 0.019904 0.036947
0 0.407362 0.575631 0.021310 0.032680
0 0.465270 0.602097 0.023450 0.097704
0 0.488894 0.568882 0.019543 0.029135
0 0.506665 0.562837 0.011719 0.044760
0 0.519627 0.567458 0.017764 0.035517
0 0.541833 0.568341 0.016695 0.033750
0 0.561731 0.555024 0.024519 0.068918
0 0.580198 0.565499 0.013858 0.050805
0 0.595835 0.568522 0.018113 0.040505
0 0.614135 0.570294 0.016346 0.036238
0 0.630649 0.558395 0.024519 0.057200
0 0.653564 0.565859 0.020613 0.043690
0 0.675595 0.568347 0.029844 0.035877
0 0.731190 0.554669 0.052933 0.068209
0 0.765481 0.599255 0.030553 0.099832
0 0.789105 0.561947 0.018113 0.064303
0 0.807043 0.559105 0.022740 0.052224
0 0.828185 0.570475 0.022380 0.045829
0 0.852338 0.556623 0.020252 0.060745
0 0.866905 0.569056 0.018834 0.038017
0 0.887332 0.592680 0.025577 0.088101
0 0.908299 0.563017 0.017055 0.056490
0 0.926587 0.565325 0.027356 0.041202
