0 0.125547 0.419399 0.047248 0.076034
0 0.172260 0.433606 0.039087 0.040505
0 0.213474 0.414069 0.039087 0.068209
0 0.261082 0.431653 0.041923 0.042272
0 0.315613 0.432013 0.032332 0.042993
0 0.350607 0.464519 0.051863 0.101611
0 0.398750 0.433257 0.035168 0.038365
0 0.434453 0.416737 0.034820 0.071406
0 0.476022 0.430944 0.034111 0.037296
0 0.518293 0.430409 0.054712 0.046899
0 0.572831 0.432722 0.057921 0.048666
0 0.120571 0.559904 0.054363 0.065721
0 0.193227 0.553690 0.055421 0.065361
0 0.265349 0.555108 0.048317 0.064663
0 0.339417 0.571635 0.032320 0.020962
0 0.401767 0.559375 0.041202 0.049038
0 0.449549 0.593131 0.044411 0.084555
0 0.508173 0.570030 0.051514 0.041214
0 0.559688 0.554399 0.040144 0.061106
0 0.607825 0.558486 0.040505 0.062885
0 0.650811 0.572344 0.051166 0.040144
0 0.688828 0.569675 0.026286 0.039784
0 0.722578 0.570745 0.051166 0.045481
0 0.692380 0.419928 0.067500 0.064303
0 0.771605 0.413005 0.063233 0.073894
0 0.862025 0.416376 0.081358 0.084916
