0 0.018125 0.350451 0.030000 0.075156
0 0.053419 0.367740 0.028257 0.035529
0 0.085793 0.364982 0.026370 0.086526
0 0.107975 0.370974 0.024002 0.034111
0 0.137260 0.371605 0.024159 0.031262
0 0.174844 0.371611 0.041851 0.032524
0 0.214549 0.371532 0.024315 0.028257
0 0.240288 0.357873 0.018317 0.056851
0 0.261526 0.366797 0.014375 0.041839
0 0.283954 0.370980 0.021635 0.031575
0 0.306370 0.370030 0.024471 0.035685
0 0.330216 0.370980 0.014688 0.030950
0 0.357374 0.355186 0.023834 0.061887
0 0.388714 0.372163 0.021154 0.029207
0 0.425505 0.356130 0.032524 0.069159
0 0.448401 0.401923 0.031274 0.103582
0 0.478323 0.370661 0.026358 0.030000
0 0.503035 0.371292 0.029050 0.032536
0 0.570457 0.366316 0.031274 0.041526
0 0.630853 0.355505 0.033630 0.055889
0 0.660619 0.365216 0.021478 0.039952
0 0.679724 0.362374 0.016418 0.052897
0 0.705066 0.367031 0.027320 0.036947
0 0.726935 0.366635 0.018005 0.036466
0 0.787410 0.368371 0.027800 0.033954
0 0.811731 0.366316 0.018317 0.024796
0 0.830120 0.364111 0.025745 0.086058
0 0.886256 0.350054 0.019892 0.048474
0 0.905595 0.356611 0.012151 0.041683
0 0.928492 0.360000 0.025733 0.033317
0 0.951629 0.359531 0.019579 0.035841
0 0.972861 0.363161 0.020361 0.031106
0 0.989207 0.366082 0.013582 0.037572
0 0.019339 0.512236 0.023750 0.033197
0 0.046430 0.512879 0.026202 0.033522
0 0.072800 0.535745 0.021322 0.087380
0 0.100463 0.512151 0.023594 0.032380
0 0.127722 0.507921 0.025709 0.024567
0 0.152536 0.507350 0.021322 0.036767
0 0.213071 0.510853 0.030757 0.043774
0 0.243828 0.512560 0.020661 0.031899
0 0.261647 0.509141 0.017909 0.039050
0 0.286875 0.520288 0.013341 0.012524
0 0.372061 0.493840 0.026526 0.059892
0 0.402572 0.511094 0.026034 0.033846
0 0.433083 0.499778 0.025877 0.052560
0 0.458389 0.505637 0.016923 0.051587
0 0.481496 0.548029 0.030925 0.098293
0 0.508834 0.504423 0.023438 0.048822
0 0.534225 0.513618 0.014651 0.026202
0 0.550577 0.505805 0.015457 0.046707
0 0.577506 0.503444 0.021478 0.039387
0 0.645775 0.512638 0.031743 0.029123
0 0.673684 0.514994 0.021815 0.030589
0 0.698341 0.521917 0.022620 0.102680
0 0.755703 0.493600 0.041334 0.067536
0 0.786785 0.509790 0.018882 0.032873
0 0.808672 0.502957 0.010252 0.047837
0 0.825349 0.510847 0.021803 0.035637
0 0.853504 0.504339 0.017584 0.027188
0 0.923804 0.507512 0.040685 0.032548
0 0.023834 0.658834 0.022981 0.030192
0 0.049663 0.651623 0.023317 0.035216
0 0.082290 0.653720 0.025156 0.032031
0 0.109123 0.674351 0.021466 0.072620
0 0.130000 0.643570 0.008558 0.049639
0 0.148780 0.651959 0.024651 0.036226
0 0.178389 0.656406 0.021466 0.034375
0 0.200523 0.651118 0.021478 0.029856
0 0.223750 0.657494 0.022981 0.044603
0 0.287482 0.652212 0.046791 0.044784
0 0.373768 0.636028 0.031863 0.073450
0 0.402704 0.655649 0.022308 0.037236
0 0.424417 0.648774 0.012416 0.045288
0 0.448233 0.653305 0.026154 0.036899
0 0.482951 0.640637 0.023137 0.058197
0 0.510120 0.659417 0.026490 0.032368
0 0.534946 0.656743 0.025829 0.029351
0 0.562698 0.640048 0.018281 0.057019
0 0.584585 0.652800 0.018450 0.036226
0 0.600769 0.647596 0.007212 0.049303
0 0.617452 0.639213 0.022139 0.057031
