0 0.027296 0.524237 0.027476 0.112031
0 0.059982 0.491310 0.021791 0.027716
0 0.093377 0.490950 0.028413 0.032212
0 0.124880 0.493678 0.050216 0.089760
0 0.166917 0.477097 0.021550 0.065132
0 0.241406 0.479591 0.061587 0.061106
0 0.277885 0.475090 0.038365 0.063474
0 0.292091 0.515469 0.035529 0.092596
0 0.320986 0.482314 0.025577 0.057079
0 0.343131 0.485391 0.020132 0.047127
0 0.366106 0.494621 0.019663 0.031502
0 0.390150 0.471887 0.027945 0.056611
0 0.422242 0.473425 0.022031 0.050216
0 0.450781 0.485745 0.022740 0.044063
0 0.474706 0.491785 0.039315 0.039555
0 0.543978 0.512037 0.041442 0.129796
0 0.582464 0.491779 0.028894 0.038606
0 0.608047 0.487284 0.018954 0.039543
0 0.633510 0.492614 0.026298 0.034579
0 0.676262 0.491076 0.046418 0.033401
0 0.717945 0.474489 0.023678 0.065132
0 0.756550 0.479111 0.039327 0.058269
0 0.789591 0.488233 0.022500 0.033389
0 0.815883 0.488468 0.022031 0.029603
0 0.836484 0.492728 0.023450 0.035288
0 0.864555 0.476983 0.029375 0.059207
0 0.889543 0.485270 0.015865 0.037897
0 0.904934 0.490956 0.024868 0.029844
0 0.934303 0.478642 0.032452 0.059688
0 0.968293 0.489056 0.027476 0.031262
