0 0.032638 0.463942 0.031623 0.070337
0 0.060355 0.482590 0.028065 0.041575
0 0.086641 0.468918 0.030204 0.066082
0 0.110090 0.481346 0.013858 0.054712
0 0.130697 0.488630 0.024519 0.040144
0 0.161070 0.514567 0.029135 0.114038
0 0.193582 0.482410 0.022380 0.036238
0 0.220222 0.480637 0.028065 0.038365
0 0.241364 0.517404 0.034820 0.119014
0 0.268540 0.481707 0.028065 0.048317
0 0.294123 0.484724 0.028774 0.040144
0 0.327867 0.477794 0.021671 0.040493
0 0.411178 0.465361 0.031971 0.068221
0 0.432320 0.499471 0.028774 0.040505
0 0.456659 0.487386 0.027716 0.076743
0 0.500000 0.477085 0.039087 0.031262
0 0.548498 0.476731 0.045120 0.063245
0 0.582957 0.480637 0.016707 0.022019
0 0.605871 0.474778 0.029844 0.055060
0 0.659513 0.474778 0.026286 0.031623
0 0.711214 0.477794 0.038726 0.056839
0 0.747626 0.477440 0.015637 0.019904
0 0.771785 0.484724 0.031262 0.042284
0 0.789724 0.482236 0.016707 0.019543
0 0.827206 0.468023 0.035517 0.072825
0 0.862380 0.478858 0.025577 0.038365
0 0.902344 0.468383 0.025937 0.055781
0 0.918335 0.503912 0.038017 0.050805
0 0.945511 0.514742 0.026286 0.034099
0 0.973930 0.530379 0.026995 0.083137
