0 0.165319 0.498119 0.041166 0.064844
0 0.211923 0.499345 0.025889 0.068305
0 0.237680 0.512909 0.031562 0.040673
0 0.269249 0.505511 0.019724 0.054002
0 0.302037 0.514387 0.038954 0.035264
0 0.351100 0.510072 0.038954 0.038966
0 0.439862 0.503293 0.055228 0.075192
0 0.493864 0.517224 0.038474 0.035505
0 0.529862 0.498480 0.033522 0.072488
0 0.565000 0.507981 0.035264 0.042163
0 0.596556 0.516484 0.023425 0.031550
0 0.629351 0.511923 0.029832 0.036250
0 0.659922 0.502927 0.017007 0.050300
0 0.691977 0.512169 0.037224 0.038209
0 0.735246 0.495649 0.035998 0.071250
0 0.773588 0.511304 0.030325 0.039940
0 0.807987 0.505138 0.022680 0.055228
0 0.840775 0.499838 0.038954 0.069772
