0 0.037704 0.468468 0.065361 0.074603
0 0.065595 0.490138 0.029483 0.045469
0 0.099345 0.488365 0.023089 0.045481
0 0.124928 0.479483 0.033750 0.066082
0 0.170397 0.496713 0.041563 0.040853
0 0.209832 0.489255 0.023101 0.045120
0 0.227951 0.479309 0.016695 0.063594
0 0.246605 0.486941 0.020613 0.041214
0 0.290835 0.489255 0.030204 0.047957
0 0.319609 0.487121 0.030204 0.045829
0 0.357266 0.488185 0.038017 0.048678
0 0.452482 0.479129 0.060036 0.066791
0 0.518564 0.484808 0.035877 0.043341
0 0.549291 0.481965 0.020601 0.047608
0 0.567236 0.487121 0.018822 0.041575
0 0.588906 0.484459 0.028077 0.048317
0 0.612536 0.491382 0.035529 0.030192
0 0.675240 0.480192 0.024519 0.057548
0 0.706683 0.487656 0.034111 0.038365
0 0.799405 0.467939 0.025589 0.057200
0 0.823029 0.466869 0.027356 0.079940
0 0.849856 0.483924 0.039784 0.047248
0 0.878630 0.502398 0.032692 0.146022
0 0.903852 0.493696 0.036238 0.155613
0 0.937428 0.476995 0.028774 0.050457
0 0.971178 0.484279 0.043702 0.060745
