0 0.047518 0.493119 0.043353 0.052584
0 0.085355 0.485300 0.021671 0.028413
0 0.146995 0.494718 0.031971 0.018834
0 0.154453 0.461496 0.032680 0.051166
0 0.152320 0.531845 0.035529 0.055421
0 0.298696 0.489742 0.049026 0.047248
0 0.344525 0.477843 0.031262 0.031262
0 0.418780 0.474639 0.042632 0.064663
0 0.605823 0.490631 0.034459 0.056142
0 0.642067 0.489387 0.027356 0.024519
0 0.693930 0.482993 0.047957 0.048678
0 0.887554 0.475529 0.042993 0.056490
0 0.970691 0.471268 0.044411 0.048666
0 0.933744 0.477843 0.057200 0.063233
