0 0.020667 0.482019 0.026526 0.051635
0 0.045655 0.478462 0.021550 0.068221
0 0.060216 0.488528 0.024159 0.042873
0 0.090535 0.475974 0.030781 0.068918
0 0.116352 0.480595 0.026046 0.073425
0 0.145361 0.496695 0.025817 0.027476
0 0.172013 0.483672 0.021791 0.053065
0 0.190012 0.491725 0.017524 0.035998
0 0.213810 0.493504 0.016346 0.034339
0 0.238684 0.479645 0.032440 0.066310
0 0.267933 0.493383 0.028413 0.038834
0 0.588504 0.490895 0.034820 0.042873
0 0.616815 0.475264 0.027476 0.071298
0 0.636941 0.483912 0.027945 0.036478
0 0.665246 0.475853 0.034339 0.074375
0 0.690589 0.474675 0.021082 0.078630
0 0.717704 0.493383 0.025577 0.030781
0 0.741989 0.488407 0.028185 0.040733
0 0.783077 0.475619 0.023678 0.071526
0 0.810787 0.509964 0.033161 0.077212
0 0.847145 0.476448 0.029603 0.068930
0 0.863131 0.493504 0.015637 0.028185
0 0.882909 0.480835 0.034351 0.050685
0 0.915006 0.491845 0.023209 0.038137
0 0.946857 0.481184 0.037175 0.056142
0 0.987831 0.492668 0.025349 0.033630
