0 0.031262 0.278798 0.046394 0.064519
0 0.068353 0.278431 0.045192 0.061863
0 0.082734 0.314561 0.015469 0.014748
0 0.129856 0.279880 0.040601 0.058005
0 0.147981 0.312746 0.018846 0.013041
0 0.182049 0.280853 0.043978 0.058966
0 0.219513 0.285679 0.033353 0.078786
0 0.253468 0.276016 0.029243 0.068642
0 0.280042 0.280974 0.030685 0.068870
0 0.389273 0.291725 0.042776 0.071046
0 0.426250 0.293419 0.031178 0.047849
0 0.443762 0.299700 0.022716 0.048822
0 0.470228 0.294387 0.028269 0.050264
0 0.501887 0.282422 0.026346 0.062584
0 0.534507 0.295108 0.031659 0.040120
0 0.567013 0.299573 0.029483 0.038906
0 0.605072 0.294381 0.033582 0.036743
0 0.633588 0.325679 0.035998 0.111406
0 0.711641 0.279279 0.037945 0.068870
0 0.734597 0.299940 0.025373 0.037212
0 0.758161 0.286647 0.028029 0.058005
0 0.785715 0.294507 0.020300 0.032139
0 0.805649 0.321569 0.042764 0.108498
0 0.841052 0.293413 0.030925 0.047356
0 0.871623 0.279273 0.031178 0.075637
0 0.900373 0.288582 0.018125 0.063798
0 0.926358 0.293660 0.029471 0.043978
0 0.963810 0.284111 0.031899 0.073221
0 0.029681 0.497109 0.031815 0.065084
0 0.061611 0.500066 0.034519 0.074459
0 0.079363 0.525469 0.016274 0.018245
0 0.123257 0.485276 0.030577 0.064111
0 0.144706 0.508948 0.029579 0.046358
0 0.168005 0.515481 0.040673 0.061394
0 0.203017 0.501671 0.024399 0.068798
0 0.227422 0.512151 0.028353 0.044880
0 0.260835 0.513504 0.049315 0.040685
0 0.298191 0.500685 0.033786 0.062380
0 0.328516 0.508942 0.032296 0.041418
0 0.355763 0.513011 0.029579 0.037728
0 0.394471 0.499820 0.044375 0.057692
0 0.431208 0.498954 0.035012 0.059423
0 0.465733 0.498341 0.032548 0.060649
0 0.495192 0.504014 0.031803 0.062620
0 0.594928 0.496160 0.039255 0.069603
0 0.627879 0.509657 0.024651 0.047969
0 0.649261 0.505300 0.025156 0.053678
0 0.663684 0.510751 0.039916 0.039748
0 0.705451 0.499429 0.040252 0.061719
0 0.735553 0.502446 0.013918 0.053666
0 0.758882 0.544645 0.038630 0.112825
0 0.797248 0.513642 0.032019 0.039135
0 0.828762 0.513648 0.032524 0.037103
0 0.868023 0.546677 0.036334 0.109267
0 0.928498 0.501575 0.043966 0.069375
0 0.963437 0.500306 0.035577 0.054627
0 0.987452 0.505763 0.023630 0.047776
0 0.599171 0.632055 0.035841 0.068101
0 0.626995 0.649465 0.027452 0.043450
0 0.653678 0.635871 0.027957 0.067584
0 0.679976 0.654171 0.025673 0.036082
0 0.711995 0.641076 0.032788 0.060733
0 0.748462 0.654297 0.039135 0.045998
0 0.794838 0.654038 0.047007 0.043966
0 0.827867 0.676911 0.050060 0.079543
0 0.855439 0.663317 0.033546 0.130096
0 0.885805 0.648071 0.031250 0.041166
0 0.913888 0.645781 0.036599 0.052356
