0 0.079507 0.351388 0.039543 0.052728
0 0.035745 0.342055 0.055288 0.061154
0 0.152001 0.346082 0.048329 0.061154
0 0.179826 0.375192 0.032945 0.043197
0 0.234934 0.355781 0.050156 0.058582
0 0.291136 0.354688 0.037344 0.032212
0 0.358690 0.353588 0.040649 0.057127
0 0.398966 0.349014 0.029663 0.055288
0 0.476400 0.348648 0.060781 0.073594
0 0.511737 0.346815 0.046502 0.069207
0 0.550733 0.351575 0.037356 0.056755
0 0.593750 0.348828 0.036250 0.062248
0 0.627806 0.339489 0.025998 0.035517
0 0.660944 0.355054 0.025637 0.035877
0 0.709826 0.340409 0.043570 0.048341
0 0.737650 0.349748 0.041382 0.061875
0 0.766208 0.345535 0.028930 0.070300
0 0.787813 0.343155 0.044303 0.059675
0 0.832115 0.346268 0.039183 0.057849
0 0.871292 0.344075 0.043570 0.060048
0 0.904429 0.364026 0.022704 0.040649
0 0.946166 0.349195 0.041010 0.055649
0 0.971989 0.350294 0.025998 0.067368
0 0.060096 0.493089 0.060048 0.095192
0 0.135523 0.489069 0.036623 0.059315
0 0.168660 0.500781 0.021599 0.058582
0 0.202350 0.505541 0.025998 0.037356
0 0.231088 0.487963 0.033690 0.067368
0 0.264225 0.491076 0.024531 0.071406
0 0.301202 0.505355 0.030385 0.039171
0 0.338738 0.505721 0.036611 0.036250
0 0.379742 0.508101 0.034411 0.042476
0 0.413798 0.513960 0.030024 0.035156
0 0.451875 0.523480 0.039543 0.076887
0 0.486472 0.492909 0.016478 0.052356
0 0.513570 0.500601 0.025264 0.042837
0 0.043984 0.629663 0.046863 0.073966
0 0.104766 0.636983 0.046142 0.061514
0 0.141749 0.660421 0.043930 0.044663
0 0.205090 0.634056 0.031478 0.037344
0 0.263678 0.628750 0.039543 0.050889
0 0.301388 0.635337 0.044675 0.061875
0 0.395853 0.636256 0.064447 0.063714
0 0.434663 0.639002 0.056394 0.056755
0 0.492698 0.640643 0.046502 0.060781
0 0.543413 0.633510 0.041010 0.048702
0 0.595583 0.634970 0.035517 0.060421
0 0.637145 0.638822 0.022704 0.031490
0 0.674489 0.638816 0.037344 0.053450
0 0.709093 0.623438 0.027464 0.030024
0 0.753029 0.634243 0.028197 0.033317
0 0.790373 0.632590 0.036250 0.056382
0 0.813810 0.638269 0.030385 0.050889
0 0.854267 0.637903 0.043942 0.052368
0 0.893450 0.633510 0.027837 0.048702
0 0.930613 0.633696 0.042837 0.041743
