0 0.041923 0.411226 0.045120 0.083125
0 0.083311 0.425258 0.038377 0.048666
0 0.124874 0.424730 0.031262 0.039075
0 0.229507 0.413353 0.035889 0.067500
0 0.259351 0.423840 0.028774 0.039435
0 0.304645 0.414243 0.044050 0.051514
0 0.337151 0.423840 0.023101 0.037296
0 0.363624 0.425439 0.022031 0.034099
0 0.385469 0.419934 0.025937 0.071406
0 0.411052 0.421887 0.028065 0.051154
0 0.445865 0.414958 0.038726 0.071406
0 0.533263 0.402344 0.050805 0.072476
0 0.573233 0.418329 0.041923 0.034111
0 0.625811 0.411226 0.031983 0.063942
0 0.655475 0.420817 0.019531 0.032692
0 0.675547 0.422951 0.027007 0.032680
0 0.727776 0.405012 0.026995 0.061466
0 0.748377 0.410517 0.017764 0.064663
0 0.767031 0.416556 0.024519 0.057560
0 0.792434 0.407494 0.025589 0.072127
0 0.810198 0.412470 0.017055 0.062175
0 0.822452 0.424369 0.022380 0.039075
0 0.856737 0.421178 0.032680 0.035529
0 0.871659 0.440361 0.029832 0.036947
0 0.899195 0.421526 0.030913 0.025577
0 0.949814 0.405901 0.054002 0.083846
0 0.756550 0.563816 0.049038 0.042993
0 0.803095 0.568966 0.042632 0.044062
0 0.842885 0.571983 0.034111 0.035168
0 0.685847 0.552981 0.041214 0.068221
0 0.641797 0.573227 0.042632 0.049026
0 0.607867 0.563642 0.033041 0.035529
0 0.580871 0.559730 0.036599 0.027704
0 0.537524 0.576611 0.050096 0.117596
0 0.466653 0.564706 0.036238 0.045469
0 0.428101 0.563636 0.030913 0.044772
0 0.384760 0.549958 0.044399 0.074964
0 0.301983 0.534507 0.038726 0.040505
0 0.260595 0.557242 0.034820 0.071046
0 0.231106 0.573053 0.030553 0.045841
0 0.203035 0.556713 0.033401 0.054363
0 0.169111 0.564171 0.035889 0.033750
0 0.134117 0.569856 0.026286 0.032332
0 0.085619 0.568612 0.050084 0.039075
0 0.021845 0.577849 0.024868 0.033389
