0 0.021941 0.119868 0.033377 0.062452
0 0.046340 0.120769 0.016863 0.069976
0 0.061773 0.143017 0.028353 0.039832
0 0.092819 0.140505 0.032296 0.041274
0 0.125649 0.123462 0.024760 0.055264
0 0.151130 0.134219 0.021178 0.040192
0 0.180198 0.123095 0.031214 0.067464
0 0.217698 0.137626 0.029435 0.032656
0 0.246406 0.142476 0.036611 0.032308
0 0.273323 0.137452 0.016502 0.034447
0 0.298263 0.122200 0.029075 0.064231
0 0.364471 0.138708 0.024399 0.038401
0 0.396046 0.128125 0.030144 0.069615
0 0.420992 0.141400 0.024772 0.040180
0 0.450956 0.137806 0.026550 0.032296
0 0.479129 0.135300 0.021166 0.041635
0 0.504062 0.121665 0.025120 0.068185
0 0.532596 0.133510 0.028341 0.040192
0 0.558612 0.135475 0.027272 0.047728
0 0.650481 0.148576 0.034447 0.124171
0 0.688702 0.135294 0.030505 0.038041
0 0.719201 0.121484 0.023329 0.073570
0 0.044369 0.262873 0.066022 0.071418
0 0.088504 0.275793 0.027993 0.049880
0 0.113984 0.279201 0.031575 0.043065
0 0.147007 0.276869 0.025120 0.046286
0 0.175168 0.276154 0.024760 0.035529
0 0.208365 0.260895 0.043774 0.073209
0 0.314952 0.253726 0.035168 0.074639
0 0.341683 0.270228 0.034087 0.030144
0 0.386544 0.267356 0.042704 0.066034
0 0.431941 0.274892 0.038041 0.049519
0 0.464772 0.260541 0.021178 0.060288
0 0.491869 0.275793 0.026550 0.044135
0 0.519501 0.264850 0.032296 0.063882
0 0.606701 0.270409 0.029435 0.049159
0 0.632536 0.271845 0.035168 0.047728
0 0.668251 0.275613 0.042704 0.043053
0 0.696953 0.274177 0.023329 0.045925
0 0.722073 0.270950 0.027632 0.076803
0 0.777524 0.271304 0.025120 0.047368
0 0.805871 0.260541 0.018666 0.064591
0 0.835655 0.276148 0.035877 0.042704
0 0.876028 0.272566 0.039123 0.042704
0 0.907788 0.260901 0.020817 0.068894
0 0.932007 0.277770 0.034087 0.042344
0 0.964129 0.280276 0.030132 0.044495
0 0.060367 0.482680 0.028113 0.052019
0 0.087987 0.477752 0.019724 0.060409
0 0.117813 0.484411 0.033534 0.038221
0 0.154555 0.487248 0.035505 0.039447
0 0.186118 0.474056 0.025649 0.059916
0 0.218906 0.484531 0.027115 0.045865
0 0.272536 0.470102 0.033774 0.063858
0 0.310138 0.492055 0.029579 0.042163
0 0.351070 0.489339 0.036490 0.032788
0 0.387434 0.489339 0.025397 0.039687
0 0.421827 0.478978 0.032548 0.061394
0 0.504675 0.478738 0.023173 0.057452
0 0.532782 0.486629 0.026623 0.044627
0 0.563978 0.481076 0.032788 0.075445
0 0.651995 0.480337 0.053990 0.069038
0 0.698227 0.490697 0.036502 0.036490
0 0.735577 0.489339 0.024904 0.048077
0 0.820403 0.504748 0.040685 0.116370
0 0.862320 0.480956 0.023918 0.061887
0 0.889315 0.482680 0.030577 0.071755
0 0.924207 0.486502 0.026875 0.042909
0 0.955144 0.474543 0.037476 0.067308
0 0.533756 0.623648 0.038113 0.046406
0 0.560727 0.627230 0.025661 0.059627
0 0.584694 0.635727 0.031310 0.047921
0 0.615264 0.625156 0.044904 0.069808
0 0.467338 0.622891 0.036599 0.075853
0 0.434129 0.631382 0.034339 0.053582
0 0.404694 0.634970 0.041887 0.047921
0 0.363564 0.618930 0.039627 0.061875
0 0.330739 0.625535 0.038113 0.038858
0 0.287530 0.629681 0.040757 0.047921
0 0.216581 0.622897 0.039243 0.081130
0 0.186773 0.631947 0.027921 0.039615
0 0.144700 0.637422 0.035096 0.049050
0 0.100361 0.625913 0.040000 0.068293
0 0.058660 0.647043 0.034339 0.114327
0 0.071683 0.841947 0.040000 0.042260
0 0.109038 0.835343 0.039255 0.072825
0 0.143570 0.844585 0.031322 0.052825
0 0.172999 0.839489 0.025276 0.041887
0 0.200925 0.836286 0.035096 0.047548
0 0.232620 0.824778 0.029808 0.075084
0 0.265264 0.841382 0.038486 0.043389
0 0.294694 0.839303 0.031695 0.053582
0 0.405264 0.862704 0.047548 0.141130
0 0.453185 0.848930 0.041514 0.050937
0 0.485643 0.837981 0.039243 0.082644
0 0.534694 0.831004 0.046791 0.036238
0 0.629411 0.832885 0.043774 0.076226
0 0.672428 0.845156 0.048293 0.044904
0 0.735445 0.837987 0.057356 0.058498
0 0.784880 0.845907 0.033197 0.055469
0 0.817903 0.838930 0.023017 0.052837
0 0.849976 0.849117 0.035096 0.048305
0 0.888840 0.840439 0.043401 0.078498
