0 0.022422 0.472572 0.018906 0.065313
0 0.043600 0.491713 0.022488 0.037079
0 0.059742 0.504273 0.023690 0.106695
0 0.077927 0.478792 0.016022 0.050469
0 0.101250 0.492308 0.019135 0.031106
0 0.120631 0.491833 0.016262 0.032536
0 0.134868 0.481665 0.010288 0.044267
0 0.154483 0.476641 0.020337 0.056695
0 0.174820 0.488125 0.019375 0.029904
0 0.195631 0.481905 0.021767 0.028954
0 0.217043 0.508576 0.024399 0.088041
0 0.247188 0.478792 0.008606 0.032296
0 0.291563 0.474123 0.025120 0.065553
0 0.312861 0.483215 0.013630 0.032055
0 0.329008 0.488960 0.011959 0.024892
0 0.342644 0.487404 0.018173 0.028942
0 0.359387 0.473053 0.018197 0.050000
0 0.375781 0.485493 0.014591 0.026563
0 0.390132 0.487290 0.016034 0.028233
0 0.410108 0.488726 0.016274 0.030144
0 0.426857 0.523768 0.020565 0.101190
0 0.475066 0.475325 0.016502 0.044495
0 0.494561 0.491833 0.029195 0.029195
0 0.518606 0.487404 0.016995 0.038510
0 0.537867 0.482861 0.012440 0.049038
0 0.551142 0.481905 0.011731 0.021767
0 0.564063 0.486689 0.014111 0.024171
0 0.589303 0.477596 0.025361 0.051442
0 0.604495 0.486208 0.014591 0.031334
0 0.621238 0.486809 0.018894 0.037800
0 0.640138 0.504273 0.027993 0.062200
0 0.661671 0.489441 0.014111 0.033498
0 0.677819 0.491232 0.023930 0.036118
0 0.745282 0.465751 0.018185 0.052632
0 0.762867 0.462284 0.017464 0.067236
0 0.779495 0.480228 0.015793 0.043774
0 0.799832 0.477596 0.013389 0.049519
0 0.815745 0.488359 0.020817 0.031334
0 0.847800 0.489441 0.018894 0.028233
0 0.866220 0.483816 0.013161 0.027512
0 0.882248 0.482500 0.024159 0.079423
0 0.907728 0.471022 0.021058 0.053582
0 0.927344 0.469339 0.013870 0.050721
0 0.942422 0.479393 0.017224 0.038762
0 0.957969 0.475445 0.014832 0.059087
0 0.979020 0.484177 0.023930 0.038762
