0 0.033095 0.492662 0.032296 0.077512
0 0.064856 0.512043 0.034808 0.042356
0 0.097326 0.493744 0.026550 0.072488
0 0.135367 0.512224 0.033738 0.049159
0 0.175198 0.534297 0.037320 0.092584
0 0.205883 0.509892 0.027632 0.035889
0 0.229573 0.500204 0.012560 0.064591
0 0.254688 0.506659 0.026923 0.041635
0 0.279627 0.508275 0.035168 0.040541
0 0.320180 0.491593 0.034447 0.077512
0 0.354814 0.509531 0.031935 0.047380
0 0.388906 0.513660 0.024760 0.037680
0 0.469465 0.499303 0.047368 0.068534
0 0.504633 0.509531 0.044507 0.111250
0 0.532446 0.494279 0.026190 0.059207
0 0.562590 0.512224 0.032656 0.038389
0 0.593630 0.504507 0.030144 0.045938
0 0.763191 0.504507 0.031214 0.050240
0 0.727127 0.499483 0.030144 0.049519
0 0.801052 0.487464 0.041623 0.079303
0 0.850931 0.507740 0.043065 0.044495
0 0.893281 0.494099 0.040192 0.065312
0 0.952314 0.504507 0.039123 0.050962
