0 0.099615 0.410258 0.050240 0.067825
0 0.141959 0.417260 0.029423 0.045937
0 0.173720 0.420841 0.028353 0.035168
0 0.206202 0.409718 0.034447 0.061719
0 0.241190 0.406130 0.034087 0.075361
0 0.281562 0.423894 0.035889 0.038389
0 0.318702 0.408281 0.036971 0.069615
0 0.356202 0.411334 0.034447 0.059928
0 0.393882 0.407566 0.045937 0.073209
0 0.425643 0.424075 0.038401 0.040192
0 0.460805 0.452428 0.035529 0.096178
0 0.491671 0.421382 0.021899 0.047019
0 0.525944 0.450451 0.049531 0.092945
0 0.569183 0.418516 0.045577 0.038401
0 0.643113 0.408822 0.045577 0.076442
0 0.684381 0.426767 0.031935 0.035529
0 0.719008 0.426046 0.035877 0.034808
0 0.763149 0.416899 0.049519 0.059567
0 0.814645 0.412049 0.033377 0.058498
0 0.848558 0.414742 0.027284 0.052392
0 0.881394 0.423720 0.028341 0.038041
0 0.919790 0.426767 0.036959 0.038389
0 0.493462 0.559543 0.049880 0.053462
0 0.450763 0.562776 0.021887 0.051322
0 0.413444 0.568870 0.031935 0.030505
0 0.368407 0.553978 0.038041 0.061010
0 0.324081 0.568870 0.042704 0.035529
0 0.297524 0.557572 0.024760 0.066755
0 0.260385 0.594712 0.043774 0.093654
0 0.213738 0.549315 0.045216 0.066034
0 0.164928 0.558468 0.051683 0.079315
