0 0.389597 0.401106 0.029483 0.035529
0 0.365799 0.378894 0.050805 0.077091
0 0.429213 0.388666 0.039796 0.069639
0 0.457632 0.408744 0.019904 0.016695
0 0.545210 0.385649 0.061454 0.059327
0 0.581268 0.392218 0.021310 0.051863
0 0.625325 0.396124 0.051875 0.044050
0 0.466875 0.511232 0.062524 0.055421
0 0.475042 0.559730 0.067512 0.023810
0 0.460294 0.593654 0.057200 0.048317
0 0.416959 0.553690 0.040144 0.023101
0 0.375030 0.546581 0.044411 0.137488
0 0.309838 0.516028 0.073185 0.081358
0 0.569014 0.550667 0.056490 0.145661
0 0.583041 0.554050 0.035529 0.020962
0 0.636689 0.555288 0.073185 0.017043
0 0.656767 0.585487 0.040144 0.040493
0 0.616791 0.611244 0.043341 0.041575
0 0.628876 0.518876 0.036238 0.055781
