0 0.042218 0.396232 0.047368 0.069868
0 0.085679 0.420625 0.037656 0.034351
0 0.131863 0.422404 0.028654 0.041202
0 0.166088 0.417782 0.026526 0.031502
0 0.193329 0.410565 0.017524 0.053053
0 0.213456 0.447272 0.029844 0.101851
0 0.240102 0.416484 0.028666 0.036478
0 0.323594 0.422758 0.044062 0.106815
0 0.354267 0.406532 0.038125 0.072007
0 0.379014 0.419561 0.026995 0.032680
0 0.475649 0.418492 0.029375 0.038137
0 0.511172 0.407362 0.037897 0.065132
0 0.547764 0.404639 0.025817 0.063486
0 0.566124 0.421815 0.024627 0.040024
0 0.592536 0.422043 0.025817 0.040024
0 0.617873 0.407482 0.022500 0.059219
0 0.635282 0.407007 0.023209 0.053990
0 0.655535 0.416010 0.027704 0.043101
0 0.733696 0.403576 0.028666 0.060397
0 0.763299 0.419796 0.029603 0.036466
0 0.794207 0.425126 0.024159 0.040974
0 0.828317 0.405703 0.033630 0.060397
0 0.865024 0.416599 0.034111 0.039087
0 0.038017 0.546034 0.033101 0.064519
0 0.085258 0.557386 0.038185 0.033594
0 0.122716 0.555577 0.033822 0.042043
0 0.168750 0.555691 0.054856 0.038906
0 0.231220 0.563425 0.049772 0.113341
0 0.267103 0.566088 0.033101 0.034075
0 0.311448 0.561496 0.034796 0.039868
0 0.349874 0.552794 0.029002 0.057752
0 0.383702 0.548203 0.026587 0.058714
0 0.405938 0.554730 0.016442 0.050517
0 0.428173 0.564519 0.026587 0.032380
0 0.467314 0.560048 0.038666 0.039880
