0 0.020751 0.271472 0.027945 0.067728
0 0.053203 0.280234 0.030325 0.033642
0 0.082338 0.281893 0.026526 0.034099
0 0.114549 0.276683 0.036478 0.054471
0 0.147704 0.278101 0.026058 0.039784
0 0.177548 0.270763 0.022740 0.049267
0 0.247770 0.273840 0.024868 0.050685
0 0.272758 0.277746 0.018474 0.036719
0 0.294790 0.275853 0.016575 0.036226
0 0.312788 0.269345 0.020841 0.063474
0 0.334099 0.279291 0.020841 0.051154
0 0.360036 0.279405 0.033870 0.045709
0 0.446845 0.269694 0.027007 0.040974
0 0.481184 0.285210 0.034579 0.046430
0 0.513041 0.281424 0.024399 0.037897
0 0.535186 0.277392 0.025589 0.059687
0 0.565625 0.270757 0.027236 0.054952
0 0.586935 0.280829 0.020601 0.036707
0 0.612284 0.278576 0.027716 0.029844
0 0.625186 0.306172 0.023209 0.093089
0 0.653732 0.306286 0.029603 0.110841
0 0.695535 0.279050 0.029363 0.055889
0 0.724904 0.280355 0.024639 0.041454
0 0.777957 0.267326 0.032692 0.070349
0 0.812776 0.265673 0.027476 0.056130
0 0.835505 0.278221 0.024159 0.038125
0 0.855643 0.274549 0.013738 0.037897
0 0.878143 0.266382 0.021791 0.059447
0 0.900877 0.265667 0.017524 0.062296
0 0.918401 0.272067 0.020841 0.043341
0 0.940907 0.281538 0.022728 0.041442
0 0.025643 0.471148 0.023690 0.061382
0 0.052308 0.506034 0.030938 0.094087
0 0.101202 0.484525 0.046562 0.042055
0 0.147037 0.485168 0.042536 0.045264
0 0.187957 0.486052 0.032212 0.039315
0 0.221869 0.483558 0.027873 0.031418
0 0.390835 0.493888 0.028858 0.055108
0 0.415986 0.493882 0.026635 0.043269
0 0.449273 0.487596 0.018498 0.034399
0 0.352927 0.518660 0.047704 0.165325
0 0.477560 0.514411 0.030697 0.110962
0 0.556340 0.480571 0.033666 0.065469
0 0.584820 0.484081 0.025529 0.050300
0 0.607007 0.488341 0.024038 0.056587
0 0.647692 0.471322 0.049183 0.078774
0 0.717224 0.479645 0.034399 0.073233
0 0.758648 0.475577 0.049195 0.085072
0 0.790457 0.494249 0.021082 0.041791
0 0.818564 0.476683 0.032921 0.070264
0 0.844447 0.490559 0.034399 0.045493
0 0.873113 0.491845 0.030337 0.039940
0 0.909357 0.486304 0.031070 0.044387
0 0.944489 0.504609 0.036983 0.095060
0 0.977963 0.472987 0.028474 0.076935
0 0.032272 0.675481 0.050673 0.053630
0 0.113269 0.691196 0.052885 0.071743
0 0.156172 0.705805 0.022560 0.052885
0 0.189273 0.691935 0.031070 0.069519
0 0.228654 0.691749 0.053630 0.069892
0 0.299856 0.695264 0.028101 0.061394
0 0.327590 0.689159 0.026623 0.055841
0 0.358107 0.702109 0.032175 0.038834
0 0.383624 0.702103 0.039579 0.038101
0 0.417650 0.712278 0.034387 0.065084
0 0.445198 0.689531 0.020709 0.063990
0 0.472386 0.705992 0.029219 0.042897
0 0.507151 0.704507 0.029207 0.034760
0 0.536184 0.702103 0.025156 0.043269
0 0.572800 0.688047 0.034760 0.064724
0 0.602386 0.695631 0.018498 0.062127
0 0.624393 0.702849 0.028474 0.043269
0 0.648251 0.725775 0.036983 0.100974
