0 0.030925 0.423359 0.024639 0.035685
0 0.055553 0.424393 0.016731 0.023209
0 0.088395 0.412867 0.031575 0.074363
0 0.117686 0.430078 0.022897 0.032680
0 0.141689 0.434970 0.019748 0.046887
0 0.163480 0.443810 0.031430 0.038053
0 0.191905 0.420685 0.025108 0.057476
0 0.214718 0.422812 0.017993 0.061106
0 0.395757 0.421412 0.040024 0.059724
0 0.419189 0.451106 0.015613 0.033197
0 0.446689 0.427915 0.032224 0.058425
0 0.484609 0.419940 0.034820 0.068510
0 0.666995 0.422927 0.034904 0.063353
0 0.707566 0.419712 0.044555 0.068774
0 0.903323 0.421322 0.038954 0.068942
0 0.937200 0.446647 0.032861 0.013558
0 0.940841 0.417085 0.024904 0.047272
0 0.969898 0.425469 0.028810 0.060313
0 0.078011 0.557656 0.048666 0.077788
0 0.104579 0.567939 0.021178 0.040925
0 0.125655 0.559381 0.028305 0.057224
0 0.146737 0.569669 0.017103 0.052536
0 0.163636 0.576388 0.023618 0.039099
0 0.182782 0.578425 0.026070 0.030962
0 0.208642 0.568041 0.010601 0.060288
0 0.227175 0.581484 0.020769 0.031358
0 0.241935 0.582806 0.024231 0.107728
0 0.256701 0.579651 0.021575 0.034207
0 0.280325 0.578221 0.020361 0.034207
0 0.307608 0.578221 0.041538 0.036659
0 0.346508 0.568756 0.038281 0.057632
0 0.375829 0.571809 0.012620 0.049483
0 0.399351 0.569363 0.030337 0.073510
0 0.426436 0.578936 0.022608 0.036863
0 0.449549 0.579038 0.033810 0.048053
