0 0.105829 0.495823 0.085625 0.073185
0 0.161605 0.512698 0.048666 0.039435
0 0.214008 0.508437 0.042632 0.047957
0 0.259123 0.508263 0.035529 0.041214
0 0.300865 0.507368 0.045120 0.043702
0 0.337819 0.504886 0.039435 0.035180
0 0.383648 0.500980 0.028786 0.038017
0 0.413492 0.516076 0.050084 0.065373
0 0.460030 0.507903 0.040853 0.037656
0 0.496268 0.506839 0.035877 0.043341
0 0.548498 0.495823 0.041562 0.055421
0 0.586334 0.498666 0.026995 0.059688
0 0.621502 0.511815 0.041923 0.032692
0 0.660048 0.514477 0.037308 0.037296
0 0.725066 0.513942 0.069988 0.044760
0 0.788305 0.509507 0.046538 0.035168
0 0.833600 0.502043 0.044050 0.054351
0 0.875162 0.507554 0.044050 0.037656
0 0.922951 0.503642 0.058618 0.046178
