0 0.039273 0.488059 0.045325 0.078161
0 0.079934 0.490030 0.019892 0.033786
0 0.117981 0.509231 0.045216 0.120817
0 0.175042 0.502536 0.033017 0.059087
0 0.213444 0.514495 0.024171 0.080144
0 0.268341 0.499189 0.030144 0.079195
0 0.296460 0.507560 0.013161 0.069135
0 0.343708 0.496076 0.033017 0.069627
0 0.370859 0.518564 0.017464 0.063882
0 0.408425 0.499904 0.036130 0.071058
0 0.443828 0.508281 0.038041 0.115072
0 0.612981 0.491076 0.045313 0.064531
0 0.671887 0.503041 0.035529 0.073942
0 0.705962 0.509928 0.027548 0.040601
0 0.727891 0.518263 0.023570 0.129050
0 0.752001 0.510288 0.025373 0.039880
0 0.774651 0.493612 0.016322 0.070325
0 0.786436 0.488540 0.010877 0.061623
0 0.812897 0.500138 0.028269 0.047849
0 0.837722 0.527145 0.028642 0.108377
0 0.866899 0.500679 0.022476 0.039507
0 0.890649 0.492891 0.027909 0.078305
0 0.928528 0.503401 0.047127 0.088437
0 0.966767 0.495427 0.027909 0.055829
