0 0.077536 0.511190 0.057909 0.084904
0 0.122662 0.524868 0.057200 0.039784
0 0.186785 0.515992 0.045469 0.071767
0 0.227993 0.532332 0.046899 0.039784
0 0.273293 0.519718 0.037308 0.060036
0 0.307218 0.519357 0.034820 0.063594
0 0.348612 0.528419 0.041575 0.039075
0 0.388756 0.518119 0.033762 0.068930
0 0.428726 0.523624 0.023438 0.053642
0 0.462650 0.531262 0.036599 0.039784
0 0.496226 0.529844 0.032692 0.050457
0 0.529621 0.442272 0.073185 0.082067
0 0.592506 0.510655 0.042632 0.060397
0 0.640108 0.550096 0.045481 0.086683
0 0.708143 0.527001 0.074964 0.037656
0 0.775294 0.507458 0.047248 0.060397
0 0.821478 0.514567 0.030913 0.064663
0 0.865174 0.528419 0.060757 0.055421
0 0.922013 0.529663 0.052224 0.052933
