0 0.029844 0.486767 0.042284 0.075673
0 0.073365 0.484633 0.048317 0.063594
0 0.119724 0.486412 0.038726 0.067151
0 0.175150 0.487121 0.038017 0.038714
0 0.249579 0.485877 0.045481 0.062524
0 0.290613 0.515721 0.036587 0.056851
0 0.341412 0.492097 0.052224 0.066430
0 0.506971 0.489790 0.082067 0.066791
0 0.664002 0.492097 0.045120 0.074964
0 0.703263 0.516256 0.031262 0.055060
0 0.750156 0.493335 0.051875 0.055421
0 0.816412 0.489435 0.037296 0.036947
0 0.874675 0.489784 0.047957 0.053293
0 0.925481 0.491028 0.042981 0.062175
0 0.965980 0.473444 0.039435 0.022728
