0 0.024447 0.498594 0.029543 0.066394
0 0.054471 0.512752 0.022212 0.032212
0 0.075709 0.515066 0.025144 0.032464
0 0.097434 0.511659 0.016839 0.030024
0 0.116593 0.515072 0.020012 0.031490
0 0.137464 0.502500 0.023197 0.050769
0 0.166755 0.516166 0.023678 0.031731
0 0.200685 0.511893 0.026611 0.038810
0 0.268546 0.510433 0.033918 0.037356
0 0.301983 0.515072 0.025144 0.031971
0 0.326148 0.514093 0.018305 0.035397
0 0.383149 0.499820 0.027332 0.058582
0 0.404754 0.512993 0.025637 0.030264
0 0.429651 0.505553 0.019279 0.042236
0 0.451623 0.514706 0.020264 0.029291
0 0.491773 0.512873 0.045901 0.031971
0 0.529489 0.510066 0.024171 0.035637
0 0.559633 0.513846 0.029291 0.041250
0 0.615649 0.510192 0.025625 0.032957
0 0.640306 0.509946 0.024651 0.033930
0 0.673383 0.513852 0.029291 0.029050
0 0.734038 0.512266 0.022692 0.035637
0 0.757470 0.503233 0.016358 0.053221
0 0.782861 0.513726 0.028077 0.037596
0 0.810931 0.510919 0.023185 0.034411
0 0.850102 0.511286 0.043450 0.038077
0 0.926268 0.500306 0.049796 0.067368
0 0.957506 0.512386 0.024411 0.033450
0 0.983017 0.503233 0.030024 0.055649
