0 0.018654 0.492007 0.018125 0.052188
0 0.041130 0.497200 0.027308 0.064038
0 0.064567 0.525601 0.019087 0.050745
0 0.080030 0.481617 0.020541 0.038185
0 0.103834 0.487536 0.018846 0.017163
0 0.142380 0.505415 0.023438 0.030204
0 0.162927 0.502278 0.020541 0.067897
0 0.187939 0.492734 0.029483 0.053642
0 0.225631 0.491767 0.024651 0.059447
0 0.250162 0.474970 0.019579 0.015228
0 0.296202 0.505421 0.027548 0.042284
0 0.334982 0.494303 0.028762 0.056779
0 0.377278 0.486088 0.043738 0.069363
0 0.401563 0.504333 0.022236 0.037224
0 0.429832 0.488864 0.033341 0.067656
0 0.453636 0.521250 0.021502 0.053654
0 0.472969 0.475938 0.021034 0.018125
0 0.516707 0.508924 0.036490 0.075397
0 0.580511 0.494663 0.020541 0.067668
0 0.603462 0.492855 0.028269 0.062584
0 0.629201 0.530186 0.024171 0.053642
0 0.643822 0.482584 0.018606 0.037692
0 0.661941 0.484273 0.016671 0.015950
0 0.696502 0.489471 0.021514 0.044231
0 0.733474 0.490559 0.027788 0.057993
0 0.770451 0.482458 0.042296 0.065493
0 0.795337 0.501917 0.023438 0.033834
0 0.825427 0.490072 0.030445 0.058005
0 0.845000 0.516532 0.026587 0.052440
0 0.864573 0.466388 0.022224 0.044459
0 0.883786 0.467602 0.017644 0.016430
0 0.899008 0.501677 0.021022 0.038666
0 0.927157 0.488377 0.025613 0.063798
0 0.942746 0.516412 0.017151 0.048329
0 0.969694 0.493095 0.028041 0.057752
