0 0.028552 0.194423 0.035877 0.068918
0 0.069585 0.214489 0.044050 0.039435
0 0.146863 0.213071 0.024519 0.042993
0 0.172800 0.202770 0.027356 0.066430
0 0.197133 0.227464 0.014916 0.020601
0 0.241893 0.234393 0.039796 0.126118
0 0.278666 0.242915 0.038726 0.097704
0 0.336046 0.207566 0.017764 0.052584
0 0.357181 0.207746 0.017416 0.037296
0 0.377428 0.201707 0.025937 0.074255
0 0.438005 0.198684 0.036947 0.069627
0 0.465895 0.214135 0.030204 0.038726
0 0.494315 0.214135 0.022380 0.033750
0 0.549032 0.209519 0.033041 0.060745
0 0.579405 0.216094 0.026286 0.041923
0 0.603564 0.217873 0.027007 0.036947
0 0.630204 0.202770 0.025577 0.057200
0 0.650457 0.208456 0.019183 0.050084
0 0.670349 0.217338 0.025577 0.040853
0 0.696112 0.219826 0.030204 0.038017
0 0.727554 0.210054 0.039796 0.070349
0 0.779952 0.213431 0.028774 0.038017
0 0.808558 0.218047 0.024159 0.036599
0 0.835907 0.217157 0.028425 0.044772
0 0.896665 0.207740 0.036238 0.056490
0 0.923660 0.213071 0.025589 0.036599
0 0.961322 0.213786 0.044760 0.033750
0 0.772314 0.347897 0.031262 0.058269
0 0.799850 0.350919 0.021671 0.039435
0 0.823299 0.357314 0.023089 0.035877
0 0.702855 0.355535 0.026647 0.039435
0 0.683317 0.354117 0.025937 0.038017
0 0.653299 0.351629 0.029844 0.035877
0 0.618486 0.359447 0.026995 0.030913
0 0.598588 0.349856 0.019195 0.045120
0 0.579050 0.341502 0.019183 0.068918
0 0.549026 0.359976 0.027356 0.034111
0 0.524868 0.355541 0.029495 0.032332
0 0.499826 0.343810 0.028425 0.070697
0 0.473888 0.360865 0.031983 0.038726
0 0.449195 0.358029 0.025216 0.040144
0 0.428233 0.352692 0.024519 0.046538
0 0.394489 0.353227 0.026647 0.037656
0 0.369615 0.360871 0.026635 0.040853
0 0.342079 0.339730 0.036947 0.069627
0 0.248816 0.341148 0.029483 0.063233
0 0.273696 0.352163 0.025228 0.040505
0 0.301941 0.355006 0.024868 0.041214
0 0.031575 0.336352 0.029832 0.060036
0 0.057151 0.356605 0.024159 0.035877
0 0.078119 0.359447 0.023450 0.038005
0 0.109736 0.350565 0.029135 0.054351
0 0.138155 0.363179 0.022728 0.037656
0 0.161779 0.344525 0.024519 0.066430
0 0.186472 0.348792 0.024868 0.069988
0 0.029802 0.485565 0.026286 0.067861
0 0.055018 0.496226 0.023450 0.041562
0 0.082554 0.498359 0.025228 0.034459
0 0.111689 0.487169 0.023089 0.061815
0 0.136731 0.490541 0.017764 0.069279
0 0.157698 0.494453 0.015637 0.052224
0 0.180613 0.501905 0.025938 0.038017
0 0.205835 0.501376 0.024507 0.032680
0 0.225198 0.500487 0.023450 0.037296
0 0.253263 0.508299 0.034099 0.057200
0 0.280084 0.500841 0.018125 0.030913
0 0.300517 0.500841 0.021322 0.035168
0 0.324856 0.493918 0.027356 0.049736
0 0.352332 0.503948 0.021298 0.029507
0 0.380355 0.492368 0.030998 0.059399
0 0.407440 0.490132 0.018678 0.058654
0 0.426863 0.497224 0.028389 0.039976
0 0.477482 0.499465 0.028017 0.035493
0 0.503077 0.498341 0.026899 0.040721
0 0.537073 0.483215 0.031382 0.062007
0 0.600583 0.484898 0.030637 0.063137
0 0.631214 0.494423 0.029880 0.041851
0 0.672308 0.500403 0.041851 0.044075
0 0.748329 0.484339 0.032500 0.072476
0 0.770745 0.499093 0.028029 0.036238
0 0.792043 0.498906 0.024279 0.041851
0 0.821364 0.487326 0.031382 0.056791
0 0.850691 0.503576 0.027272 0.036983
0 0.880397 0.487139 0.026899 0.061635
0 0.907855 0.488257 0.018305 0.066875
0 0.025643 0.626106 0.030637 0.068365
0 0.054591 0.640493 0.022043 0.041851
0 0.077380 0.642175 0.031755 0.039231
0 0.144255 0.628167 0.032500 0.062007
0 0.173017 0.641989 0.029519 0.035108
0 0.201382 0.638810 0.024976 0.036226
0 0.232230 0.636010 0.025397 0.047067
0 0.257819 0.637133 0.025781 0.042584
0 0.287145 0.641430 0.032127 0.039976
0 0.313480 0.627043 0.019050 0.070240
0 0.334032 0.641058 0.028017 0.030264
0 0.358125 0.643107 0.026154 0.034363
0 0.381851 0.633582 0.021298 0.056418
0 0.400901 0.640679 0.013822 0.044459
0 0.421076 0.643666 0.024291 0.031755
0 0.452831 0.642927 0.029507 0.035493
0 0.488317 0.637314 0.022043 0.045950
0 0.512043 0.642927 0.025409 0.036238
0 0.576112 0.626112 0.036238 0.063882
0 0.601142 0.635078 0.025769 0.044459
0 0.631959 0.637127 0.027644 0.035865
0 0.686502 0.621815 0.047067 0.070986
0 0.720499 0.637320 0.027656 0.039231
0 0.744784 0.638810 0.020168 0.040721
0 0.764393 0.662350 0.030252 0.090036
0 0.790168 0.638996 0.024279 0.040349
0 0.815950 0.636941 0.028774 0.035493
0 0.839483 0.662909 0.031010 0.088918
0 0.866382 0.637320 0.022043 0.039976
0 0.888798 0.625925 0.025769 0.071731
0 0.914760 0.639375 0.029880 0.035865
0 0.932692 0.645721 0.028389 0.118053
0 0.951563 0.644417 0.024279 0.105733
0 0.970054 0.638437 0.024651 0.041466
0 0.594597 0.775541 0.031382 0.050433
0 0.557806 0.776478 0.043714 0.091154
0 0.525120 0.766575 0.035865 0.067620
0 0.496352 0.780030 0.029147 0.036983
0 0.462169 0.791605 0.034002 0.119916
0 0.377740 0.781334 0.029519 0.042596
0 0.348600 0.771436 0.026526 0.062392
0 0.324129 0.784507 0.025397 0.039976
0 0.294802 0.787121 0.028762 0.036983
0 0.272206 0.769567 0.023161 0.069856
0 0.252776 0.781707 0.018678 0.035120
0 0.208137 0.783576 0.023534 0.032873
0 0.231298 0.782085 0.024279 0.032873
0 0.179177 0.769940 0.032127 0.066875
0 0.102037 0.781148 0.026526 0.048930
0 0.078131 0.780589 0.026526 0.038846
0 0.050853 0.773864 0.012332 0.059772
0 0.029934 0.779838 0.026526 0.047079
