0 0.027338 0.488996 0.040108 0.068954
0 0.059321 0.483516 0.028353 0.063474
0 0.087752 0.507043 0.027548 0.048005
0 0.114657 0.494231 0.028834 0.062668
0 0.132782 0.507770 0.031575 0.035925
0 0.171208 0.490445 0.025613 0.058005
0 0.199958 0.495601 0.033834 0.063149
0 0.222921 0.510018 0.029808 0.038185
0 0.269639 0.506959 0.043341 0.040433
0 0.301220 0.524357 0.039796 0.063642
0 0.337380 0.493672 0.025457 0.059291
0 0.354219 0.507037 0.025937 0.033185
0 0.390553 0.510180 0.038341 0.043990
0 0.430986 0.505349 0.013221 0.027236
0 0.497218 0.489333 0.032921 0.066935
0 0.539375 0.490625 0.040312 0.068053
0 0.578768 0.489519 0.034026 0.071010
0 0.601508 0.490817 0.042536 0.066202
0 0.635541 0.499507 0.021082 0.022187
0 0.676965 0.494694 0.032175 0.062127
0 0.701184 0.507825 0.031070 0.038822
0 0.732200 0.502290 0.016178 0.021839
0 0.779219 0.498948 0.029591 0.064724
0 0.802891 0.507825 0.031815 0.035865
0 0.844681 0.506899 0.052512 0.040673
0 0.882963 0.516148 0.048450 0.059171
0 0.928269 0.486929 0.023678 0.057704
0 0.944916 0.499321 0.025889 0.039579
0 0.973576 0.506719 0.037344 0.049928
