0 0.023558 0.495625 0.022188 0.095913
0 0.044742 0.484525 0.020974 0.041142
0 0.066833 0.482590 0.017921 0.040108
0 0.088011 0.487578 0.024435 0.036238
0 0.126502 0.488798 0.042764 0.040312
0 0.160811 0.476887 0.021382 0.065361
0 0.192686 0.519754 0.031767 0.090012
0 0.221190 0.477500 0.015481 0.055192
0 0.237891 0.488798 0.017512 0.035841
0 0.258864 0.481875 0.014651 0.048870
0 0.274850 0.493786 0.015276 0.031154
0 0.298576 0.478924 0.024435 0.059675
0 0.329014 0.493684 0.025457 0.030541
0 0.361094 0.487380 0.028510 0.035841
0 0.386544 0.511911 0.033401 0.086947
0 0.420968 0.484724 0.017921 0.041947
0 0.497121 0.481779 0.032993 0.060481
0 0.540090 0.472308 0.032993 0.051322
0 0.571046 0.471190 0.022404 0.060889
0 0.594465 0.455805 0.023209 0.021178
0 0.628065 0.484117 0.021587 0.037464
0 0.667368 0.478516 0.028918 0.056406
0 0.695264 0.490427 0.027284 0.030132
0 0.719603 0.462019 0.017716 0.038077
0 0.735379 0.466400 0.016695 0.026070
0 0.787109 0.477704 0.041142 0.037668
0 0.839345 0.477500 0.027488 0.062115
0 0.864898 0.480042 0.025661 0.063137
0 0.878744 0.507939 0.016695 0.039099
0 0.900126 0.488083 0.020373 0.036046
0 0.944730 0.481058 0.024844 0.056611
0 0.970174 0.491346 0.024844 0.031562
