0 0.044675 0.384225 0.032212 0.077680
0 0.077716 0.397608 0.033870 0.034351
0 0.102939 0.395355 0.029363 0.032680
0 0.129940 0.386947 0.027957 0.055192
0 0.169736 0.393582 0.027476 0.036707
0 0.205018 0.399147 0.040733 0.034111
0 0.235811 0.400451 0.021791 0.044772
0 0.257368 0.403053 0.022740 0.032452
0 0.280931 0.387662 0.023930 0.055661
0 0.312434 0.382686 0.018714 0.058978
0 0.334459 0.393936 0.025817 0.033642
0 0.360276 0.425439 0.032452 0.091430
0 0.405276 0.397368 0.023918 0.036707
0 0.430619 0.397133 0.022969 0.040036
0 0.449327 0.407314 0.037187 0.102079
0 0.475859 0.397843 0.023450 0.034820
0 0.502266 0.385288 0.023209 0.056130
0 0.517067 0.427572 0.028654 0.094736
0 0.548684 0.384465 0.029844 0.055421
0 0.620571 0.390144 0.035300 0.067740
0 0.645204 0.399976 0.014447 0.047139
0 0.671611 0.397254 0.019904 0.037416
0 0.696124 0.422831 0.031022 0.096166
0 0.724195 0.388131 0.024159 0.054243
0 0.764808 0.397019 0.024399 0.040264
0 0.792284 0.399147 0.021562 0.029375
0 0.831010 0.396424 0.045000 0.031983
0 0.867368 0.393702 0.019663 0.039784
0 0.887614 0.391214 0.014219 0.049976
0 0.904075 0.399501 0.023918 0.036238
0 0.929892 0.385120 0.028654 0.059567
0 0.753570 0.536707 0.031731 0.039543
0 0.726599 0.535733 0.020745 0.038077
0 0.696695 0.537686 0.027332 0.041502
0 0.638600 0.565637 0.032224 0.088606
0 0.608816 0.539032 0.026358 0.035397
0 0.583552 0.533534 0.024171 0.034663
0 0.538882 0.525361 0.042236 0.058341
0 0.502518 0.528413 0.019772 0.060048
0 0.467488 0.537446 0.017572 0.046863
0 0.440877 0.526947 0.023438 0.062981
0 0.401214 0.537073 0.039303 0.042224
0 0.367037 0.539399 0.025637 0.044423
0 0.346905 0.534267 0.021478 0.052236
0 0.312121 0.551112 0.038810 0.056142
0 0.273185 0.541593 0.042476 0.037584
0 0.231076 0.540373 0.027584 0.036130
0 0.201052 0.524387 0.037344 0.060288
0 0.132710 0.535980 0.030998 0.037584
0 0.096947 0.546106 0.031731 0.040769
0 0.069483 0.531947 0.013918 0.055409
0 0.045925 0.539032 0.029784 0.041743
