0 0.030721 0.431821 0.015481 0.011382
0 0.087975 0.423894 0.029075 0.049760
0 0.110625 0.436731 0.015192 0.038750
0 0.132891 0.444850 0.028281 0.025661
0 0.162873 0.462133 0.017019 0.077512
0 0.184868 0.446154 0.029591 0.025144
0 0.211064 0.429525 0.026454 0.055781
0 0.239213 0.443666 0.027752 0.030120
0 0.332578 0.442097 0.024868 0.032728
0 0.353131 0.444585 0.023570 0.026719
0 0.371466 0.441316 0.019904 0.070974
0 0.391238 0.443804 0.024351 0.024099
0 0.410619 0.434898 0.016502 0.053425
0 0.421881 0.461088 0.020156 0.056046
0 0.444928 0.437650 0.016490 0.041118
0 0.531370 0.441791 0.018437 0.032067
0 0.554820 0.443798 0.026851 0.024856
0 0.627362 0.439585 0.020445 0.025252
0 0.646400 0.430571 0.019243 0.046502
0 0.665439 0.440787 0.023642 0.025252
0 0.683876 0.432776 0.015637 0.042885
0 0.704525 0.437386 0.024050 0.042488
0 0.731971 0.432175 0.019639 0.041683
0 0.750216 0.438990 0.018438 0.034471
0 0.769651 0.443395 0.026851 0.030469
0 0.854826 0.429171 0.024844 0.056514
0 0.876665 0.438383 0.022849 0.029267
0 0.899513 0.465240 0.020445 0.074952
0 0.917151 0.442993 0.018029 0.025649
0 0.937392 0.434177 0.020841 0.044892
0 0.967849 0.442194 0.025649 0.024050
0 0.488888 0.576466 0.021647 0.077764
0 0.459621 0.582482 0.024050 0.028858
0 0.436382 0.568450 0.025649 0.062524
0 0.411532 0.581076 0.019243 0.022849
0 0.394297 0.578263 0.019243 0.027656
0 0.376256 0.572861 0.028858 0.048894
0 0.320944 0.576466 0.020036 0.027260
0 0.263834 0.560631 0.029255 0.037272
0 0.238780 0.583281 0.028858 0.030457
0 0.215733 0.574862 0.018846 0.042488
0 0.197897 0.583077 0.023245 0.022837
0 0.180060 0.585685 0.026058 0.029663
0 0.160823 0.579669 0.021238 0.028065
0 0.124549 0.582073 0.028858 0.024844
0 0.098299 0.587885 0.022849 0.029255
0 0.075655 0.583882 0.031262 0.028462
0 0.034970 0.579273 0.030060 0.014435
