0 0.026550 0.276166 0.033149 0.017524
0 0.083714 0.294718 0.038846 0.103906
0 0.119633 0.277981 0.034267 0.059375
0 0.148053 0.287061 0.028269 0.030156
0 0.189736 0.273143 0.046418 0.062680
0 0.232800 0.279123 0.031587 0.040192
0 0.263185 0.283311 0.024880 0.034700
0 0.307206 0.279123 0.043065 0.044976
0 0.390577 0.288576 0.039952 0.041382
0 0.426226 0.286659 0.033245 0.038990
0 0.467254 0.283792 0.042103 0.042344
0 0.576947 0.277332 0.046178 0.063870
0 0.610078 0.284988 0.033017 0.035168
0 0.645367 0.281989 0.042344 0.042584
0 0.678023 0.284026 0.022488 0.043774
0 0.702788 0.283071 0.031346 0.041863
0 0.746088 0.288810 0.048570 0.114591
0 0.784483 0.283311 0.034928 0.042825
0 0.813792 0.275060 0.013161 0.051202
0 0.845974 0.280679 0.038750 0.041382
0 0.887837 0.272067 0.044976 0.055745
0 0.924087 0.281040 0.036130 0.044026
0 0.962482 0.281160 0.038281 0.038522
0 0.030805 0.422746 0.039111 0.016935
0 0.093690 0.416142 0.039856 0.064014
0 0.132542 0.416388 0.034868 0.053546
0 0.175258 0.420499 0.034627 0.040349
0 0.210751 0.428347 0.034868 0.038113
0 0.247728 0.423492 0.038101 0.039844
0 0.320703 0.422740 0.056046 0.040841
0 0.367650 0.423864 0.036358 0.039603
0 0.408996 0.426232 0.040349 0.043834
0 0.458804 0.436316 0.048810 0.120781
0 0.505006 0.423618 0.042584 0.041587
0 0.546346 0.409790 0.022163 0.060276
0 0.571875 0.409417 0.021418 0.063017
0 0.596899 0.418882 0.036611 0.054038
0 0.087849 0.559351 0.052115 0.066995
0 0.135060 0.568960 0.038149 0.034892
0 0.186106 0.569910 0.042764 0.038690
0 0.222422 0.568690 0.025252 0.039784
0 0.252079 0.565980 0.030000 0.034075
0 0.296683 0.558101 0.050505 0.056875
0 0.348678 0.560066 0.031226 0.035300
0 0.387843 0.567266 0.037873 0.038017
0 0.424597 0.597278 0.038954 0.101599
0 0.462151 0.570944 0.019327 0.033978
0 0.534147 0.582788 0.038654 0.110024
0 0.572013 0.563618 0.027728 0.036779
0 0.618762 0.568137 0.049543 0.045817
0 0.668786 0.549910 0.043005 0.072921
0 0.699790 0.564712 0.022127 0.037716
0 0.728468 0.552716 0.023377 0.061082
0 0.750751 0.563311 0.023065 0.049243
0 0.774123 0.555048 0.028678 0.064519
0 0.814327 0.552085 0.044255 0.066695
0 0.847212 0.568762 0.029615 0.035841
0 0.882428 0.565956 0.019639 0.038954
0 0.909231 0.566893 0.030865 0.043329
0 0.939309 0.569075 0.022440 0.036466
0 0.036112 0.696388 0.032416 0.021815
0 0.087843 0.698570 0.039892 0.061707
0 0.121665 0.703089 0.021502 0.046442
0 0.155944 0.698101 0.030228 0.062644
0 0.190697 0.710415 0.035529 0.045493
0 0.238065 0.709165 0.028678 0.041142
0 0.273125 0.694832 0.035216 0.062957
0 0.307103 0.711971 0.037091 0.033654
0 0.342163 0.708389 0.034279 0.033341
0 0.392963 0.692338 0.048618 0.064820
0 0.490048 0.709946 0.043942 0.108137
0 0.533522 0.695300 0.036154 0.063894
0 0.570144 0.707452 0.025240 0.038966
0 0.660210 0.699195 0.048930 0.069183
0 0.700727 0.693431 0.047055 0.067007
0 0.736100 0.730829 0.039892 0.090697
0 0.774748 0.704339 0.033654 0.043942
0 0.807788 0.696388 0.026178 0.059844
