0 0.096791 0.507103 0.044591 0.060793
0 0.140168 0.517488 0.037260 0.039399
0 0.180180 0.502368 0.044591 0.065361
0 0.240817 0.517488 0.073606 0.043678
0 0.314435 0.514892 0.054063 0.045216
0 0.364531 0.502061 0.043678 0.072704
0 0.410505 0.515198 0.047043 0.051310
0 0.461514 0.516112 0.051923 0.043978
0 0.510841 0.517031 0.024135 0.039712
0 0.640210 0.501454 0.070252 0.070865
0 0.671514 0.548948 0.052837 0.043065
0 0.759032 0.510000 0.049483 0.036659
0 0.834327 0.498395 0.049784 0.069651
0 0.875258 0.521460 0.035733 0.036358
0 0.918017 0.509700 0.044904 0.059880
