0 0.055210 0.412716 0.035276 0.067812
0 0.094591 0.430487 0.038077 0.034820
0 0.130841 0.417452 0.033606 0.059663
0 0.175439 0.414495 0.034820 0.064760
0 0.207001 0.430583 0.020565 0.032993
0 0.236833 0.417248 0.030541 0.060889
0 0.274814 0.423660 0.041334 0.063137
0 0.313708 0.436995 0.027897 0.025865
0 0.352608 0.434044 0.039303 0.030132
0 0.398011 0.427734 0.042560 0.045204
0 0.442404 0.452169 0.031154 0.064748
0 0.475403 0.437103 0.036046 0.022404
0 0.509814 0.423966 0.033185 0.041346
0 0.542909 0.435162 0.029327 0.027897
0 0.575589 0.434153 0.017716 0.029123
0 0.066382 0.564778 0.063534 0.053762
0 0.115156 0.576490 0.029928 0.032380
0 0.146725 0.582500 0.026671 0.035433
0 0.230319 0.569159 0.022392 0.046635
0 0.251190 0.579345 0.024231 0.029940
0 0.282350 0.568654 0.034820 0.041947
0 0.368486 0.573438 0.034014 0.036442
0 0.400252 0.573438 0.034014 0.031971
0 0.439147 0.577614 0.039303 0.033401
0 0.567752 0.577716 0.058245 0.030745
0 0.611226 0.568041 0.021779 0.035433
0 0.641364 0.575168 0.034002 0.027284
0 0.704387 0.573846 0.036250 0.031562
0 0.731575 0.576797 0.030337 0.082680
0 0.754591 0.582296 0.024231 0.086755
0 0.775463 0.575577 0.027704 0.033798
0 0.805192 0.578221 0.035841 0.030553
0 0.848155 0.565391 0.024844 0.046839
0 0.877181 0.578528 0.033594 0.026671
0 0.909766 0.574555 0.027897 0.023221
0 0.938678 0.573233 0.025865 0.029519
