0 0.042458 0.478011 0.051022 0.083089
0 0.089345 0.487939 0.032993 0.041238
0 0.118059 0.491448 0.026887 0.046430
0 0.145403 0.477855 0.025349 0.075445
0 0.172891 0.488852 0.014363 0.057728
0 0.206797 0.497560 0.046743 0.039712
0 0.251238 0.499081 0.042764 0.037873
0 0.291256 0.496635 0.030541 0.042764
0 0.324706 0.495721 0.031454 0.039712
0 0.345168 0.533750 0.046731 0.118822
0 0.466587 0.470980 0.036659 0.081863
0 0.497290 0.481520 0.029627 0.076671
0 0.522488 0.496334 0.045216 0.054976
0 0.571514 0.497710 0.057740 0.046118
0 0.618407 0.495421 0.027488 0.045817
0 0.648185 0.497560 0.030240 0.035433
0 0.679345 0.482746 0.029026 0.076671
0 0.708359 0.500919 0.043065 0.043377
0 0.742422 0.501526 0.036647 0.038486
0 0.774189 0.482746 0.031767 0.073618
0 0.798930 0.500150 0.034832 0.040012
0 0.841082 0.494507 0.040937 0.060481
0 0.886292 0.501983 0.037272 0.040625
0 0.926154 0.500150 0.038798 0.048570
0 0.961893 0.538948 0.057127 0.123714
