0 0.029808 0.420198 0.048269 0.115252
0 0.058011 0.415925 0.030132 0.049279
0 0.093654 0.404928 0.049279 0.069639
0 0.136010 0.415919 0.035024 0.046022
0 0.170829 0.415613 0.034207 0.046635
0 0.243425 0.448305 0.046635 0.098966
0 0.283648 0.408594 0.026070 0.064351
0 0.313275 0.414297 0.034820 0.045204
0 0.346677 0.406250 0.021791 0.052740
0 0.371514 0.414093 0.031562 0.046839
0 0.411226 0.400343 0.049087 0.064555
0 0.453786 0.413990 0.025865 0.046635
0 0.488918 0.414495 0.036250 0.040721
0 0.522007 0.411034 0.023822 0.064351
0 0.559880 0.395865 0.037668 0.079615
0 0.589718 0.411340 0.031767 0.053546
0 0.616695 0.446262 0.047043 0.097740
0 0.662212 0.419585 0.043173 0.041142
0 0.755373 0.395691 0.045817 0.063257
0 0.792458 0.414081 0.029603 0.040204
0 0.831412 0.415012 0.038954 0.045817
0 0.866010 0.411430 0.025865 0.056731
0 0.901695 0.416731 0.038029 0.044880
0 0.931773 0.417194 0.032728 0.042079
0 0.971196 0.404267 0.039267 0.062332
0 0.034964 0.549501 0.026803 0.058594
0 0.057873 0.558690 0.023990 0.047692
0 0.093245 0.539056 0.037404 0.079483
0 0.184561 0.557602 0.031166 0.051743
0 0.220559 0.565547 0.053305 0.073233
0 0.270114 0.547007 0.028353 0.054856
0 0.310787 0.545288 0.038017 0.080721
0 0.354573 0.561340 0.030228 0.044267
0 0.409579 0.561334 0.054856 0.044880
0 0.449784 0.550745 0.019952 0.052981
0 0.479706 0.561184 0.041767 0.042079
0 0.525361 0.543419 0.045817 0.070757
0 0.584117 0.543732 0.032416 0.073233
0 0.614808 0.552145 0.026490 0.050805
0 0.651268 0.586887 0.055781 0.105337
