0 0.126322 0.330084 0.036659 0.050913
0 0.161550 0.342506 0.028510 0.032175
0 0.201154 0.335180 0.038486 0.051731
0 0.237813 0.345974 0.036851 0.036659
0 0.268359 0.332536 0.023425 0.057019
0 0.300637 0.334669 0.027692 0.056815
0 0.341262 0.343528 0.029928 0.037873
0 0.386370 0.344447 0.041130 0.032380
0 0.473936 0.334465 0.052536 0.055998
0 0.514357 0.343732 0.034002 0.039099
0 0.550709 0.344135 0.027284 0.035024
0 0.627175 0.332230 0.025865 0.049483
0 0.658431 0.344543 0.028906 0.027284
0 0.691929 0.345258 0.030757 0.027897
0 0.733780 0.343119 0.029724 0.038281
0 0.764219 0.342103 0.017308 0.043173
0 0.783365 0.347800 0.029928 0.035433
0 0.810144 0.334465 0.026058 0.058858
0 0.831731 0.339357 0.021178 0.055589
0 0.849952 0.348113 0.031971 0.040120
0 0.885998 0.346376 0.029928 0.039507
0 0.129591 0.470325 0.048269 0.056875
0 0.170096 0.486689 0.031058 0.029171
0 0.199477 0.509573 0.029796 0.079123
0 0.226442 0.489002 0.018678 0.030433
0 0.260865 0.474207 0.032524 0.056659
0 0.307873 0.492987 0.026659 0.028329
0 0.338197 0.490998 0.037356 0.032740
0 0.380174 0.492356 0.040709 0.028750
0 0.431280 0.483335 0.033786 0.045541
0 0.461502 0.489417 0.032115 0.030853
0 0.494874 0.488263 0.037560 0.031478
0 0.533389 0.483233 0.032740 0.057091
0 0.561298 0.490367 0.016370 0.044483
0 0.592674 0.480607 0.022464 0.050998
0 0.618071 0.487530 0.024555 0.040925
0 0.651647 0.492674 0.032524 0.030228
0 0.691418 0.488161 0.036514 0.030433
0 0.740739 0.476833 0.021406 0.051839
0 0.779772 0.490685 0.069255 0.035889
0 0.117873 0.616052 0.043486 0.051262
0 0.149561 0.628269 0.029411 0.025529
0 0.173570 0.628594 0.014712 0.036995
0 0.197145 0.633570 0.034171 0.036130
0 0.225156 0.648059 0.027476 0.063810
0 0.251436 0.630433 0.020325 0.032885
0 0.273281 0.630108 0.031587 0.096683
0 0.299778 0.632272 0.037416 0.036130
0 0.335036 0.620162 0.023149 0.056887
0 0.356665 0.615294 0.024868 0.057103
0 0.400463 0.653359 0.037632 0.078738
0 0.434639 0.628810 0.034615 0.039159
0 0.461569 0.654874 0.033522 0.084796
0 0.492608 0.630757 0.028990 0.036130
0 0.525487 0.629459 0.037632 0.030072
0 0.590270 0.619946 0.048233 0.059050
0 0.624225 0.629675 0.029195 0.035697
0 0.652236 0.632488 0.032885 0.035697
0 0.685222 0.622975 0.030060 0.059483
0 0.711611 0.631514 0.030505 0.031587
0 0.744267 0.630757 0.026178 0.033966
0 0.766659 0.621785 0.031587 0.050180
0 0.799207 0.620487 0.028774 0.053642
0 0.821058 0.632704 0.031370 0.030938
0 0.851659 0.626977 0.023798 0.038930
0 0.873395 0.628600 0.046070 0.063377
