0 0.088197 0.413804 0.087404 0.090589
0 0.145751 0.435829 0.044772 0.038726
0 0.191581 0.439026 0.052584 0.133221
0 0.245048 0.413269 0.045841 0.071755
0 0.289633 0.432987 0.047608 0.042272
0 0.353053 0.429964 0.048678 0.041923
0 0.462650 0.430319 0.055421 0.042632
0 0.502975 0.420192 0.032320 0.064303
0 0.540457 0.434766 0.046178 0.044411
0 0.580601 0.430679 0.041202 0.050445
0 0.618972 0.432632 0.046887 0.043702
0 0.701929 0.461058 0.049387 0.111202
0 0.749886 0.429435 0.042272 0.041562
0 0.787728 0.432097 0.040505 0.045469
0 0.848125 0.433167 0.073894 0.095925
0 0.906917 0.430144 0.035877 0.046538
0 0.947067 0.430505 0.051514 0.046538
0 0.090685 0.573317 0.056130 0.065721
0 0.143438 0.574561 0.055072 0.039075
0 0.200998 0.577404 0.046538 0.043341
0 0.249135 0.567278 0.050457 0.060036
0 0.292476 0.569237 0.044760 0.044050
0 0.334754 0.561418 0.037656 0.062524
0 0.369748 0.572073 0.051514 0.039796
0 0.417710 0.566923 0.058618 0.065721
0 0.486454 0.562482 0.063942 0.063954
0 0.522338 0.579363 0.042632 0.032332
0 0.557151 0.566394 0.017764 0.057548
0 0.588600 0.571010 0.040853 0.046178
0 0.621106 0.601034 0.054712 0.094856
0 0.667470 0.577758 0.038017 0.046190
0 0.695709 0.589483 0.057548 0.142115
0 0.746514 0.561418 0.026995 0.071755
0 0.777957 0.576340 0.036587 0.044772
0 0.817392 0.564970 0.043702 0.068209
0 0.853269 0.563017 0.040144 0.059327
0 0.893239 0.575276 0.050445 0.048317
