0 0.047157 0.417668 0.061286 0.049567
0 0.155343 0.404880 0.082608 0.082596
0 0.198510 0.425126 0.034639 0.052752
0 0.244339 0.411004 0.037837 0.071406
0 0.272314 0.421130 0.026647 0.042644
0 0.306689 0.427524 0.043161 0.041562
0 0.401989 0.410294 0.039796 0.077800
0 0.436274 0.423618 0.030913 0.040505
0 0.468425 0.409760 0.036947 0.075313
0 0.507326 0.419351 0.035877 0.043341
0 0.557596 0.426635 0.056851 0.043702
0 0.616929 0.431256 0.055421 0.041575
0 0.667728 0.418996 0.035529 0.064651
0 0.733816 0.426989 0.034820 0.035877
0 0.765787 0.426989 0.039075 0.036599
0 0.831869 0.413137 0.052584 0.079928
0 0.866863 0.425391 0.035168 0.041214
0 0.914117 0.426460 0.034459 0.042632
0 0.943425 0.423618 0.035529 0.044760
0 0.976821 0.423083 0.037656 0.057200
0 0.044056 0.565901 0.074964 0.040144
0 0.147969 0.553642 0.062524 0.077452
0 0.187584 0.566262 0.022380 0.045120
0 0.228798 0.600895 0.045120 0.117945
0 0.268053 0.565192 0.033389 0.050793
0 0.299495 0.568389 0.033750 0.035889
0 0.332891 0.565727 0.033041 0.044772
0 0.427927 0.556845 0.047608 0.069627
0 0.466653 0.560751 0.018474 0.046190
0 0.495601 0.566611 0.037308 0.035168
0 0.537704 0.553822 0.046178 0.067861
0 0.569327 0.559153 0.030553 0.048666
0 0.602181 0.570697 0.047248 0.034808
