0 0.045697 0.487386 0.058269 0.081719
0 0.125457 0.493425 0.055072 0.067500
0 0.151923 0.523450 0.041202 0.042981
0 0.233281 0.501773 0.041202 0.038017
0 0.295631 0.496623 0.042272 0.071058
0 0.347861 0.494489 0.045120 0.071767
0 0.380895 0.476376 0.033762 0.029844
0 0.461010 0.501064 0.030553 0.036599
0 0.526022 0.496803 0.044760 0.069279
0 0.572740 0.507819 0.040144 0.042993
0 0.608624 0.475313 0.030204 0.017764
0 0.750907 0.499285 0.044050 0.065012
0 0.796917 0.464117 0.034459 0.044411
0 0.792476 0.538191 0.034808 0.057560
0 0.755703 0.554002 0.039435 0.052933
0 0.880583 0.545829 0.031983 0.041563
0 0.899231 0.563948 0.014567 0.030901
0 0.922332 0.552224 0.027356 0.043702
0 0.959633 0.555246 0.040853 0.051166
0 0.899946 0.456478 0.031623 0.036947
0 0.918954 0.479748 0.017043 0.030192
0 0.934585 0.461100 0.034099 0.044050
0 0.962476 0.463588 0.030192 0.039796
