0 0.181544 0.418510 0.068930 0.071058
0 0.324363 0.467007 0.063245 0.102668
0 0.397909 0.431833 0.036947 0.040853
0 0.536106 0.441250 0.038365 0.034111
0 0.576785 0.419393 0.029483 0.039435
0 0.617638 0.438582 0.028786 0.023101
0 0.647308 0.434850 0.025577 0.037656
0 0.667380 0.413714 0.028774 0.036587
0 0.579802 0.410337 0.242296 0.103029
0 0.310325 0.576959 0.051514 0.094495
0 0.354207 0.583179 0.034808 0.036599
0 0.388131 0.572518 0.028065 0.048666
0 0.416022 0.570745 0.034111 0.056490
0 0.449417 0.583353 0.031983 0.038365
0 0.604321 0.577668 0.044050 0.034111
0 0.656725 0.549603 0.040853 0.040505
0 0.722800 0.562392 0.045120 0.031971
0 0.730974 0.584249 0.062885 0.015276
0 0.792073 0.575180 0.045829 0.041923
0 0.838437 0.545162 0.043341 0.036599
