0 0.040276 0.432085 0.054471 0.069627
0 0.071659 0.447831 0.030553 0.036238
0 0.109790 0.446058 0.049026 0.098534
0 0.155030 0.449369 0.031022 0.037897
0 0.187362 0.449014 0.031262 0.033870
0 0.219928 0.431851 0.030072 0.069159
0 0.259477 0.448660 0.044291 0.039315
0 0.294056 0.448900 0.029603 0.042151
0 0.319285 0.447482 0.031743 0.044050
0 0.348774 0.446292 0.014447 0.031262
0 0.385012 0.441677 0.030072 0.019195
0 0.420541 0.433389 0.037187 0.067981
0 0.440787 0.450793 0.033642 0.049736
0 0.468498 0.454585 0.022740 0.033642
0 0.497987 0.437175 0.030565 0.058510
0 0.526761 0.453636 0.033161 0.036478
0 0.556611 0.433978 0.027476 0.061587
0 0.612145 0.442740 0.030084 0.032692
0 0.640451 0.434453 0.019411 0.062055
0 0.655493 0.435517 0.020601 0.059928
0 0.670529 0.445228 0.024159 0.041442
0 0.697644 0.450559 0.027236 0.033642
0 0.773678 0.446653 0.024399 0.034820
0 0.800439 0.446653 0.027704 0.041454
0 0.833480 0.444519 0.029844 0.043341
0 0.858119 0.439309 0.018474 0.053762
0 0.882272 0.446532 0.030793 0.039796
0 0.911761 0.436466 0.024868 0.063702
0 0.925974 0.446653 0.025817 0.045709
0 0.950361 0.452572 0.027236 0.032452
0 0.974645 0.469621 0.015637 0.025349
0 0.419633 0.590397 0.021022 0.040361
0 0.439447 0.595108 0.027308 0.041562
0 0.473035 0.590517 0.030685 0.039639
0 0.496959 0.579038 0.012813 0.053413
0 0.522218 0.591364 0.025132 0.036983
0 0.547584 0.577464 0.014014 0.059447
0 0.571629 0.583143 0.030685 0.052440
0 0.602200 0.588708 0.022716 0.035517
0 0.634345 0.588582 0.038185 0.032861
0 0.668293 0.590757 0.024880 0.037692
0 0.700192 0.578798 0.030697 0.053413
0 0.728347 0.590276 0.023690 0.028510
0 0.754321 0.591845 0.033594 0.035036
0 0.786947 0.577230 0.021034 0.060901
0 0.807608 0.585565 0.013534 0.044712
0 0.826581 0.588101 0.030685 0.040120
0 0.852915 0.608522 0.015709 0.028269
0 0.891220 0.591725 0.030925 0.034796
0 0.921550 0.588582 0.032139 0.041562
0 0.954898 0.576262 0.040829 0.054615
