0 0.042620 0.487758 0.056611 0.068450
0 0.131316 0.481478 0.060156 0.067260
0 0.168618 0.509315 0.053293 0.043341
0 0.224754 0.523642 0.051863 0.069639
0 0.306707 0.503624 0.056611 0.042873
0 0.347794 0.494621 0.018954 0.057079
0 0.389597 0.494507 0.023450 0.074375
0 0.432109 0.492969 0.044050 0.072236
0 0.535379 0.512506 0.027007 0.040733
0 0.568540 0.512272 0.038377 0.036010
0 0.606436 0.520325 0.036478 0.042644
0 0.653684 0.513456 0.029603 0.031262
0 0.706977 0.493678 0.039075 0.060865
0 0.744159 0.505162 0.022019 0.063474
0 0.787861 0.513816 0.056370 0.039555
0 0.839135 0.509429 0.042404 0.046887
0 0.891010 0.500667 0.031971 0.070589
0 0.935415 0.502674 0.031262 0.039555
0 0.971893 0.505877 0.027945 0.048798
