0 0.047115 0.295907 0.055192 0.053762
0 0.070445 0.339489 0.055889 0.058978
0 0.136412 0.312849 0.044291 0.034111
0 0.290835 0.295553 0.055180 0.073894
0 0.355853 0.303606 0.075793 0.051635
0 0.416719 0.299940 0.019904 0.023918
0 0.495469 0.321611 0.064663 0.090481
0 0.592698 0.294489 0.015637 0.020613
0 0.640306 0.303371 0.073425 0.039315
0 0.687440 0.302187 0.020841 0.023221
0 0.752927 0.300174 0.070349 0.047127
0 0.064171 0.514964 0.055168 0.042716
0 0.086142 0.535841 0.047356 0.036611
0 0.146190 0.514850 0.042476 0.033690
0 0.325847 0.503011 0.103498 0.072007
0 0.374537 0.517897 0.027584 0.020264
0 0.442644 0.512770 0.047115 0.053450
0 0.499519 0.513017 0.024663 0.023678
0 0.581659 0.505204 0.060529 0.060288
0 0.654153 0.511917 0.039050 0.041983
0 0.752764 0.514237 0.088365 0.043209
0 0.818305 0.511058 0.018798 0.023678
0 0.851016 0.548287 0.068594 0.114724
0 0.911064 0.561100 0.105204 0.026118
0 0.526442 0.562458 0.506010 0.036983
0 0.409976 0.649309 0.047067 0.070974
0 0.496088 0.659399 0.076575 0.044832
0 0.567440 0.659579 0.022788 0.022788
0 0.628335 0.683870 0.067608 0.095264
0 0.726214 0.644267 0.019063 0.028774
0 0.783185 0.658468 0.079952 0.045950
