0 0.026490 0.499754 0.036130 0.045565
0 0.056761 0.493654 0.017897 0.046707
0 0.081334 0.506424 0.023438 0.030276
0 0.109736 0.492512 0.031082 0.061346
0 0.204928 0.499183 0.040841 0.053221
0 0.236905 0.501220 0.011070 0.042632
0 0.260096 0.506346 0.025865 0.032716
0 0.359850 0.495769 0.040204 0.057115
0 0.395240 0.508780 0.023438 0.031406
0 0.428690 0.508624 0.030433 0.029772
0 0.459441 0.496821 0.023281 0.056959
0 0.487590 0.491617 0.027825 0.052079
0 0.518269 0.498858 0.018558 0.040841
0 0.541376 0.506184 0.026695 0.029123
0 0.586617 0.506671 0.052079 0.035312
0 0.632181 0.506671 0.033522 0.046707
0 0.683359 0.502356 0.043450 0.042308
0 0.718672 0.503498 0.025228 0.036442
0 0.754802 0.508456 0.025228 0.040517
0 0.785799 0.494627 0.023113 0.060697
0 0.810024 0.504014 0.034663 0.047019
0 0.896911 0.496520 0.025913 0.056070
0 0.926304 0.505751 0.031502 0.037608
0 0.965018 0.502025 0.026935 0.041671
