0 0.023492 0.496755 0.026767 0.065841
0 0.045871 0.498299 0.023209 0.058978
0 0.073468 0.496995 0.029603 0.059207
0 0.101298 0.512157 0.034111 0.033161
0 0.134573 0.511202 0.029603 0.030793
0 0.165721 0.508359 0.026995 0.034579
0 0.197927 0.496641 0.035998 0.060397
0 0.233462 0.506941 0.028894 0.033161
0 0.262470 0.512746 0.027704 0.038137
0 0.303450 0.505637 0.037187 0.033870
0 0.419147 0.509898 0.056851 0.040974
0 0.463323 0.497350 0.023450 0.064195
0 0.496478 0.495691 0.031034 0.059916
0 0.582452 0.500667 0.030553 0.055180
0 0.639411 0.511556 0.054952 0.031502
0 0.684657 0.511797 0.029844 0.035757
0 0.714609 0.497115 0.024868 0.051394
0 0.781166 0.495222 0.025817 0.053762
0 0.811244 0.495931 0.028185 0.053762
0 0.846659 0.494032 0.034111 0.065613
0 0.880763 0.503744 0.029844 0.034820
0 0.911196 0.505871 0.036719 0.040974
0 0.943407 0.505998 0.029123 0.035048
0 0.971118 0.492139 0.027716 0.059447
