0 0.281286 0.328227 0.053293 0.079219
0 0.372945 0.411358 0.070337 0.073534
0 0.500313 0.298029 0.050096 0.072837
0 0.370457 0.484724 0.027716 0.058966
0 0.223023 0.414555 0.046887 0.061466
0 0.223377 0.484724 0.024880 0.063245
0 0.217867 0.560571 0.053642 0.062175
0 0.292650 0.563948 0.042632 0.025589
0 0.374363 0.557909 0.059688 0.061106
0 0.452879 0.558444 0.044050 0.026647
0 0.507770 0.558083 0.050084 0.057200
0 0.375787 0.626478 0.029123 0.058269
0 0.221599 0.625944 0.026995 0.045108
0 0.230835 0.693624 0.066791 0.068930
0 0.378630 0.688299 0.056130 0.060397
0 0.644549 0.662891 0.074964 0.076382
0 0.717734 0.678882 0.057200 0.032332
0 0.772981 0.672482 0.056130 0.068570
0 0.628918 0.458966 0.075673 0.076394
