0 0.199008 0.116767 0.048786 0.079808
0 0.249105 0.137374 0.049507 0.043810
0 0.300619 0.116881 0.035517 0.076743
0 0.342067 0.131214 0.041683 0.049495
0 0.384111 0.129790 0.038606 0.038137
0 0.430288 0.127782 0.041923 0.045950
0 0.465463 0.124225 0.029363 0.045950
0 0.494597 0.123395 0.038377 0.052344
0 0.535451 0.127662 0.039555 0.046190
0 0.582819 0.129435 0.060397 0.048798
0 0.201196 0.258708 0.037224 0.054339
0 0.232837 0.283299 0.050433 0.054555
0 0.282596 0.275415 0.044615 0.036118
0 0.328660 0.274183 0.045060 0.041034
0 0.382218 0.275589 0.053113 0.044495
0 0.437224 0.272338 0.043726 0.044724
0 0.478816 0.268984 0.043714 0.045397
0 0.521749 0.295264 0.041478 0.090337
0 0.568876 0.272626 0.044724 0.041478
0 0.622043 0.273960 0.056250 0.042151
0 0.192626 0.410325 0.034531 0.046707
0 0.240607 0.420956 0.060709 0.042536
0 0.282410 0.411232 0.022536 0.053257
0 0.328119 0.411959 0.030709 0.042716
0 0.355835 0.413323 0.025084 0.038906
0 0.400823 0.402776 0.053618 0.056707
0 0.450439 0.413690 0.043810 0.044712
0 0.499700 0.415595 0.048534 0.038714
0 0.610529 0.407788 0.056563 0.056755
0 0.661436 0.414369 0.040060 0.047656
0 0.703804 0.417428 0.051743 0.043389
0 0.202043 0.540451 0.078101 0.068810
0 0.263137 0.540006 0.055553 0.069700
0 0.300409 0.559826 0.034519 0.037969
0 0.337933 0.540006 0.036947 0.062825
0 0.391575 0.543834 0.036442 0.063582
0 0.435150 0.552813 0.039507 0.041034
0 0.478341 0.554597 0.050192 0.043834
0 0.585493 0.560331 0.045361 0.039507
0 0.625186 0.560204 0.032993 0.034904
0 0.642837 0.561665 0.028798 0.104603
0 0.677260 0.542999 0.036274 0.073137
0 0.714844 0.559525 0.034808 0.051190
0 0.751256 0.560258 0.030421 0.047392
0 0.794111 0.555288 0.046514 0.046803
0 0.184976 0.698167 0.031010 0.042416
0 0.215980 0.698612 0.028666 0.038017
0 0.253858 0.694225 0.048846 0.054411
0 0.327422 0.724351 0.039195 0.086587
0 0.366911 0.686178 0.029832 0.057620
0 0.398942 0.695535 0.038317 0.040661
0 0.426731 0.690126 0.020769 0.056166
0 0.461388 0.702999 0.034507 0.038017
0 0.501316 0.689694 0.048858 0.061719
0 0.548119 0.698900 0.037728 0.040950
0 0.582927 0.698900 0.028377 0.039195
0 0.608522 0.684273 0.020481 0.053233
0 0.638353 0.686322 0.034519 0.059087
0 0.670234 0.687350 0.025156 0.057632
0 0.707386 0.720841 0.045637 0.097115
0 0.193966 0.831785 0.037981 0.056070
0 0.233462 0.855294 0.060889 0.071142
0 0.294657 0.836605 0.050036 0.034363
0 0.338365 0.839772 0.044615 0.040096
0 0.388407 0.834802 0.039796 0.042200
0 0.430763 0.840228 0.044315 0.037380
0 0.484868 0.834345 0.044615 0.037680
0 0.520445 0.873083 0.036178 0.121791
0 0.598828 0.840673 0.056671 0.040096
0 0.636202 0.823948 0.020505 0.057873
0 0.673281 0.840072 0.042813 0.040096
0 0.727242 0.825607 0.048233 0.066022
0 0.761460 0.834351 0.024411 0.048534
0 0.785126 0.837512 0.027127 0.040385
0 0.809994 0.842031 0.032849 0.046418
