0 0.241713 0.523311 0.047608 0.103738
0 0.271563 0.530950 0.034111 0.051514
0 0.299273 0.489916 0.033401 0.034111
0 0.387560 0.481929 0.062885 0.042993
0 0.395907 0.418329 0.045469 0.055072
0 0.377963 0.556707 0.052224 0.054712
0 0.429123 0.477488 0.034471 0.194688
0 0.339243 0.492230 0.037308 0.199315
0 0.503017 0.495962 0.047957 0.053293
0 0.580288 0.489387 0.049736 0.072837
0 0.644772 0.487963 0.024519 0.031623
0 0.720445 0.415667 0.041563 0.063233
0 0.720625 0.488323 0.051154 0.055781
0 0.720451 0.556352 0.050805 0.055421
0 0.682073 0.484591 0.039435 0.201082
0 0.763431 0.491695 0.038017 0.221683
