0 0.084868 0.496665 0.044760 0.108714
0 0.133624 0.490006 0.052752 0.059147
0 0.181322 0.499333 0.044760 0.046887
0 0.231683 0.491875 0.042091 0.069279
0 0.314549 0.489207 0.046887 0.062885
0 0.345186 0.519321 0.027175 0.043161
0 0.383828 0.498798 0.037296 0.053293
0 0.412602 0.488678 0.020252 0.072476
0 0.425661 0.534501 0.034639 0.049026
0 0.469621 0.509195 0.052224 0.122043
0 0.519718 0.452169 0.040493 0.054892
0 0.553558 0.452175 0.035697 0.044231
0 0.609513 0.498798 0.042103 0.050096
0 0.670799 0.492674 0.036767 0.079411
0 0.708101 0.491340 0.032500 0.057560
0 0.752596 0.494537 0.047957 0.056478
0 0.818143 0.493474 0.102320 0.067139
0 0.907945 0.468696 0.034639 0.023978
