0 0.157404 0.457103 0.032212 0.039784
0 0.176346 0.470367 0.012788 0.021310
0 0.205006 0.454850 0.034099 0.034339
0 0.253323 0.450703 0.029844 0.042632
0 0.287788 0.452596 0.037187 0.041683
0 0.326508 0.449994 0.039315 0.043113
0 0.223834 0.485048 0.169351 0.017043
0 0.236034 0.521166 0.062524 0.041923
0 0.434159 0.473558 0.022981 0.025817
0 0.509946 0.479014 0.057560 0.066082
0 0.564303 0.527212 0.053534 0.109423
0 0.633462 0.483630 0.022740 0.023678
0 0.696466 0.478894 0.045000 0.057788
0 0.734002 0.500445 0.019183 0.036947
0 0.767404 0.479718 0.051394 0.065613
0 0.846508 0.477115 0.033858 0.032452
