0 0.325294 0.405944 0.043353 0.055781
0 0.389243 0.433828 0.068221 0.076022
0 0.443600 0.420331 0.039075 0.035517
0 0.482151 0.416959 0.025937 0.038726
0 0.515012 0.405409 0.030553 0.068221
0 0.547692 0.404519 0.036947 0.072115
0 0.583936 0.411454 0.029844 0.054712
0 0.624790 0.422638 0.035517 0.023810
0 0.677722 0.419615 0.041214 0.029135
0 0.376280 0.584291 0.047248 0.096995
0 0.416953 0.561370 0.029844 0.038365
0 0.454441 0.557464 0.034459 0.030553
0 0.504351 0.559243 0.041923 0.041923
0 0.549651 0.557999 0.037308 0.035180
0 0.589796 0.545030 0.029495 0.076022
0 0.628876 0.562975 0.030204 0.047248
