0 0.025715 0.488720 0.033041 0.058618
0 0.038149 0.511635 0.025216 0.040505
0 0.063912 0.518564 0.034099 0.042272
0 0.234255 0.490673 0.037308 0.061827
0 0.267296 0.498672 0.018822 0.039435
0 0.302470 0.501683 0.040853 0.036947
0 0.334802 0.493161 0.030204 0.065361
0 0.370859 0.506839 0.031262 0.036587
0 0.405853 0.505066 0.038005 0.035877
0 0.576743 0.501863 0.035168 0.037308
0 0.612620 0.491743 0.034471 0.051154
0 0.642464 0.499375 0.031611 0.043702
0 0.679591 0.501334 0.041923 0.035529
0 0.825607 0.494934 0.031262 0.042632
0 0.855451 0.498486 0.032680 0.041923
0 0.881917 0.500090 0.028065 0.028786
0 0.914069 0.491202 0.036238 0.051514
0 0.946046 0.492452 0.029135 0.058966
0 0.973395 0.500799 0.023450 0.042272
