0 0.137800 0.465409 0.037308 0.061466
0 0.161959 0.490986 0.029495 0.045120
0 0.193930 0.483528 0.027356 0.039435
0 0.230883 0.479441 0.026647 0.034820
0 0.255397 0.477482 0.018822 0.045829
0 0.281689 0.481749 0.035877 0.028786
0 0.301046 0.481040 0.030553 0.114748
0 0.363576 0.485475 0.024868 0.024868
0 0.391821 0.466112 0.037296 0.062175
0 0.431256 0.471977 0.025228 0.036238
0 0.520781 0.467007 0.064303 0.062524
0 0.514207 0.511058 0.078870 0.024880
0 0.519357 0.553690 0.069988 0.041923
0 0.594147 0.492230 0.047596 0.039796
0 0.689177 0.553690 0.045829 0.036947
0 0.730216 0.551382 0.023438 0.023798
0 0.774093 0.539123 0.042993 0.056130
0 0.805180 0.546587 0.016346 0.022740
0 0.848522 0.540012 0.041923 0.051514
0 0.765565 0.507861 0.188654 0.022019
0 0.776755 0.463804 0.053293 0.076743
0 0.185938 0.540012 0.041923 0.049375
0 0.222710 0.551382 0.031623 0.030192
0 0.267650 0.542855 0.047608 0.057200
0 0.312596 0.551382 0.035168 0.033750
0 0.346875 0.546761 0.035529 0.037296
0 0.388269 0.571454 0.052933 0.096635
0 0.884050 0.528468 0.017764 0.034099
