0 0.030673 0.487091 0.029375 0.097115
0 0.062055 0.497632 0.038606 0.062764
0 0.117242 0.495258 0.027704 0.052344
0 0.170883 0.487806 0.044531 0.070108
0 0.197055 0.523570 0.024399 0.051154
0 0.235547 0.499766 0.050204 0.081238
0 0.285403 0.529489 0.050445 0.111310
0 0.412806 0.484706 0.035877 0.029579
0 0.495463 0.493023 0.053257 0.071382
0 0.552055 0.491731 0.051034 0.082115
0 0.611040 0.480823 0.038089 0.075084
0 0.641556 0.517061 0.024411 0.045493
0 0.685006 0.488401 0.058065 0.078413
0 0.715709 0.490433 0.043269 0.108365
0 0.789309 0.498383 0.080252 0.082103
0 0.893053 0.492837 0.054736 0.068053
0 0.942981 0.486370 0.042909 0.076562
