0 0.273023 0.439471 0.054002 0.066082
0 0.301803 0.450126 0.041923 0.041214
0 0.336623 0.455276 0.046899 0.040144
0 0.381208 0.435739 0.035180 0.074243
0 0.419579 0.448173 0.043702 0.040144
0 0.469663 0.446929 0.040144 0.039075
0 0.507861 0.450481 0.035529 0.040505
0 0.541611 0.451376 0.045481 0.040853
0 0.602187 0.445156 0.051514 0.067500
0 0.644105 0.439111 0.038017 0.061106
0 0.676611 0.449597 0.030553 0.044411
0 0.706989 0.452260 0.038017 0.043341
0 0.753353 0.445685 0.043341 0.030192
0 0.279952 0.560793 0.053654 0.112620
0 0.335553 0.513011 0.057548 0.070349
0 0.384760 0.523492 0.050096 0.041575
0 0.428816 0.543918 0.049387 0.103029
0 0.475355 0.516208 0.045829 0.051166
