0 0.037127 0.210186 0.034808 0.022728
0 0.095745 0.210192 0.059687 0.085264
0 0.143173 0.238077 0.059327 0.072837
0 0.195048 0.230258 0.040144 0.042993
0 0.233059 0.223510 0.044411 0.032332
0 0.296118 0.219784 0.034808 0.025577
0 0.371971 0.207879 0.051514 0.092728
0 0.414603 0.220132 0.041562 0.053293
0 0.440889 0.236478 0.045120 0.144952
0 0.472332 0.209297 0.027716 0.071406
0 0.500577 0.225288 0.038005 0.041562
0 0.540547 0.213738 0.034099 0.082428
0 0.574297 0.224044 0.021310 0.061815
0 0.601833 0.223690 0.033041 0.039784
0 0.642506 0.222440 0.039075 0.045120
0 0.682476 0.226172 0.031611 0.061815
0 0.715517 0.237542 0.048678 0.064651
0 0.752819 0.228305 0.034459 0.044062
0 0.789056 0.221911 0.030204 0.067500
0 0.818726 0.213918 0.024159 0.065024
0 0.849808 0.217825 0.031611 0.067139
0 0.880895 0.214982 0.026286 0.059339
0 0.925661 0.209832 0.049736 0.070337
0 0.084730 0.352296 0.036238 0.079591
0 0.115463 0.368287 0.030901 0.049026
0 0.150631 0.351767 0.040853 0.077091
0 0.186514 0.368101 0.037308 0.038726
0 0.229153 0.356917 0.039435 0.068209
0 0.277819 0.354429 0.046526 0.071767
0 0.307488 0.368996 0.039087 0.039796
0 0.347278 0.368642 0.035517 0.046899
0 0.378540 0.368107 0.027007 0.039435
0 0.422416 0.364910 0.041562 0.040853
0 0.461316 0.392085 0.042632 0.093089
0 0.498089 0.369706 0.029495 0.045469
0 0.524916 0.372368 0.035529 0.038726
0 0.032200 0.501376 0.029543 0.018786
0 0.097007 0.496250 0.064928 0.062740
0 0.137157 0.502596 0.015373 0.043197
0 0.159982 0.507722 0.031238 0.031478
0 0.200018 0.507843 0.043450 0.051743
0 0.237722 0.509062 0.026118 0.036611
0 0.260186 0.511629 0.024651 0.030517
0 0.304736 0.501743 0.028317 0.048822
0 0.340367 0.509675 0.032224 0.036370
0 0.361725 0.499297 0.018305 0.056142
0 0.389063 0.503083 0.023678 0.070541
0 0.423852 0.509189 0.032704 0.035877
0 0.456442 0.514681 0.041250 0.035156
0 0.509778 0.490631 0.038570 0.074940
0 0.542362 0.506256 0.032945 0.042224
0 0.576779 0.491851 0.030024 0.063221
0 0.604483 0.501376 0.018558 0.058834
0 0.641100 0.511382 0.031238 0.036851
0 0.677103 0.502596 0.034423 0.046130
0 0.704808 0.500889 0.021490 0.066154
0 0.730313 0.497103 0.023678 0.074207
0 0.756436 0.508942 0.043690 0.051514
0 0.028744 0.651190 0.030565 0.024159
0 0.083648 0.643263 0.034724 0.061887
0 0.117987 0.653456 0.041502 0.052079
0 0.157043 0.652698 0.032067 0.046791
0 0.186857 0.639868 0.032079 0.063389
0 0.219495 0.656665 0.027933 0.034339
0 0.242326 0.648359 0.022272 0.068305
0 0.314778 0.641190 0.029050 0.052452
0 0.357608 0.635150 0.052837 0.069050
0 0.418738 0.646280 0.034712 0.045276
0 0.462885 0.634399 0.030192 0.056226
0 0.484399 0.639111 0.030192 0.059615
0 0.567037 0.642891 0.030950 0.058113
0 0.596094 0.657230 0.033966 0.035469
0 0.630060 0.636280 0.022644 0.070565
0 0.648173 0.641376 0.015096 0.058113
0 0.669868 0.650433 0.029808 0.038486
0 0.707981 0.645715 0.021514 0.038858
0 0.721376 0.651563 0.019627 0.049808
0 0.745144 0.656280 0.032452 0.035853
0 0.781563 0.651941 0.031322 0.036983
0 0.813642 0.674579 0.037356 0.089808
0 0.875751 0.652236 0.033546 0.036851
0 0.908912 0.651346 0.035829 0.031010
0 0.949826 0.639525 0.045493 0.050060
0 0.083059 0.778672 0.034748 0.063786
0 0.117542 0.793059 0.033714 0.036046
0 0.163564 0.780871 0.029820 0.087368
0 0.198564 0.772969 0.033450 0.078822
0 0.222416 0.794489 0.026707 0.040445
0 0.252097 0.797079 0.029555 0.034736
0 0.285547 0.798504 0.031623 0.036046
0 0.320294 0.811857 0.043041 0.075709
0 0.392626 0.787873 0.050300 0.061442
0 0.430481 0.787746 0.032668 0.045637
0 0.456538 0.793582 0.032933 0.042260
0 0.543131 0.783077 0.044339 0.073630
0 0.579820 0.793444 0.029567 0.044075
0 0.608209 0.787614 0.018413 0.054700
0 0.636214 0.791502 0.025144 0.044327
0 0.662524 0.779189 0.030072 0.062752
0 0.688065 0.793185 0.031899 0.043558
0 0.725397 0.784507 0.023077 0.070264
0 0.763642 0.797987 0.038365 0.036046
0 0.798774 0.808227 0.032933 0.077272
0 0.834549 0.795649 0.037079 0.044856
0 0.862296 0.793450 0.028774 0.046154
