0 0.175192 0.480950 0.038005 0.062524
0 0.210361 0.475084 0.028774 0.067861
0 0.243227 0.487524 0.039796 0.038726
0 0.279994 0.496052 0.034459 0.118305
0 0.312326 0.500847 0.038017 0.115108
0 0.363666 0.495337 0.056130 0.040144
0 0.409669 0.490541 0.028065 0.034808
0 0.445018 0.496046 0.037656 0.033750
0 0.476286 0.519321 0.031274 0.088113
0 0.512698 0.492855 0.029483 0.038017
0 0.543786 0.495337 0.043341 0.041563
0 0.627097 0.488582 0.047969 0.064303
0 0.680745 0.494447 0.042981 0.045481
0 0.738654 0.499243 0.058630 0.045120
0 0.820012 0.493029 0.046538 0.044760
