0 0.025679 0.405499 0.029844 0.064267
0 0.049525 0.424297 0.020373 0.032368
0 0.059153 0.431244 0.022897 0.103425
0 0.075499 0.421611 0.015156 0.035216
0 0.091917 0.418371 0.015156 0.032849
0 0.115529 0.406689 0.028894 0.059050
0 0.140944 0.418606 0.025421 0.035841
0 0.158792 0.422157 0.019099 0.035998
0 0.187055 0.419952 0.022260 0.039159
0 0.214056 0.417897 0.028570 0.043269
0 0.243425 0.442530 0.021635 0.097584
0 0.267188 0.416635 0.022740 0.039159
0 0.289850 0.415769 0.027632 0.044688
0 0.323636 0.418371 0.018786 0.052416
0 0.405174 0.402350 0.026526 0.064603
0 0.430721 0.419681 0.025553 0.042320
0 0.459928 0.420252 0.018870 0.040529
0 0.506244 0.438359 0.026382 0.128209
0 0.530409 0.415799 0.018990 0.040685
0 0.554694 0.418011 0.031550 0.040685
0 0.583786 0.415427 0.021202 0.041430
0 0.608323 0.397794 0.019964 0.066815
0 0.630138 0.411605 0.022680 0.047103
0 0.691532 0.405811 0.015781 0.042897
0 0.706454 0.414561 0.020962 0.041671
0 0.724700 0.400391 0.015529 0.068546
0 0.739123 0.400264 0.021202 0.070769
0 0.776965 0.442302 0.026382 0.105036
0 0.799898 0.417272 0.019483 0.043149
0 0.817284 0.437127 0.032043 0.108486
0 0.840583 0.409020 0.017993 0.037969
0 0.863642 0.412716 0.032548 0.042909
0 0.027296 0.548696 0.031563 0.070757
0 0.051707 0.559050 0.020216 0.044135
0 0.075499 0.559417 0.036743 0.042416
0 0.108660 0.565829 0.035998 0.071010
0 0.135415 0.555475 0.025397 0.042897
0 0.158221 0.561881 0.022188 0.039940
0 0.176094 0.561022 0.028846 0.041178
0 0.200385 0.551280 0.019231 0.067560
0 0.224543 0.559910 0.026130 0.037969
0 0.251544 0.558185 0.028353 0.044375
0 0.291857 0.555228 0.013305 0.014784
0 0.325883 0.562380 0.024651 0.039447
0 0.354363 0.558311 0.024904 0.036238
0 0.386412 0.554982 0.032296 0.059675
0 0.442139 0.541052 0.024904 0.059916
0 0.469633 0.559669 0.017752 0.035012
0 0.488984 0.563984 0.017007 0.031310
0 0.507476 0.562620 0.012091 0.031562
0 0.525721 0.543642 0.023918 0.052764
0 0.551118 0.546100 0.013077 0.067560
0 0.565415 0.553011 0.011094 0.048329
0 0.584159 0.586418 0.020962 0.098389
0 0.614237 0.551034 0.024411 0.055721
0 0.638894 0.558438 0.023413 0.035505
0 0.662314 0.551040 0.011094 0.058185
0 0.681671 0.546352 0.015288 0.067055
0 0.694495 0.556833 0.016755 0.042656
0 0.730739 0.556094 0.021214 0.038221
0 0.749357 0.549681 0.015541 0.048570
0 0.770313 0.560901 0.018486 0.032548
0 0.786587 0.570270 0.026875 0.124267
0 0.803227 0.547218 0.014796 0.059916
0 0.826773 0.542404 0.019483 0.068053
0 0.837752 0.554982 0.016274 0.039940
0 0.852788 0.555595 0.017260 0.042656
0 0.869802 0.557945 0.023666 0.036490
0 0.922320 0.549802 0.021202 0.040445
0 0.940072 0.553870 0.016755 0.034760
0 0.955607 0.549555 0.013810 0.052764
0 0.972494 0.551899 0.022440 0.035264
