0 0.141653 0.394688 0.026526 0.046659
0 0.166166 0.401088 0.024399 0.032921
0 0.205126 0.384982 0.038834 0.056599
0 0.239351 0.395162 0.022981 0.030084
0 0.259243 0.407242 0.025817 0.097344
0 0.286130 0.406532 0.035529 0.092127
0 0.321653 0.401442 0.026526 0.032692
0 0.357650 0.398480 0.029844 0.034339
0 0.383828 0.419916 0.031502 0.084784
0 0.460925 0.395403 0.036947 0.042392
0 0.493960 0.389838 0.019651 0.051166
0 0.516581 0.399663 0.025108 0.035769
0 0.542518 0.399549 0.024868 0.042151
0 0.584081 0.388534 0.039315 0.056130
0 0.620078 0.401677 0.034579 0.031743
0 0.654898 0.395992 0.031743 0.029844
0 0.692680 0.388648 0.046659 0.055421
0 0.732939 0.394453 0.032440 0.036238
0 0.759940 0.392674 0.022019 0.035998
0 0.787416 0.396346 0.026755 0.037187
0 0.811809 0.395403 0.026767 0.035300
0 0.847218 0.392674 0.029363 0.021791
0 0.145817 0.469712 0.022067 0.040769
0 0.174495 0.495493 0.034952 0.085865
0 0.207440 0.467212 0.021587 0.036731
0 0.238456 0.455048 0.027224 0.064279
0 0.273251 0.472770 0.039796 0.039147
0 0.326496 0.469796 0.060901 0.035120
0 0.380625 0.469309 0.041563 0.037055
0 0.411394 0.467776 0.026418 0.036250
0 0.503227 0.471809 0.064435 0.041406
0 0.547049 0.469393 0.015469 0.047200
0 0.584904 0.460529 0.031250 0.058486
0 0.627518 0.469387 0.038498 0.029159
0 0.656196 0.456256 0.022392 0.051550
0 0.675126 0.459561 0.020613 0.051070
0 0.692608 0.467458 0.031731 0.032055
0 0.727566 0.471887 0.036887 0.037380
0 0.206773 0.526142 0.056118 0.056947
0 0.253101 0.526142 0.040841 0.059279
0 0.289627 0.535944 0.030889 0.029724
0 0.322416 0.528882 0.037692 0.054784
0 0.356791 0.520168 0.027067 0.054952
0 0.392151 0.537097 0.030721 0.033041
0 0.432338 0.539183 0.038017 0.035865
0 0.526472 0.540589 0.042007 0.036370
0 0.569399 0.543161 0.035192 0.028221
0 0.614477 0.531544 0.044339 0.066743
0 0.662794 0.539099 0.040349 0.037692
0 0.697079 0.540673 0.042837 0.030889
0 0.192338 0.598642 0.033714 0.054038
0 0.231971 0.609826 0.028630 0.035733
0 0.269075 0.609742 0.036418 0.028113
0 0.314135 0.611268 0.035409 0.029820
0 0.353780 0.600757 0.035397 0.050144
0 0.386136 0.609063 0.029988 0.029471
0 0.421118 0.610000 0.037957 0.032356
0 0.451352 0.604321 0.019820 0.047776
0 0.481514 0.609147 0.029639 0.035409
0 0.517428 0.597542 0.035409 0.058954
0 0.636100 0.607200 0.033546 0.037260
0 0.679549 0.610925 0.040493 0.039303
0 0.720968 0.604573 0.034219 0.066911
0 0.759591 0.609742 0.040312 0.040325
0 0.797879 0.611436 0.045060 0.030493
