0 0.018714 0.426797 0.022260 0.042632
0 0.044880 0.427746 0.029135 0.039315
0 0.076382 0.427626 0.022500 0.041454
0 0.099357 0.427392 0.022031 0.031971
0 0.117951 0.430944 0.021310 0.102079
0 0.140337 0.414718 0.022500 0.065373
0 0.158570 0.451196 0.022019 0.086214
0 0.177987 0.429639 0.020132 0.038846
0 0.201436 0.425853 0.027704 0.036010
0 0.228083 0.438996 0.015637 0.023450
0 0.306599 0.424429 0.026298 0.047368
0 0.284219 0.408798 0.034111 0.067260
0 0.330637 0.431538 0.026995 0.043582
0 0.387837 0.414249 0.030553 0.057320
0 0.410577 0.423480 0.011130 0.052103
0 0.425727 0.425613 0.021550 0.048798
0 0.446340 0.425499 0.021070 0.045709
0 0.470024 0.422650 0.021562 0.042873
0 0.497849 0.426322 0.040264 0.045000
0 0.595439 0.416376 0.060637 0.067272
0 0.631905 0.427278 0.025108 0.039315
0 0.663173 0.422770 0.028894 0.040733
0 0.695385 0.422536 0.025096 0.039784
0 0.722272 0.411755 0.017764 0.062764
0 0.740264 0.424195 0.024399 0.043101
0 0.764075 0.450956 0.025577 0.102320
0 0.832632 0.409748 0.030553 0.060625
0 0.862837 0.423840 0.023678 0.039075
0 0.891731 0.424315 0.042163 0.043341
0 0.934597 0.423720 0.047849 0.036478
0 0.971076 0.416617 0.025589 0.060156
0 0.023335 0.561154 0.017584 0.049952
0 0.044008 0.559123 0.016599 0.045889
0 0.096082 0.569375 0.033197 0.107404
0 0.115769 0.567494 0.022139 0.042800
0 0.140992 0.557410 0.027007 0.056791
0 0.165481 0.566605 0.025865 0.039387
0 0.185174 0.565300 0.018714 0.043293
0 0.203720 0.555048 0.022296 0.061514
0 0.269958 0.564489 0.020661 0.047512
0 0.291112 0.568720 0.024579 0.034820
0 0.330006 0.567903 0.020998 0.043618
0 0.350343 0.563678 0.016767 0.063462
0 0.373858 0.569856 0.026034 0.035481
0 0.402746 0.566767 0.021647 0.043942
0 0.431058 0.568474 0.040192 0.040192
0 0.508444 0.584345 0.025709 0.107079
0 0.532278 0.571977 0.022296 0.041983
0 0.554982 0.567746 0.023113 0.040036
0 0.574020 0.578648 0.034507 0.056310
0 0.600138 0.566767 0.018714 0.033534
0 0.619988 0.555132 0.025553 0.061683
0 0.639928 0.567909 0.015288 0.036779
0 0.659129 0.557001 0.025060 0.056959
0 0.710877 0.567013 0.038726 0.033690
0 0.743341 0.562776 0.018389 0.067212
0 0.762704 0.554153 0.027500 0.071118
0 0.803720 0.551875 0.015132 0.053870
0 0.822921 0.569285 0.032380 0.030108
0 0.871659 0.564405 0.031250 0.051911
0 0.894195 0.562452 0.012212 0.043774
0 0.907536 0.570511 0.021971 0.038401
0 0.923401 0.566605 0.018221 0.038089
0 0.942602 0.568960 0.015950 0.033690
0 0.966448 0.567662 0.040517 0.040853
