0 0.046629 0.427254 0.052224 0.061815
0 0.068480 0.465980 0.039075 0.049026
0 0.123546 0.436671 0.047596 0.057909
0 0.141310 0.464032 0.031274 0.040853
0 0.167776 0.470601 0.030913 0.045481
0 0.213071 0.442001 0.046190 0.052945
0 0.239363 0.472909 0.037668 0.041562
0 0.561773 0.430102 0.037296 0.062536
0 0.607067 0.437740 0.044760 0.066442
0 0.629447 0.463317 0.036947 0.045120
0 0.676881 0.440409 0.049387 0.054712
0 0.768185 0.440409 0.023101 0.036947
0 0.818275 0.437031 0.042993 0.061466
0 0.875655 0.439694 0.044050 0.065373
0 0.918642 0.440403 0.039087 0.054002
0 0.952037 0.466514 0.038377 0.050096
0 0.297272 0.573275 0.051875 0.062536
0 0.340084 0.575937 0.044399 0.067139
0 0.383954 0.581268 0.054712 0.058618
0 0.203660 0.606851 0.050084 0.051514
0 0.156941 0.579844 0.056839 0.067861
0 0.095300 0.584111 0.044399 0.081346
0 0.043257 0.584291 0.035529 0.044760
