0 0.141484 0.402079 0.060757 0.072476
0 0.192115 0.420198 0.034111 0.036238
0 0.222224 0.420469 0.035697 0.107115
0 0.276310 0.401010 0.043702 0.072476
0 0.319213 0.413269 0.046358 0.044760
0 0.365036 0.416202 0.041034 0.041034
0 0.463900 0.410601 0.049026 0.050096
0 0.504129 0.407674 0.023978 0.063425
0 0.541701 0.419129 0.043690 0.036238
0 0.579273 0.418600 0.033570 0.045829
0 0.618702 0.418864 0.036755 0.039964
0 0.668263 0.437512 0.048498 0.091130
0 0.709567 0.417530 0.030913 0.033041
0 0.738341 0.419129 0.034111 0.039435
0 0.781244 0.411406 0.052752 0.087933
0 0.828401 0.415138 0.043702 0.048498
0 0.872368 0.418870 0.047428 0.037837
0 0.127097 0.539038 0.053281 0.082067
0 0.159874 0.560349 0.036767 0.041562
0 0.196911 0.560619 0.031971 0.036767
0 0.228353 0.552356 0.040505 0.060745
0 0.255793 0.555823 0.029303 0.046358
0 0.277380 0.540895 0.025577 0.070877
0 0.293101 0.558221 0.025048 0.040505
0 0.323203 0.558215 0.020252 0.023450
0 0.354387 0.559020 0.037837 0.045300
0 0.392218 0.557151 0.032512 0.031971
0 0.426058 0.548894 0.047957 0.064471
0 0.470024 0.549429 0.045288 0.065541
0 0.503864 0.558750 0.039435 0.028774
0 0.531575 0.552626 0.020240 0.052752
0 0.559549 0.560349 0.039964 0.044760
0 0.585397 0.577404 0.031971 0.086322
0 0.613912 0.562218 0.020781 0.042103
0 0.638690 0.567542 0.041562 0.117776
0 0.682650 0.540367 0.035709 0.069820
0 0.708498 0.553954 0.030913 0.041562
0 0.746869 0.545433 0.031983 0.057548
0 0.776713 0.544633 0.034099 0.061286
0 0.810553 0.546767 0.052764 0.044231
0 0.500313 0.357458 0.823582 0.028257
