0 0.033065 0.489501 0.025745 0.054940
0 0.048852 0.523606 0.009627 0.014207
0 0.111701 0.497548 0.036791 0.062212
0 0.145962 0.516190 0.022260 0.034423
0 0.173197 0.499213 0.020841 0.057007
0 0.205096 0.496526 0.019255 0.049423
0 0.235968 0.504339 0.020685 0.048630
0 0.280571 0.501424 0.037272 0.052897
0 0.308516 0.506076 0.014844 0.040733
0 0.333149 0.510421 0.024639 0.031418
0 0.357626 0.509946 0.021478 0.031743
0 0.386605 0.494627 0.022897 0.049423
0 0.414784 0.500319 0.022740 0.050060
0 0.441310 0.507188 0.015793 0.039471
0 0.467602 0.510102 0.018786 0.032680
0 0.494603 0.514369 0.026370 0.037416
0 0.531154 0.514760 0.034736 0.030000
0 0.558389 0.505601 0.020048 0.045793
0 0.619267 0.500950 0.032524 0.061731
0 0.650054 0.508137 0.022728 0.034423
0 0.686845 0.509712 0.040733 0.034736
0 0.729555 0.512079 0.032043 0.034423
0 0.760499 0.513894 0.027945 0.043413
0 0.795715 0.513425 0.023522 0.035841
0 0.821136 0.511052 0.014675 0.048161
0 0.847584 0.502127 0.024639 0.064736
0 0.868900 0.510895 0.024002 0.026695
0 0.885715 0.498185 0.015325 0.053053
0 0.902055 0.508450 0.014207 0.046731
0 0.926298 0.513107 0.022572 0.032055
0 0.952109 0.512554 0.026526 0.033161
0 0.531653 0.540547 0.897055 0.022464
