0 0.022620 0.368954 0.032380 0.035841
0 0.088600 0.361520 0.027897 0.056406
0 0.122404 0.367530 0.018534 0.046022
0 0.164351 0.367230 0.032788 0.037272
0 0.189501 0.361316 0.016695 0.049483
0 0.208642 0.368347 0.027284 0.036238
0 0.242849 0.369063 0.028510 0.073510
0 0.329099 0.353582 0.031971 0.067812
0 0.376136 0.355925 0.042560 0.034207
0 0.438347 0.366917 0.026887 0.053353
0 0.457794 0.362542 0.013233 0.079627
0 0.482843 0.362133 0.023834 0.048666
0 0.503516 0.365391 0.016286 0.084099
0 0.521737 0.357452 0.023017 0.044183
0 0.558287 0.351749 0.017103 0.080036
0 0.601562 0.351755 0.026274 0.053966
0 0.623762 0.353077 0.015673 0.035841
0 0.651863 0.351851 0.024639 0.056202
0 0.686995 0.343606 0.015072 0.075553
0 0.727314 0.342079 0.028113 0.065577
0 0.755823 0.354706 0.017512 0.023618
0 0.784026 0.349712 0.022187 0.062524
0 0.814675 0.350733 0.015481 0.075962
0 0.846851 0.351851 0.019543 0.057019
0 0.868948 0.356635 0.014868 0.032788
0 0.893179 0.352055 0.023834 0.057837
0 0.924032 0.347169 0.011815 0.074531
0 0.944093 0.345643 0.020974 0.055998
0 0.964862 0.354808 0.014050 0.023822
0 0.981863 0.350625 0.018317 0.050096
0 0.043269 0.500306 0.037356 0.054291
0 0.068029 0.508353 0.009375 0.045192
0 0.086569 0.509820 0.024075 0.031899
0 0.136100 0.500445 0.038618 0.039736
0 0.192626 0.502404 0.026022 0.045337
0 0.215787 0.501148 0.011334 0.054002
0 0.247055 0.494008 0.022380 0.047296
0 0.275733 0.494856 0.010913 0.046731
0 0.305956 0.499123 0.027416 0.053870
0 0.329393 0.496526 0.012728 0.055962
0 0.356328 0.497578 0.019868 0.051358
0 0.373606 0.493377 0.009928 0.063942
0 0.397254 0.496881 0.019724 0.053305
0 0.418732 0.491629 0.015950 0.054844
0 0.442867 0.493101 0.021695 0.056947
0 0.483161 0.483660 0.012740 0.061286
0 0.516671 0.507163 0.028822 0.032740
0 0.538221 0.503245 0.012596 0.051490
0 0.555499 0.511220 0.021406 0.029387
0 0.586839 0.504087 0.026995 0.049808
0 0.616641 0.486665 0.016094 0.075974
0 0.640006 0.506953 0.029531 0.033161
0 0.662458 0.502825 0.012031 0.047284
0 0.681911 0.507163 0.019303 0.030216
0 0.708353 0.494153 0.025457 0.046166
0 0.733684 0.491839 0.013714 0.072620
0 0.760409 0.506815 0.031899 0.031202
0 0.783065 0.497578 0.014832 0.051911
0 0.791184 0.503666 0.019315 0.033293
0 0.818047 0.491635 0.019315 0.044207
0 0.838552 0.485409 0.015252 0.069255
0 0.862332 0.505481 0.030072 0.028822
0 0.885000 0.499537 0.012452 0.045469
0 0.906544 0.502969 0.030637 0.034423
0 0.937746 0.495481 0.019459 0.048269
0 0.951875 0.487927 0.014976 0.066743
0 0.071550 0.648431 0.066707 0.046094
0 0.126010 0.641472 0.024591 0.050589
0 0.153395 0.642163 0.019026 0.082139
0 0.199111 0.648894 0.031562 0.037139
0 0.222897 0.640769 0.015553 0.055697
0 0.237867 0.652494 0.026454 0.036430
0 0.289261 0.640655 0.028546 0.052680
0 0.322566 0.633462 0.016238 0.057788
0 0.370829 0.644135 0.031563 0.031322
0 0.393227 0.639261 0.013690 0.043401
0 0.413305 0.649820 0.022740 0.030168
0 0.453912 0.637644 0.024603 0.055000
0 0.488840 0.627428 0.017873 0.059639
0 0.532121 0.643558 0.035733 0.032957
0 0.559495 0.636593 0.012067 0.044555
0 0.564369 0.646575 0.021815 0.035264
0 0.609627 0.633347 0.029231 0.062656
0 0.644435 0.637638 0.018558 0.061502
0 0.674255 0.650517 0.035048 0.029712
0 0.697692 0.637290 0.014159 0.050589
0 0.715799 0.649477 0.021118 0.033185
0 0.754087 0.641701 0.024832 0.045012
0 0.792843 0.628125 0.013233 0.053606
0 0.828113 0.644832 0.030409 0.029471
0 0.852710 0.640421 0.013233 0.040144
0 0.870817 0.646346 0.023438 0.031562
0 0.908756 0.635433 0.031094 0.058486
