0 0.042788 0.400613 0.045216 0.041947
0 0.096448 0.386659 0.043786 0.075553
0 0.152145 0.393588 0.043978 0.057224
0 0.195517 0.404886 0.042764 0.045204
0 0.240325 0.403462 0.050096 0.041538
0 0.284513 0.414357 0.038690 0.084507
0 0.324423 0.389411 0.027692 0.058654
0 0.363930 0.438083 0.043582 0.122584
0 0.448750 0.406520 0.066587 0.081863
0 0.499255 0.397758 0.039303 0.047656
0 0.538954 0.399081 0.032380 0.035228
0 0.573173 0.403359 0.033606 0.045012
0 0.606466 0.392566 0.034615 0.065373
0 0.629784 0.396436 0.034014 0.062103
0 0.662055 0.403053 0.035024 0.042764
0 0.693419 0.391749 0.039916 0.063738
0 0.720204 0.418329 0.031971 0.035841
0 0.752782 0.398269 0.023834 0.040529
0 0.790457 0.392163 0.044591 0.054375
0 0.824056 0.399796 0.030757 0.037476
0 0.863359 0.401833 0.049075 0.058642
0 0.900823 0.401226 0.020565 0.050505
0 0.921094 0.401124 0.022404 0.042151
0 0.945625 0.396334 0.017716 0.032572
0 0.962939 0.386563 0.033594 0.085120
0 0.028594 0.549910 0.032668 0.043257
0 0.066556 0.549044 0.034171 0.034171
0 0.109922 0.546016 0.040445 0.034171
0 0.152855 0.526112 0.032007 0.065757
0 0.196436 0.533684 0.049531 0.065757
0 0.230294 0.548179 0.040228 0.038065
0 0.300264 0.586575 0.048245 0.115721
0 0.340709 0.539201 0.017091 0.052560
0 0.376076 0.588522 0.053209 0.121346
