0 0.028203 0.476424 0.034075 0.065733
0 0.066022 0.481629 0.045913 0.056791
0 0.102879 0.474375 0.042776 0.067909
0 0.154591 0.469657 0.032139 0.070565
0 0.184195 0.490198 0.030457 0.039147
0 0.207632 0.475823 0.013534 0.056310
0 0.217296 0.513762 0.027067 0.081442
0 0.259465 0.488750 0.038906 0.041562
0 0.287981 0.485974 0.018125 0.036010
0 0.310090 0.486454 0.015950 0.033101
0 0.327975 0.488269 0.019820 0.031418
0 0.351178 0.483558 0.017885 0.036971
0 0.378486 0.486701 0.030457 0.039868
0 0.454730 0.474008 0.026334 0.061382
0 0.480463 0.467248 0.025132 0.076370
0 0.494964 0.485613 0.014976 0.041562
0 0.508377 0.476310 0.017644 0.055817
0 0.551028 0.483678 0.021262 0.045913
0 0.566857 0.479327 0.015228 0.055096
0 0.584742 0.494189 0.016671 0.028762
0 0.603107 0.473654 0.030685 0.064519
0 0.655547 0.484279 0.020541 0.036490
0 0.674153 0.489117 0.020060 0.035998
0 0.705565 0.482350 0.032620 0.029243
0 0.772867 0.474862 0.030445 0.061142
0 0.800661 0.484645 0.018846 0.033353
0 0.817212 0.491052 0.021514 0.030204
0 0.880042 0.474375 0.033113 0.070312
0 0.925956 0.470631 0.043738 0.075877
0 0.968612 0.466887 0.042055 0.064038
