0 0.085042 0.487566 0.058257 0.065373
0 0.130877 0.487392 0.049736 0.070697
0 0.181322 0.493606 0.032692 0.025577
0 0.227506 0.490228 0.047608 0.066442
0 0.280439 0.490763 0.060397 0.066070
0 0.346875 0.489339 0.071058 0.071058
0 0.388978 0.505331 0.044399 0.046887
0 0.441917 0.501773 0.039435 0.049026
0 0.480992 0.500709 0.035877 0.046178
0 0.534105 0.501599 0.065373 0.043702
0 0.587398 0.486322 0.046190 0.078510
0 0.629141 0.497338 0.040156 0.045829
0 0.657031 0.498582 0.040505 0.041923
0 0.781731 0.484724 0.059687 0.064663
0 0.831647 0.485968 0.051514 0.071406
0 0.877831 0.489345 0.052224 0.069627
0 0.921172 0.487566 0.052224 0.069627
