0 0.032650 0.415108 0.024868 0.040024
0 0.148474 0.423275 0.020601 0.054483
0 0.169669 0.425523 0.018954 0.055661
0 0.189327 0.440210 0.014207 0.035300
0 0.214315 0.442578 0.033389 0.028666
0 0.235517 0.437368 0.010889 0.043822
0 0.250198 0.438906 0.015156 0.041683
0 0.264531 0.437013 0.013966 0.032680
0 0.281112 0.419724 0.018233 0.063942
0 0.300649 0.430619 0.015625 0.035517
0 0.318882 0.438912 0.017524 0.034579
0 0.391004 0.432746 0.025349 0.100421
0 0.416466 0.420787 0.017524 0.067031
0 0.431977 0.434050 0.018233 0.035288
0 0.451046 0.430385 0.016587 0.051635
0 0.465258 0.436538 0.014219 0.033630
0 0.487752 0.417236 0.026995 0.063245
0 0.518197 0.470294 0.025817 0.108714
0 0.538564 0.437963 0.016815 0.037897
0 0.563672 0.443642 0.028185 0.035529
0 0.585691 0.424820 0.010661 0.053293
0 0.602272 0.434525 0.014447 0.035757
0 0.619327 0.419014 0.015865 0.077212
0 0.633894 0.427188 0.017524 0.056611
0 0.681737 0.427302 0.014219 0.057800
0 0.699495 0.442344 0.014688 0.031034
0 0.719159 0.422446 0.022740 0.069868
0 0.776947 0.431803 0.016106 0.032692
0 0.799213 0.429904 0.022272 0.033630
0 0.820288 0.436659 0.030313 0.036707
0 0.868606 0.434525 0.021322 0.058978
0 0.890162 0.442812 0.021310 0.040505
0 0.910763 0.425529 0.015156 0.064183
0 0.931256 0.427188 0.025349 0.064183
0 0.953047 0.435829 0.016815 0.040264
0 0.971280 0.439736 0.022031 0.036707
0 0.151136 0.559675 0.021262 0.061707
0 0.171196 0.577314 0.016911 0.034483
0 0.193425 0.567728 0.014976 0.065889
0 0.211472 0.568852 0.022392 0.063954
0 0.231929 0.580775 0.021430 0.040445
0 0.259399 0.581502 0.025769 0.033197
0 0.320355 0.579447 0.014892 0.030505
0 0.338912 0.567728 0.014892 0.062740
0 0.360877 0.582013 0.026611 0.038570
0 0.390054 0.573588 0.016599 0.034411
0 0.406406 0.568462 0.009760 0.064687
0 0.423858 0.580667 0.017332 0.041262
0 0.440331 0.566016 0.012200 0.052969
0 0.451196 0.567362 0.014411 0.053209
0 0.471941 0.569928 0.022704 0.064207
0 0.492326 0.583347 0.021478 0.032464
0 0.512831 0.582127 0.024892 0.039303
