0 0.104189 0.288389 0.033041 0.051875
0 0.137043 0.299231 0.036947 0.032332
0 0.178792 0.283954 0.042993 0.062885
0 0.219645 0.301538 0.030901 0.030553
0 0.256773 0.294255 0.028425 0.053654
0 0.300535 0.303173 0.031767 0.036346
0 0.349868 0.301034 0.032067 0.043678
0 0.387897 0.307296 0.039712 0.033606
0 0.421340 0.295072 0.027800 0.045817
0 0.451887 0.292476 0.034519 0.057115
0 0.486563 0.312181 0.064760 0.066599
0 0.539399 0.300577 0.032380 0.036659
0 0.575300 0.291412 0.034519 0.068425
0 0.594387 0.296599 0.019543 0.043990
0 0.623558 0.292019 0.032692 0.055601
0 0.652428 0.296755 0.018942 0.045505
0 0.695956 0.291713 0.052849 0.064147
0 0.129105 0.419892 0.058906 0.047380
0 0.217770 0.442175 0.059219 0.038966
0 0.263894 0.439681 0.034904 0.038329
0 0.295066 0.441088 0.039892 0.032416
0 0.332464 0.441707 0.026178 0.038029
0 0.360823 0.445451 0.033666 0.041142
0 0.396665 0.430331 0.031791 0.057656
0 0.430793 0.436100 0.025865 0.056094
0 0.456659 0.440150 0.042067 0.034916
0 0.494988 0.437344 0.025865 0.034279
0 0.528648 0.428462 0.040829 0.060769
0 0.574621 0.424880 0.034291 0.064832
0 0.609681 0.432200 0.037704 0.034591
0 0.650198 0.439994 0.031478 0.034603
0 0.686352 0.429712 0.026502 0.052668
0 0.720162 0.437969 0.040517 0.037404
0 0.803227 0.425817 0.055781 0.064832
0 0.853407 0.441863 0.048930 0.037716
0 0.895637 0.440150 0.028678 0.038017
0 0.196448 0.568474 0.051070 0.064880
0 0.217975 0.584700 0.041430 0.033726
0 0.252825 0.584537 0.040481 0.033401
0 0.295385 0.572007 0.042716 0.062957
0 0.337139 0.568960 0.047861 0.060709
0 0.376971 0.577470 0.031803 0.059099
0 0.409411 0.572332 0.034375 0.053317
0 0.451328 0.584213 0.040469 0.035325
0 0.488588 0.579561 0.021839 0.055565
0 0.521665 0.584700 0.038546 0.045288
0 0.611124 0.583413 0.038233 0.038870
0 0.666208 0.576989 0.059748 0.029868
0 0.708131 0.571046 0.022800 0.059111
0 0.742662 0.578438 0.031478 0.044327
0 0.779754 0.578269 0.037584 0.047861
0 0.823600 0.567194 0.045613 0.066815
0 0.862139 0.583251 0.037260 0.042392
0 0.902296 0.585499 0.046899 0.038546
0 0.196424 0.707837 0.048281 0.054399
0 0.234441 0.711773 0.038666 0.060517
0 0.274201 0.734056 0.030805 0.043041
0 0.349147 0.723684 0.039543 0.040204
0 0.396226 0.726629 0.051995 0.038666
0 0.460138 0.718107 0.053089 0.050036
0 0.572728 0.713407 0.040120 0.051935
0 0.613185 0.725889 0.032764 0.032764
0 0.640829 0.734916 0.024303 0.024519
