0 0.029513 0.459303 0.035998 0.061346
0 0.074754 0.462626 0.036478 0.066550
0 0.093347 0.489976 0.020613 0.030312
0 0.129111 0.465938 0.033870 0.066562
0 0.234153 0.459784 0.044531 0.068918
0 0.276316 0.466058 0.029844 0.060625
0 0.300589 0.469850 0.014928 0.057320
0 0.331851 0.464285 0.019663 0.069868
0 0.359093 0.477542 0.027704 0.034339
0 0.388221 0.476238 0.023918 0.034111
0 0.426238 0.485715 0.043101 0.059219
0 0.475499 0.474345 0.032680 0.030781
0 0.507596 0.462025 0.033389 0.063474
0 0.534591 0.477067 0.037187 0.104447
0 0.562188 0.475054 0.021322 0.033161
0 0.589309 0.476010 0.029603 0.040264
0 0.615120 0.495427 0.041442 0.092368
0 0.693275 0.505343 0.065974 0.143906
0 0.759609 0.471460 0.041334 0.043498
0 0.809087 0.455871 0.027188 0.066695
0 0.862560 0.471635 0.045673 0.039519
0 0.900980 0.473089 0.025373 0.040962
0 0.931611 0.462572 0.027188 0.064159
0 0.964597 0.473630 0.033714 0.042043
