0 0.059189 0.487704 0.038137 0.045865
0 0.100282 0.484748 0.032224 0.049808
0 0.135877 0.485986 0.030409 0.047668
0 0.212963 0.486803 0.050132 0.046683
0 0.264002 0.495355 0.035841 0.031887
0 0.306328 0.468888 0.039291 0.036815
0 0.313480 0.505457 0.037151 0.019231
0 0.389008 0.501514 0.050469 0.017596
0 0.391562 0.466094 0.056875 0.056538
0 0.389832 0.541454 0.039279 0.053750
0 0.600042 0.490583 0.041478 0.038642
0 0.648137 0.480078 0.040697 0.033185
0 0.705180 0.475282 0.027740 0.023594
0 0.748738 0.470493 0.050553 0.058077
0 0.748732 0.509766 0.044339 0.019964
0 0.751454 0.539844 0.033702 0.046418
0 0.801106 0.498101 0.045889 0.042788
0 0.864369 0.486046 0.045901 0.045625
0 0.928798 0.487470 0.046659 0.029820
