0 0.044261 0.481569 0.063233 0.061815
0 0.114724 0.483347 0.049736 0.062536
0 0.176064 0.484651 0.052103 0.059447
0 0.250793 0.483347 0.031971 0.058257
0 0.435775 0.483113 0.044291 0.056370
0 0.473197 0.493888 0.025817 0.046190
0 0.513576 0.502175 0.038377 0.042861
0 0.541406 0.489387 0.024399 0.046659
0 0.587831 0.492464 0.036238 0.032452
0 0.616484 0.495186 0.028666 0.036478
0 0.657578 0.488438 0.021310 0.033870
0 0.683161 0.493059 0.028894 0.035998
0 0.706016 0.477422 0.026286 0.052103
0 0.739411 0.494597 0.027716 0.034820
0 0.775409 0.482873 0.024399 0.050216
0 0.796845 0.500757 0.029844 0.031034
0 0.830120 0.493768 0.025337 0.032200
0 0.854633 0.495547 0.030781 0.036238
0 0.907452 0.494008 0.031731 0.033161
0 0.947091 0.511154 0.059808 0.091346
