0 0.061496 0.359645 0.022200 0.024435
0 0.046941 0.339177 0.038690 0.082873
0 0.107115 0.344471 0.033606 0.081250
0 0.142043 0.339177 0.029327 0.080853
0 0.164435 0.336322 0.035433 0.082476
0 0.180529 0.354549 0.033389 0.045204
0 0.213822 0.346202 0.022596 0.041947
0 0.180835 0.488948 0.020974 0.024026
0 0.204249 0.487326 0.015685 0.031767
0 0.130841 0.476124 0.020769 0.020781
0 0.165559 0.474087 0.032368 0.079832
0 0.223287 0.474093 0.017512 0.067608
0 0.236328 0.487939 0.030950 0.045613
0 0.265343 0.465126 0.030349 0.087969
0 0.286418 0.491502 0.023630 0.038486
0 0.309838 0.478666 0.024435 0.066587
0 0.330919 0.473684 0.029123 0.068017
0 0.143401 0.616448 0.026202 0.069387
0 0.166166 0.608906 0.022620 0.071034
0 0.183167 0.624465 0.019339 0.030589
0 0.204633 0.634339 0.020300 0.030313
0 0.234868 0.634681 0.039904 0.030709
0 0.265721 0.618221 0.013293 0.057596
0 0.285264 0.621034 0.024135 0.059928
0 0.301238 0.619874 0.027284 0.065829
0 0.319339 0.623029 0.021803 0.058413
0 0.334627 0.632560 0.020841 0.037981
0 0.353347 0.630024 0.021262 0.030168
0 0.376941 0.662037 0.029483 0.095300
0 0.422873 0.633588 0.027284 0.035925
0 0.445024 0.630709 0.017548 0.033462
0 0.467236 0.635781 0.025240 0.030168
0 0.528401 0.615757 0.030721 0.059519
0 0.549718 0.632758 0.030853 0.033738
0 0.580781 0.614249 0.023317 0.069940
0 0.600733 0.629405 0.024543 0.044844
0 0.628161 0.631803 0.041827 0.035649
0 0.687332 0.626316 0.021659 0.049363
0 0.723395 0.630703 0.047175 0.037296
0 0.795709 0.608690 0.029471 0.067837
0 0.823486 0.629038 0.036250 0.040288
0 0.851040 0.613137 0.022680 0.064014
0 0.870012 0.628510 0.025865 0.038798
0 0.891112 0.633383 0.020565 0.035397
0 0.918029 0.629141 0.026923 0.036671
0 0.945805 0.626388 0.023101 0.036671
0 0.972728 0.613456 0.038365 0.075685
