0 0.110252 0.453882 0.049760 0.081587
0 0.148648 0.479724 0.041863 0.033726
0 0.261923 0.460703 0.070337 0.073209
0 0.319585 0.480439 0.043065 0.037560
0 0.367554 0.511418 0.046647 0.111010
0 0.413245 0.480439 0.041394 0.039483
0 0.476526 0.478407 0.075120 0.043065
0 0.540763 0.477446 0.039002 0.048329
0 0.586094 0.476851 0.054543 0.045697
0 0.637650 0.459862 0.037560 0.063882
0 0.684784 0.475535 0.048558 0.038762
0 0.727368 0.465132 0.038990 0.064832
0 0.773065 0.466088 0.035649 0.062440
0 0.814694 0.474820 0.047608 0.044014
0 0.870673 0.474814 0.050000 0.047849
