0 0.030805 0.407200 0.030000 0.059519
0 0.056532 0.416749 0.024002 0.044844
0 0.083143 0.419117 0.025733 0.031262
0 0.138011 0.406016 0.035998 0.060325
0 0.159489 0.426617 0.030950 0.034579
0 0.187115 0.424333 0.029687 0.029675
0 0.216328 0.446202 0.029050 0.081947
0 0.243173 0.424567 0.015168 0.032692
0 0.267806 0.408780 0.022728 0.062055
0 0.289669 0.420938 0.025421 0.037115
0 0.316046 0.424730 0.033630 0.030469
0 0.363804 0.407909 0.019892 0.050216
0 0.384495 0.419597 0.025577 0.033474
0 0.409910 0.414381 0.012945 0.051791
0 0.430198 0.408618 0.020685 0.063005
0 0.453810 0.420072 0.028413 0.041683
0 0.504651 0.409964 0.034736 0.068846
0 0.530703 0.418804 0.015156 0.042945
0 0.551629 0.419675 0.021310 0.038365
0 0.572157 0.443750 0.023522 0.073894
0 0.597656 0.409886 0.019255 0.057320
0 0.627181 0.416749 0.017993 0.033161
0 0.645499 0.409964 0.020853 0.067260
0 0.666424 0.421172 0.022897 0.038209
0 0.684026 0.407121 0.023365 0.065373
0 0.712212 0.417861 0.018149 0.032524
0 0.749477 0.410679 0.027320 0.055108
0 0.772999 0.418960 0.021310 0.037897
0 0.793606 0.423624 0.018630 0.029531
0 0.845793 0.441941 0.030481 0.087632
0 0.876587 0.417380 0.015000 0.027788
0 0.895373 0.405775 0.023534 0.068690
0 0.919928 0.410517 0.037260 0.066466
0 0.947716 0.407356 0.023678 0.058269
0 0.971400 0.420463 0.026526 0.037416
0 0.042668 0.550974 0.040913 0.062668
0 0.071911 0.558059 0.010144 0.043017
0 0.090276 0.565631 0.020457 0.032392
0 0.117097 0.551376 0.022873 0.054772
0 0.140216 0.560877 0.019808 0.037692
0 0.163900 0.549117 0.020132 0.053161
0 0.207157 0.591412 0.029964 0.094243
0 0.236316 0.562007 0.019651 0.036731
0 0.248642 0.588594 0.028510 0.090865
0 0.278930 0.555240 0.021755 0.039639
0 0.300601 0.560559 0.028029 0.031262
0 0.332097 0.552746 0.024002 0.059123
0 0.356178 0.551208 0.022885 0.060252
0 0.374784 0.557734 0.022716 0.040757
0 0.397825 0.560072 0.029159 0.031899
0 0.434633 0.562494 0.021911 0.054772
