0 0.078101 0.487169 0.050048 0.068522
0 0.126737 0.506827 0.038690 0.042163
0 0.166995 0.506983 0.037428 0.035529
0 0.206154 0.507308 0.042476 0.035841
0 0.254952 0.502566 0.049423 0.050060
0 0.290000 0.503906 0.019423 0.053365
0 0.332001 0.493648 0.036791 0.058425
0 0.380000 0.506274 0.056058 0.045481
0 0.439291 0.506983 0.050529 0.042788
0 0.479399 0.493960 0.030313 0.054940
0 0.524952 0.502254 0.039639 0.039002
0 0.572861 0.504207 0.050192 0.042356
0 0.647206 0.504441 0.038714 0.045613
0 0.705763 0.488912 0.046358 0.063858
0 0.747927 0.498281 0.035998 0.047596
0 0.787873 0.503582 0.048822 0.037476
0 0.846430 0.500505 0.038702 0.047091
0 0.892163 0.502470 0.048822 0.047584
0 0.925697 0.514922 0.024159 0.021695
