0 0.097963 0.497776 0.098762 0.072115
0 0.157831 0.516436 0.052945 0.036238
0 0.208810 0.521226 0.029135 0.042981
0 0.247356 0.509501 0.049375 0.063594
0 0.313083 0.524069 0.071406 0.041575
0 0.369567 0.518029 0.033750 0.038726
0 0.410962 0.510216 0.028413 0.055072
0 0.445956 0.518035 0.029483 0.045829
0 0.567103 0.514297 0.069279 0.066791
0 0.614712 0.513948 0.033750 0.061815
0 0.660895 0.516430 0.052224 0.072476
0 0.720403 0.525132 0.047608 0.057909
0 0.782043 0.508437 0.054351 0.065721
0 0.840126 0.524249 0.044772 0.066791
0 0.892704 0.511641 0.049736 0.063594
0 0.941556 0.516430 0.042272 0.048317
