0 0.030319 0.201106 0.028738 0.079736
0 0.053131 0.217927 0.013738 0.052416
0 0.070186 0.222188 0.023834 0.035048
0 0.114159 0.219267 0.023678 0.030168
0 0.134688 0.221394 0.014519 0.030312
0 0.153480 0.221082 0.017368 0.026202
0 0.171797 0.222506 0.021791 0.030637
0 0.240637 0.202843 0.022740 0.062368
0 0.263690 0.219423 0.018317 0.031106
0 0.285006 0.222266 0.024002 0.032993
0 0.310823 0.210343 0.019099 0.055901
0 0.334111 0.206556 0.015793 0.048642
0 0.351328 0.218948 0.010421 0.039627
0 0.370192 0.224321 0.021947 0.037103
0 0.395300 0.223690 0.025745 0.033942
0 0.477169 0.216502 0.036623 0.045168
0 0.514279 0.219501 0.027788 0.045469
0 0.548696 0.211761 0.033161 0.051791
0 0.621376 0.219171 0.039147 0.035120
0 0.651743 0.206208 0.018365 0.052031
0 0.670595 0.203948 0.021911 0.067175
0 0.735433 0.214663 0.023678 0.080553
0 0.756785 0.205325 0.020950 0.060577
0 0.774910 0.220222 0.020781 0.029483
0 0.790535 0.205643 0.018209 0.060901
0 0.810030 0.208624 0.016599 0.023690
0 0.852236 0.218534 0.038510 0.043173
0 0.881478 0.211040 0.020625 0.031743
0 0.907175 0.208624 0.025937 0.037224
0 0.826701 0.206292 0.017728 0.072175
0 0.927392 0.200565 0.014495 0.071370
0 0.947530 0.200811 0.019002 0.066382
0 0.964441 0.215715 0.018690 0.035925
0 0.982248 0.202344 0.017236 0.076202
0 0.025066 0.348167 0.022704 0.059123
0 0.046587 0.365282 0.018293 0.030661
0 0.061490 0.361214 0.008462 0.049303
0 0.080805 0.371466 0.029471 0.082332
0 0.109093 0.347157 0.022704 0.055060
0 0.178047 0.351725 0.030493 0.077416
0 0.197698 0.362404 0.023377 0.035072
0 0.219207 0.364856 0.020673 0.035913
0 0.241659 0.351731 0.021851 0.056755
0 0.264778 0.364856 0.018978 0.035913
0 0.284429 0.353678 0.016935 0.055216
0 0.300270 0.351731 0.017103 0.054038
0 0.320517 0.364687 0.021010 0.032861
0 0.343468 0.365619 0.022536 0.034050
0 0.367350 0.388155 0.026599 0.077416
0 0.421905 0.361977 0.022200 0.038954
0 0.443672 0.365451 0.020661 0.034724
0 0.468155 0.362999 0.026935 0.033882
0 0.527103 0.359946 0.036418 0.031839
0 0.571070 0.358251 0.021683 0.033546
0 0.592157 0.355877 0.023546 0.034904
0 0.621803 0.355114 0.032692 0.045565
0 0.662380 0.356472 0.025072 0.037776
0 0.020403 0.497975 0.024050 0.060036
0 0.042752 0.508924 0.026010 0.030637
0 0.066977 0.497794 0.024940 0.055036
0 0.089784 0.503942 0.019952 0.040264
0 0.107776 0.498239 0.011755 0.055925
0 0.169772 0.505361 0.027788 0.041683
0 0.193552 0.503582 0.013714 0.046322
0 0.207356 0.511154 0.019231 0.027260
0 0.220541 0.500823 0.026010 0.051839
0 0.282350 0.498510 0.023522 0.052188
0 0.303371 0.507590 0.016022 0.030108
0 0.321184 0.510793 0.022440 0.026899
0 0.377302 0.496635 0.020661 0.052019
0 0.398672 0.506611 0.017103 0.029567
0 0.418624 0.504742 0.020661 0.026550
0 0.436172 0.494856 0.015493 0.042043
0 0.455950 0.498149 0.016923 0.048269
0 0.470998 0.500108 0.010697 0.046851
0 0.482933 0.510000 0.016394 0.026370
0 0.505379 0.509994 0.020661 0.022440
0 0.524261 0.503498 0.015325 0.028678
0 0.547332 0.485595 0.028317 0.066262
0 0.574850 0.502867 0.021022 0.042752
0 0.593113 0.503582 0.025481 0.030288
0 0.627578 0.505102 0.046310 0.041863
0 0.699730 0.503498 0.027079 0.044712
0 0.727873 0.500198 0.024591 0.043474
0 0.757181 0.501983 0.029748 0.037764
0 0.808570 0.498329 0.038486 0.056466
0 0.021334 0.646214 0.032716 0.040096
0 0.055667 0.648023 0.028474 0.042704
0 0.113341 0.636689 0.033870 0.059988
0 0.139267 0.640186 0.014567 0.053353
0 0.159225 0.646244 0.019675 0.040108
0 0.221755 0.637825 0.020625 0.055817
0 0.239357 0.636028 0.017969 0.059411
0 0.258468 0.648227 0.018353 0.040300
0 0.276442 0.636310 0.016466 0.061875
0 0.289970 0.634706 0.013233 0.062440
0 0.302362 0.647380 0.024411 0.040865
0 0.331028 0.644826 0.030661 0.041815
0 0.383444 0.637921 0.016647 0.054111
0 0.416929 0.643504 0.042392 0.041815
0 0.505102 0.636785 0.021959 0.059026
0 0.530264 0.651166 0.018918 0.032548
0 0.552975 0.648702 0.022704 0.033678
0 0.579934 0.636028 0.022512 0.059026
0 0.605950 0.636118 0.022332 0.050144
0 0.624874 0.639237 0.012488 0.047680
0 0.644645 0.649177 0.020252 0.029700
0 0.668011 0.648419 0.021190 0.034627
0 0.687782 0.646052 0.015325 0.043137
0 0.709261 0.637254 0.019291 0.064892
0 0.729886 0.649081 0.016647 0.036334
0 0.748329 0.650781 0.019495 0.031034
0 0.780781 0.647758 0.035577 0.034435
0 0.029014 0.789369 0.025625 0.039796
0 0.055084 0.789826 0.022308 0.036478
0 0.086743 0.790733 0.037380 0.040697
0 0.180643 0.788768 0.035877 0.040397
0 0.216671 0.777320 0.022909 0.059687
0 0.243498 0.787716 0.024111 0.038293
0 0.263245 0.781532 0.018389 0.065108
0 0.318714 0.809267 0.023822 0.088029
0 0.340421 0.784399 0.017788 0.038293
0 0.355793 0.791328 0.015986 0.038281
0 0.375535 0.788317 0.019892 0.038894
0 0.398299 0.774748 0.020204 0.047933
0 0.420451 0.785000 0.019892 0.033462
0 0.446382 0.775054 0.030144 0.054555
