0 0.041544 0.470823 0.059844 0.052897
0 0.099255 0.464345 0.018630 0.026358
0 0.133287 0.500264 0.048786 0.112428
0 0.176238 0.465841 0.026058 0.031899
0 0.295114 0.467590 0.019579 0.025373
0 0.260313 0.458702 0.073221 0.076490
0 0.334802 0.469760 0.042416 0.052933
0 0.382831 0.472482 0.024651 0.025733
0 0.431406 0.463960 0.044231 0.056550
0 0.423251 0.500938 0.060541 0.026827
0 0.417452 0.541172 0.040240 0.056550
0 0.669381 0.471755 0.043137 0.050385
0 0.709790 0.470847 0.029724 0.039147
0 0.806581 0.469219 0.060901 0.046755
0 0.849171 0.471388 0.021394 0.025012
0 0.893756 0.499123 0.040228 0.097139
0 0.966617 0.465409 0.047488 0.060889
0 0.928191 0.468305 0.019940 0.023197
0 0.835577 0.532470 0.067428 0.063065
0 0.925835 0.532470 0.047127 0.056550
