0 0.184195 0.369279 0.036707 0.080288
0 0.226713 0.372945 0.037897 0.024639
0 0.281184 0.370931 0.037416 0.059916
0 0.323816 0.380523 0.031262 0.035998
0 0.364081 0.373774 0.023209 0.045721
0 0.393450 0.367969 0.037428 0.064423
0 0.540415 0.376148 0.052344 0.063714
0 0.587308 0.374129 0.044760 0.033161
0 0.662861 0.368329 0.071298 0.060865
0 0.707151 0.378041 0.036707 0.041923
0 0.740313 0.403257 0.050457 0.096635
0 0.174453 0.598660 0.042897 0.048450
0 0.241394 0.591442 0.041418 0.028846
0 0.327200 0.605313 0.053990 0.098005
0 0.368624 0.590703 0.040685 0.040685
0 0.407085 0.587933 0.033281 0.043269
0 0.435192 0.596250 0.026635 0.045120
0 0.467554 0.580168 0.039579 0.059543
0 0.515078 0.594405 0.046599 0.037728
0 0.550216 0.580721 0.016274 0.050288
0 0.578510 0.590523 0.037356 0.032921
0 0.618269 0.576833 0.042909 0.058065
0 0.653401 0.586641 0.025144 0.043642
0 0.682434 0.616965 0.044748 0.068786
0 0.726815 0.581094 0.038101 0.057692
0 0.754742 0.596989 0.028113 0.034026
0 0.781550 0.592554 0.040312 0.045853
0 0.816875 0.584603 0.045120 0.055841
