0 0.218630 0.423083 0.057909 0.073185
0 0.259657 0.420595 0.039796 0.066791
0 0.295541 0.435162 0.022740 0.021310
0 0.360379 0.428768 0.047248 0.045469
0 0.411358 0.417572 0.028413 0.062885
0 0.445823 0.429123 0.031262 0.037668
0 0.536418 0.431256 0.035529 0.038377
0 0.571412 0.414201 0.035877 0.070349
0 0.612620 0.433738 0.044399 0.041923
0 0.665204 0.432320 0.038726 0.032692
0 0.719730 0.415799 0.042632 0.072127
0 0.764495 0.430186 0.046899 0.044050
0 0.214008 0.565012 0.042993 0.072837
0 0.253972 0.578876 0.046190 0.039435
0 0.307975 0.562885 0.029844 0.057909
0 0.355583 0.577806 0.041214 0.038017
0 0.404609 0.576388 0.039075 0.033041
0 0.450084 0.571767 0.026995 0.047957
0 0.492542 0.570343 0.042272 0.037296
0 0.540325 0.554177 0.028413 0.063954
0 0.602855 0.567326 0.071767 0.041214
0 0.661647 0.572650 0.042284 0.033401
0 0.710138 0.570877 0.036238 0.037668
0 0.752957 0.560216 0.050096 0.068918
0 0.804111 0.563594 0.046538 0.064303
