0 0.024507 0.510871 0.035529 0.132704
0 0.053377 0.493167 0.021683 0.031262
0 0.078203 0.489555 0.021791 0.033173
0 0.109465 0.487903 0.029243 0.032224
0 0.133648 0.485974 0.017728 0.038341
0 0.157326 0.472999 0.020300 0.065565
0 0.178594 0.487013 0.018365 0.033353
0 0.194627 0.478317 0.014014 0.051394
0 0.210571 0.486689 0.014339 0.029483
0 0.227969 0.489111 0.012404 0.028846
0 0.245373 0.473486 0.024976 0.060096
0 0.269381 0.486292 0.022392 0.029315
0 0.343486 0.477590 0.030457 0.064772
0 0.372326 0.488786 0.019820 0.035601
0 0.396406 0.492007 0.024495 0.032380
0 0.420733 0.476226 0.017067 0.067500
0 0.446106 0.495475 0.020144 0.025781
0 0.473413 0.485487 0.025457 0.030925
0 0.497500 0.517139 0.030120 0.094567
0 0.574748 0.476298 0.040601 0.059928
0 0.599802 0.485889 0.015300 0.035601
0 0.615992 0.484760 0.016118 0.033029
0 0.685258 0.472338 0.037103 0.072007
0 0.715529 0.474657 0.019038 0.065901
0 0.739327 0.473558 0.016851 0.071514
0 0.754826 0.487103 0.022464 0.035144
0 0.774597 0.480517 0.012200 0.053702
0 0.799129 0.473804 0.016839 0.065661
0 0.819633 0.494796 0.026118 0.032476
0 0.859056 0.485403 0.021959 0.029291
0 0.883828 0.522867 0.030998 0.111070
0 0.914712 0.499189 0.025385 0.106671
0 0.939483 0.473071 0.022212 0.064195
0 0.968534 0.468311 0.030505 0.064435
0 0.986599 0.504315 0.014399 0.016851
