0 0.028462 0.335198 0.028894 0.062055
0 0.048720 0.357698 0.018714 0.029363
0 0.075006 0.360306 0.023930 0.035060
0 0.097740 0.380084 0.024399 0.074135
0 0.134105 0.360186 0.033161 0.036238
0 0.160865 0.348462 0.022740 0.061106
0 0.179808 0.355925 0.014687 0.027236
0 0.198636 0.349880 0.024868 0.053053
0 0.220072 0.358053 0.012788 0.049495
0 0.239856 0.386358 0.025817 0.079591
0 0.029297 0.489507 0.019651 0.064663
0 0.048954 0.498864 0.019183 0.039315
0 0.069201 0.498389 0.015637 0.038846
0 0.092656 0.484171 0.020841 0.069159
0 0.116340 0.502764 0.021791 0.035288
0 0.131490 0.499453 0.017524 0.032921
0 0.154237 0.488792 0.031262 0.063714
0 0.184549 0.504663 0.021310 0.036707
0 0.206575 0.509044 0.027476 0.029363
0 0.236659 0.529177 0.026058 0.091887
0 0.288762 0.489032 0.025577 0.048546
0 0.316232 0.500757 0.026526 0.040264
0 0.342644 0.502770 0.021562 0.034820
0 0.363131 0.500871 0.017993 0.041454
0 0.384447 0.485715 0.027957 0.058498
0 0.448750 0.493534 0.032452 0.056611
0 0.478239 0.494123 0.015637 0.058269
0 0.496478 0.503005 0.022260 0.031971
0 0.518269 0.497320 0.014688 0.047139
0 0.536983 0.505138 0.020841 0.032440
0 0.557825 0.506442 0.024159 0.046418
0 0.659543 0.493648 0.015865 0.041214
0 0.676953 0.498978 0.020373 0.041923
0 0.697560 0.488197 0.017524 0.061106
0 0.718642 0.487374 0.020841 0.064195
0 0.741971 0.494597 0.019183 0.037897
0 0.759020 0.498510 0.021550 0.033870
0 0.800234 0.492464 0.021070 0.039784
0 0.822139 0.478492 0.018942 0.067728
0 0.843930 0.499453 0.020841 0.029603
0 0.867025 0.502650 0.022969 0.041695
0 0.890469 0.498510 0.027236 0.107764
0 0.915102 0.481809 0.018714 0.072945
0 0.941154 0.499928 0.029135 0.041442
0 0.967921 0.497085 0.029135 0.036238
0 0.029297 0.628870 0.025156 0.063125
0 0.050258 0.644032 0.021695 0.041671
0 0.075403 0.655865 0.027608 0.060409
0 0.098582 0.653774 0.025649 0.055721
0 0.122867 0.639958 0.017993 0.035012
0 0.144069 0.628744 0.024411 0.062392
0 0.178840 0.647236 0.036743 0.037716
0 0.210397 0.643041 0.020457 0.041178
0 0.232831 0.646370 0.023425 0.035505
0 0.263654 0.647115 0.026875 0.038462
0 0.293738 0.640577 0.019976 0.068293
0 0.389279 0.633798 0.028606 0.055240
0 0.416028 0.648221 0.022440 0.037716
0 0.436989 0.646004 0.017993 0.032296
0 0.451292 0.643786 0.019483 0.099856
0 0.475703 0.629117 0.022440 0.058185
0 0.492097 0.636016 0.013810 0.046839
0 0.507999 0.641190 0.014555 0.035505
0 0.530925 0.628990 0.028846 0.056466
0 0.554657 0.647236 0.022560 0.049062
0 0.619688 0.647975 0.024904 0.100853
0 0.639784 0.643534 0.018245 0.040192
0 0.654952 0.647236 0.015048 0.032308
0 0.675288 0.644525 0.019231 0.042656
0 0.696124 0.639844 0.018498 0.029832
0 0.719796 0.628864 0.029832 0.063618
0 0.747290 0.634537 0.021214 0.064099
0 0.762819 0.636635 0.014796 0.049063
0 0.776875 0.669056 0.022692 0.083834
0 0.803876 0.631454 0.025397 0.052524
0 0.824958 0.641815 0.018738 0.039207
0 0.842951 0.634784 0.014796 0.048317
0 0.865517 0.631827 0.019976 0.058197
