0 0.028558 0.488738 0.048077 0.068918
0 0.053191 0.509219 0.021550 0.043582
0 0.071665 0.505312 0.021550 0.037187
0 0.091202 0.487909 0.017524 0.071058
0 0.111809 0.513017 0.023209 0.027476
0 0.147338 0.505553 0.021791 0.030072
0 0.171611 0.498684 0.010192 0.060877
0 0.192692 0.504603 0.021082 0.048558
0 0.249056 0.503888 0.023450 0.044291
0 0.315493 0.492644 0.041683 0.083846
0 0.332548 0.511238 0.025096 0.031971
0 0.356947 0.489093 0.026058 0.076743
0 0.383708 0.508516 0.017055 0.036478
0 0.403251 0.509814 0.013978 0.029603
0 0.415679 0.483167 0.015637 0.073425
0 0.466250 0.495956 0.012548 0.048786
0 0.492302 0.505198 0.022031 0.049267
0 0.512909 0.490745 0.023918 0.080529
0 0.583371 0.494778 0.034099 0.057320
0 0.612266 0.499748 0.018954 0.061587
0 0.632987 0.501520 0.022031 0.040974
0 0.716124 0.492999 0.033401 0.077440
0 0.748095 0.513726 0.024868 0.030793
0 0.774387 0.509105 0.022019 0.034820
0 0.797482 0.508041 0.017993 0.034111
0 0.819862 0.490397 0.028666 0.066082
0 0.870667 0.497266 0.033642 0.074603
0 0.896244 0.509225 0.023690 0.033161
0 0.923834 0.513371 0.029135 0.028185
0 0.954868 0.497975 0.040024 0.111550
0 0.978786 0.488023 0.023918 0.061815
