0 0.032350 0.498293 0.033161 0.047212
0 0.068672 0.503666 0.037897 0.046274
0 0.101911 0.500349 0.029207 0.068678
0 0.135144 0.514952 0.035048 0.041370
0 0.257200 0.509429 0.044207 0.049579
0 0.563245 0.497007 0.042284 0.068630
0 0.591160 0.515974 0.029964 0.031178
0 0.628852 0.516701 0.026575 0.033113
0 0.684075 0.516214 0.066947 0.036010
0 0.770703 0.506430 0.042536 0.063798
0 0.811064 0.517181 0.035757 0.034555
0 0.844411 0.504135 0.032380 0.073702
0 0.878005 0.504495 0.044471 0.071538
0 0.915216 0.515367 0.038173 0.038185
0 0.969712 0.511749 0.048582 0.039147
0 0.913888 0.525276 0.007488 0.000000
