0 0.036575 0.481965 0.038365 0.066310
0 0.093257 0.494838 0.035529 0.074050
0 0.124844 0.529411 0.017212 0.033942
0 0.204573 0.490331 0.037103 0.088425
0 0.247843 0.493017 0.035204 0.069784
0 0.281556 0.478960 0.028425 0.040108
0 0.321893 0.512596 0.034267 0.036947
0 0.307843 0.494357 0.036478 0.064267
0 0.447722 0.497921 0.049050 0.045433
0 0.547770 0.514832 0.039868 0.050745
0 0.604075 0.497434 0.032139 0.059940
0 0.636214 0.499730 0.039880 0.056310
0 0.673071 0.524495 0.038666 0.055096
0 0.765499 0.494657 0.015709 0.024411
0 0.840535 0.499609 0.035757 0.075397
0 0.897692 0.488738 0.036490 0.078293
0 0.919315 0.531028 0.029471 0.056550
0 0.957374 0.498041 0.035036 0.069832
