0 0.211971 0.349742 0.050529 0.050373
0 0.268263 0.350300 0.044050 0.046418
0 0.325024 0.342879 0.051154 0.045156
0 0.443113 0.335180 0.056178 0.063798
0 0.497482 0.331556 0.052560 0.071046
0 0.558570 0.314159 0.045673 0.040601
0 0.583576 0.331016 0.047127 0.071406
0 0.612031 0.345150 0.040962 0.047488
0 0.721683 0.338444 0.068870 0.079026
0 0.776785 0.344603 0.048570 0.048582
0 0.821364 0.342969 0.057272 0.040962
0 0.191004 0.476010 0.038425 0.069231
0 0.239032 0.493227 0.048209 0.038425
0 0.290871 0.485433 0.038786 0.041683
0 0.334910 0.485974 0.042776 0.040601
0 0.382218 0.514249 0.042416 0.094243
0 0.432422 0.476911 0.027560 0.063798
0 0.472837 0.482163 0.048942 0.046034
0 0.515613 0.476184 0.040240 0.071767
0 0.595901 0.474375 0.094255 0.069591
0 0.664044 0.490685 0.065974 0.048582
0 0.714615 0.485607 0.027909 0.038425
0 0.749958 0.484525 0.035517 0.049291
0 0.786028 0.484706 0.043137 0.046767
0 0.194453 0.617013 0.056190 0.070685
0 0.245198 0.614838 0.044579 0.083017
0 0.288696 0.630066 0.047488 0.052560
0 0.332560 0.626436 0.050385 0.041695
0 0.383486 0.614838 0.041322 0.069243
0 0.443293 0.628431 0.050745 0.046406
0 0.515066 0.631328 0.063065 0.042776
0 0.572885 0.654525 0.040962 0.098594
0 0.618011 0.629886 0.044219 0.047849
0 0.661226 0.630607 0.054014 0.043498
