0 0.082482 0.449044 0.031502 0.042632
0 0.134237 0.449880 0.037897 0.037187
0 0.196641 0.447512 0.046190 0.036707
0 0.253486 0.449994 0.041442 0.046430
0 0.291851 0.449050 0.033870 0.032212
0 0.044231 0.426430 0.067740 0.069399
0 0.346328 0.439814 0.042873 0.058738
0 0.399032 0.451887 0.057320 0.035048
0 0.441779 0.431761 0.029615 0.068690
0 0.493299 0.432470 0.037897 0.045469
0 0.592656 0.430571 0.030553 0.035998
0 0.677800 0.423474 0.053534 0.077212
0 0.717945 0.444904 0.041923 0.043341
0 0.759393 0.446328 0.031022 0.029603
0 0.800962 0.429982 0.051154 0.074123
0 0.867987 0.442061 0.045469 0.040036
0 0.923173 0.423347 0.037428 0.063233
0 0.957518 0.429748 0.037897 0.031034
0 0.638744 0.583065 0.057416 0.055625
0 0.590300 0.585222 0.029423 0.036959
0 0.554597 0.583071 0.041983 0.042704
0 0.514219 0.578041 0.030144 0.059928
0 0.461292 0.566202 0.031214 0.064231
0 0.346094 0.592037 0.031226 0.042704
0 0.389874 0.595264 0.052752 0.039832
0 0.305186 0.581094 0.040541 0.071058
0 0.218702 0.585222 0.057067 0.043425
0 0.063131 0.569790 0.072488 0.064964
