0 0.166268 0.417800 0.038017 0.060048
0 0.212632 0.416911 0.038365 0.055433
0 0.257037 0.425258 0.055421 0.040853
0 0.304645 0.424195 0.035517 0.035168
0 0.347632 0.414069 0.046178 0.055421
0 0.389910 0.423125 0.028425 0.047957
0 0.468606 0.413714 0.087043 0.056130
0 0.526514 0.422242 0.045120 0.039075
0 0.576779 0.422770 0.043341 0.036599
0 0.618708 0.418510 0.045469 0.047260
0 0.666136 0.414958 0.042993 0.047969
0 0.702368 0.419928 0.041562 0.038726
0 0.178167 0.551917 0.039796 0.050445
0 0.250288 0.555643 0.043341 0.063594
0 0.299669 0.564171 0.042632 0.038005
0 0.345859 0.586196 0.046190 0.092728
0 0.398972 0.557602 0.040853 0.049026
0 0.479796 0.558492 0.043341 0.045829
0 0.526863 0.549249 0.025937 0.062175
0 0.564351 0.561508 0.045481 0.031262
0 0.617464 0.564880 0.037308 0.047260
0 0.701839 0.544099 0.046178 0.057548
0 0.736124 0.555469 0.034459 0.040505
0 0.781953 0.563281 0.043690 0.044760
0 0.835240 0.566659 0.046538 0.045120
