0 0.232163 0.208083 0.063005 0.071214
0 0.376406 0.210216 0.085264 0.066322
0 0.440355 0.226244 0.040421 0.043425
0 0.477692 0.225769 0.042476 0.034904
0 0.521989 0.223954 0.034099 0.039159
0 0.554357 0.222452 0.034099 0.035841
0 0.584123 0.211010 0.022260 0.058101
0 0.617518 0.211563 0.045469 0.058894
0 0.653756 0.221034 0.036478 0.025745
0 0.688492 0.224111 0.036166 0.032837
0 0.720541 0.225925 0.031106 0.033630
0 0.750463 0.217879 0.037584 0.064579
0 0.252434 0.359988 0.058906 0.053702
0 0.297674 0.371707 0.030589 0.030264
0 0.333474 0.364952 0.033846 0.023918
0 0.380096 0.367560 0.039543 0.034663
0 0.413942 0.365847 0.029135 0.037103
0 0.451130 0.357554 0.026683 0.045565
0 0.505968 0.362921 0.048810 0.033846
0 0.595631 0.357710 0.027993 0.041983
0 0.624519 0.375944 0.043774 0.044916
0 0.664387 0.368047 0.028798 0.031094
0 0.697338 0.367398 0.032224 0.027825
0 0.734117 0.364549 0.026695 0.034507
0 0.762272 0.367236 0.027019 0.045409
0 0.243119 0.500541 0.038401 0.057861
0 0.277752 0.508341 0.028510 0.035216
0 0.320679 0.501544 0.046623 0.054507
0 0.361689 0.507079 0.025998 0.029014
0 0.456364 0.499369 0.030517 0.046118
0 0.541977 0.509850 0.031695 0.028185
0 0.578708 0.512284 0.038065 0.027668
0 0.632710 0.504651 0.032031 0.047620
0 0.659465 0.512368 0.032200 0.027500
0 0.694766 0.511112 0.028017 0.026334
0 0.725120 0.507837 0.030697 0.022139
0 0.763954 0.505823 0.043606 0.031526
0 0.242843 0.569207 0.021599 0.041659
0 0.288131 0.579928 0.060661 0.035769
0 0.372650 0.563936 0.048570 0.052897
0 0.405667 0.606977 0.038546 0.090565
0 0.436605 0.576292 0.015733 0.041310
0 0.461148 0.582602 0.039579 0.030421
0 0.515769 0.581310 0.064808 0.032332
0 0.245006 0.718377 0.050469 0.050986
0 0.287692 0.732380 0.029038 0.027139
0 0.326328 0.719850 0.021262 0.031118
0 0.347584 0.719934 0.022644 0.035781
0 0.369796 0.723912 0.021779 0.032320
0 0.388810 0.725463 0.028341 0.030252
0 0.462272 0.717428 0.021779 0.032837
0 0.484826 0.713101 0.020565 0.049087
0 0.508684 0.722530 0.021959 0.024026
0 0.531496 0.710944 0.030252 0.052368
0 0.569784 0.722614 0.052548 0.034219
0 0.607638 0.713882 0.025228 0.047524
0 0.240174 0.799483 0.035276 0.045072
0 0.268942 0.793966 0.026178 0.029399
0 0.296731 0.793251 0.020841 0.031526
0 0.317837 0.795216 0.028149 0.034736
0 0.340553 0.787728 0.019062 0.042212
0 0.372085 0.791647 0.035445 0.034736
0 0.444231 0.792278 0.042572 0.032776
0 0.484844 0.795565 0.041851 0.028678
0 0.522698 0.794147 0.025998 0.027260
0 0.555835 0.786394 0.040974 0.054856
