0 0.024171 0.389417 0.025337 0.062055
0 0.055084 0.388005 0.026995 0.061106
0 0.080901 0.403990 0.018942 0.030553
0 0.105180 0.395577 0.022500 0.048317
0 0.130162 0.387296 0.022728 0.056370
0 0.172440 0.394159 0.021562 0.031274
0 0.223239 0.388828 0.018474 0.060877
0 0.244207 0.403630 0.020601 0.035529
0 0.271442 0.400913 0.018245 0.037187
0 0.297728 0.425541 0.025817 0.087861
0 0.336220 0.399844 0.040252 0.038846
0 0.521436 0.387530 0.018954 0.062055
0 0.542512 0.401502 0.024639 0.036466
0 0.570937 0.399724 0.023678 0.048558
0 0.594501 0.419387 0.022969 0.077452
0 0.630619 0.400198 0.035060 0.041454
0 0.669700 0.388474 0.020361 0.035529
0 0.710204 0.386815 0.020841 0.065841
0 0.727139 0.400439 0.014928 0.037656
0 0.749874 0.387764 0.018233 0.063486
0 0.766923 0.400553 0.013029 0.033630
0 0.782085 0.390012 0.017752 0.051875
0 0.801274 0.396292 0.015865 0.030325
0 0.817494 0.398660 0.018954 0.031262
0 0.834315 0.388828 0.009471 0.056599
0 0.856334 0.390847 0.021322 0.054002
0 0.876112 0.399369 0.017296 0.036478
0 0.902524 0.401262 0.032212 0.035529
0 0.927981 0.409910 0.027236 0.055180
0 0.948948 0.386106 0.013738 0.057308
0 0.963750 0.393329 0.017764 0.036707
0 0.984591 0.391671 0.025817 0.049976
0 0.261761 0.598960 0.018041 0.067825
0 0.276899 0.612494 0.018365 0.100373
0 0.290433 0.613305 0.015144 0.099399
0 0.306707 0.612740 0.017404 0.038341
0 0.324267 0.600739 0.016755 0.054291
0 0.343113 0.594934 0.014495 0.061382
0 0.359706 0.612097 0.016430 0.036406
0 0.379928 0.608389 0.025288 0.038341
