0 0.032169 0.476731 0.048810 0.076611
0 0.073131 0.485553 0.041815 0.049784
0 0.115901 0.491827 0.036010 0.045913
0 0.150944 0.492921 0.036983 0.044712
0 0.196617 0.490385 0.043738 0.050745
0 0.250505 0.488936 0.037933 0.047849
0 0.286629 0.481442 0.034315 0.069111
0 0.316112 0.485667 0.019820 0.057752
0 0.355385 0.492674 0.034567 0.043257
0 0.402873 0.488810 0.036250 0.036010
0 0.452897 0.516358 0.027548 0.088197
0 0.482500 0.492800 0.027788 0.036731
0 0.520799 0.492434 0.047849 0.033113
0 0.553425 0.490499 0.023678 0.038425
0 0.581214 0.480595 0.014495 0.058233
0 0.608401 0.486034 0.028750 0.036250
0 0.648149 0.478419 0.031899 0.067897
0 0.674615 0.482770 0.019567 0.053401
0 0.703852 0.494129 0.035517 0.037945
0 0.731887 0.486635 0.013774 0.050024
0 0.751581 0.513341 0.025132 0.082644
0 0.775745 0.489171 0.022716 0.041082
0 0.851022 0.490499 0.048582 0.088690
0 0.904189 0.490986 0.044219 0.038918
0 0.942488 0.480595 0.027548 0.056791
0 0.975234 0.482524 0.031647 0.059688
