0 0.045162 0.343594 0.023450 0.067139
0 0.078564 0.358690 0.036238 0.039087
0 0.108407 0.364730 0.024868 0.026286
0 0.141797 0.364549 0.029123 0.038017
0 0.195439 0.355138 0.024868 0.043353
0 0.222272 0.360649 0.014567 0.033750
0 0.244291 0.372368 0.030913 0.034471
0 0.268450 0.366154 0.020962 0.026995
0 0.294561 0.359934 0.029844 0.038714
0 0.316587 0.362951 0.011370 0.034820
0 0.333468 0.369345 0.018113 0.023450
0 0.358792 0.369393 0.030469 0.026214
0 0.427242 0.364886 0.024315 0.029531
0 0.447686 0.366544 0.020373 0.029363
0 0.477374 0.365679 0.036478 0.032993
0 0.576845 0.347362 0.039627 0.045637
0 0.613636 0.350445 0.027945 0.055264
0 0.650192 0.372861 0.021154 0.030625
0 0.680667 0.365757 0.021478 0.039471
0 0.706797 0.360781 0.018474 0.029207
0 0.729772 0.352728 0.024952 0.049423
0 0.764748 0.359916 0.021010 0.027476
0 0.795775 0.368437 0.032849 0.022740
0 0.834141 0.354231 0.020204 0.053990
0 0.862085 0.365998 0.021791 0.033005
0 0.900463 0.366550 0.039796 0.025577
0 0.042139 0.505649 0.033197 0.031490
0 0.075697 0.499177 0.031490 0.055661
0 0.105601 0.500889 0.026851 0.038077
0 0.135992 0.507482 0.032464 0.027825
0 0.189087 0.492590 0.025385 0.047849
0 0.234243 0.501376 0.028798 0.035637
0 0.281719 0.514802 0.026611 0.087392
0 0.317843 0.507356 0.026118 0.037356
0 0.343840 0.492470 0.031238 0.065661
0 0.408407 0.492103 0.035877 0.055649
0 0.438305 0.508702 0.026851 0.031250
0 0.474555 0.511382 0.033437 0.052236
0 0.575367 0.523468 0.038810 0.119844
0 0.609056 0.490511 0.029050 0.046623
0 0.638341 0.504675 0.023678 0.028558
0 0.662386 0.506376 0.020998 0.033930
0 0.689970 0.498323 0.038570 0.059796
0 0.036593 0.645595 0.031214 0.047825
0 0.069050 0.656725 0.030721 0.033209
0 0.102915 0.644519 0.026070 0.047981
0 0.136701 0.650331 0.025901 0.039675
0 0.162272 0.648005 0.021250 0.030048
0 0.192157 0.636797 0.034868 0.052127
0 0.228774 0.644183 0.022740 0.036034
0 0.248119 0.639375 0.014940 0.051971
0 0.281322 0.638546 0.040841 0.051971
0 0.325162 0.635222 0.031214 0.058281
0 0.360024 0.647590 0.029231 0.032873
0 0.399627 0.649832 0.032043 0.027716
0 0.478828 0.645102 0.029387 0.029555
0 0.507302 0.645601 0.025565 0.032212
0 0.575210 0.640950 0.025565 0.047163
0 0.597458 0.650913 0.020925 0.032548
0 0.624772 0.638287 0.030385 0.054459
0 0.644694 0.650907 0.024411 0.031214
0 0.673083 0.653732 0.025397 0.032536
0 0.692843 0.641779 0.014435 0.046154
0 0.706953 0.645517 0.013450 0.035697
0 0.720409 0.637626 0.014447 0.059772
0 0.733023 0.641280 0.017103 0.049483
0 0.813137 0.649585 0.026899 0.031550
0 0.846593 0.640950 0.027392 0.048822
0 0.873492 0.641196 0.031719 0.053305
0 0.912344 0.652903 0.026394 0.027897
0 0.944555 0.640865 0.024399 0.043341
0 0.966725 0.637879 0.025901 0.056959
