0 0.109808 0.387608 0.049471 0.061803
0 0.152386 0.385475 0.041262 0.061815
0 0.197999 0.400841 0.044050 0.047500
0 0.255775 0.407831 0.061310 0.029267
0 0.315931 0.406106 0.033041 0.029423
0 0.362698 0.407746 0.027945 0.031070
0 0.468726 0.396160 0.042404 0.055228
0 0.503978 0.408900 0.034688 0.030733
0 0.533155 0.397638 0.020709 0.049651
0 0.562007 0.408570 0.030072 0.026130
0 0.602608 0.407332 0.038293 0.038462
0 0.638359 0.431250 0.040445 0.083990
0 0.695643 0.407831 0.033041 0.024988
0 0.730409 0.393203 0.030913 0.059171
0 0.773804 0.395258 0.044050 0.055397
0 0.815637 0.408155 0.047500 0.041094
0 0.857632 0.409718 0.033534 0.039291
0 0.903906 0.407338 0.041923 0.040108
0 0.109333 0.563053 0.053425 0.127668
0 0.158642 0.538702 0.045962 0.067957
0 0.201454 0.551857 0.050673 0.046358
0 0.263522 0.553431 0.053822 0.040853
0 0.320679 0.545962 0.053425 0.032212
0 0.368413 0.574447 0.053822 0.108822
