0 0.011466 0.290048 0.021635 0.029519
0 0.052831 0.306869 0.043113 0.068209
0 0.098071 0.295817 0.040421 0.041683
0 0.132175 0.299129 0.025889 0.042007
0 0.163359 0.283179 0.025733 0.067897
0 0.193756 0.299922 0.042320 0.037897
0 0.247368 0.290998 0.051947 0.037115
0 0.289201 0.296130 0.032368 0.044519
0 0.321184 0.295180 0.038209 0.046106
0 0.361370 0.276941 0.035841 0.069002
0 0.394369 0.296605 0.032368 0.046743
0 0.430132 0.293287 0.032524 0.040733
0 0.456496 0.278444 0.022103 0.074531
0 0.479393 0.293684 0.026526 0.048786
0 0.505210 0.293762 0.027632 0.039159
0 0.532602 0.279465 0.033474 0.073738
0 0.569868 0.294633 0.034111 0.055108
0 0.664147 0.279543 0.028678 0.057837
0 0.691857 0.282758 0.027704 0.066214
0 0.707806 0.291629 0.032873 0.048810
0 0.762344 0.293155 0.064928 0.042200
0 0.810992 0.291382 0.033666 0.041563
0 0.846436 0.293395 0.043329 0.039796
0 0.880030 0.277933 0.024171 0.067500
0 0.909429 0.287356 0.043017 0.050264
0 0.058738 0.428696 0.034519 0.024483
0 0.102055 0.432151 0.038966 0.044543
0 0.133696 0.425331 0.023666 0.067392
0 0.156136 0.424832 0.030084 0.060168
0 0.197554 0.469790 0.050132 0.106358
0 0.237338 0.433468 0.029099 0.046190
0 0.281965 0.437734 0.056550 0.039940
0 0.332590 0.438065 0.036815 0.049808
0 0.358401 0.426070 0.020385 0.076106
0 0.388311 0.435355 0.034195 0.035829
0 0.418642 0.437410 0.031731 0.051118
0 0.446172 0.473077 0.023017 0.041923
0 0.502638 0.470445 0.044555 0.116875
0 0.537650 0.423924 0.025156 0.070517
0 0.560745 0.431659 0.038125 0.053750
0 0.593540 0.419573 0.021863 0.069363
0 0.619345 0.434778 0.031070 0.043882
0 0.649916 0.419904 0.033702 0.072332
0 0.685337 0.431076 0.035505 0.049315
0 0.706875 0.454585 0.023341 0.037151
0 0.750186 0.470451 0.046526 0.130349
0 0.785529 0.432145 0.033702 0.056046
0 0.821773 0.424669 0.042728 0.077584
0 0.861550 0.433714 0.037139 0.053918
0 0.893606 0.426226 0.020048 0.077091
0 0.939543 0.434447 0.060000 0.054087
0 0.972915 0.447518 0.017584 0.032873
0 0.056731 0.578792 0.028462 0.044724
0 0.091034 0.580577 0.035577 0.041683
0 0.142873 0.586034 0.060481 0.055649
0 0.185685 0.569014 0.016010 0.062260
0 0.218341 0.564183 0.032019 0.076995
0 0.241851 0.563546 0.033293 0.071659
0 0.273744 0.575745 0.033546 0.052861
0 0.303089 0.565198 0.032788 0.071406
0 0.345529 0.567362 0.036851 0.072680
0 0.390373 0.578924 0.042692 0.046502
0 0.424555 0.575367 0.022115 0.046502
0 0.454159 0.573329 0.036082 0.048029
0 0.555547 0.564826 0.054892 0.066070
0 0.593155 0.577524 0.033041 0.043702
0 0.625685 0.569141 0.039639 0.078257
0 0.657957 0.565457 0.025409 0.072428
0 0.676124 0.579435 0.031262 0.048534
0 0.715132 0.578293 0.040144 0.043197
0 0.773954 0.586292 0.044976 0.133401
0 0.815126 0.562536 0.042440 0.078774
0 0.843960 0.580066 0.038113 0.044724
0 0.074561 0.702698 0.067584 0.079675
0 0.125721 0.709525 0.045457 0.063954
0 0.160120 0.723522 0.039928 0.038029
0 0.197885 0.721274 0.035601 0.040096
0 0.233750 0.720505 0.034399 0.047187
0 0.267975 0.720409 0.031983 0.041827
0 0.325529 0.725944 0.034736 0.042512
0 0.364940 0.721022 0.037163 0.038197
0 0.423107 0.708227 0.061190 0.078642
0 0.492843 0.709177 0.033017 0.064291
0 0.510649 0.722230 0.028173 0.040613
0 0.539597 0.720156 0.040445 0.041659
0 0.580306 0.721538 0.031623 0.039928
0 0.610901 0.717476 0.034399 0.048750
0 0.647716 0.724736 0.040625 0.045288
0 0.728437 0.709525 0.027476 0.067752
0 0.758167 0.708227 0.028858 0.065517
0 0.786082 0.719375 0.024207 0.047356
0 0.807861 0.718167 0.029038 0.040445
0 0.865331 0.709874 0.033353 0.066719
0 0.900162 0.710042 0.044940 0.062921
