0 0.192266 0.202963 0.042825 0.083738
0 0.224321 0.202843 0.031815 0.071526
0 0.252554 0.202121 0.026550 0.059579
0 0.323125 0.205349 0.039471 0.076082
0 0.358173 0.221142 0.035889 0.039231
0 0.405667 0.211809 0.038041 0.057897
0 0.440234 0.223774 0.036358 0.032548
0 0.489519 0.225210 0.060769 0.033017
0 0.556743 0.226647 0.059327 0.030625
0 0.607945 0.211695 0.041154 0.071058
0 0.682584 0.212891 0.060288 0.052873
0 0.715601 0.227716 0.034928 0.030385
0 0.750048 0.248413 0.039712 0.081827
0 0.786653 0.220066 0.027272 0.031334
0 0.815006 0.216478 0.032296 0.061971
0 0.673257 0.357031 0.024880 0.028221
0 0.694543 0.360138 0.020096 0.037800
0 0.740120 0.351286 0.060529 0.061250
0 0.777927 0.364447 0.031815 0.034447
0 0.809381 0.367915 0.042584 0.023209
0 0.601605 0.385258 0.049531 0.076550
0 0.565841 0.363966 0.035889 0.024399
0 0.516911 0.367440 0.031827 0.026082
0 0.476478 0.368395 0.040913 0.069147
0 0.419898 0.367794 0.042584 0.028233
0 0.379231 0.368990 0.043053 0.031106
0 0.283534 0.364447 0.033486 0.042596
0 0.246094 0.360499 0.034207 0.037079
0 0.193822 0.362530 0.044495 0.041623
0 0.319904 0.369237 0.024880 0.027272
0 0.187236 0.493876 0.050481 0.055493
0 0.244063 0.508113 0.054543 0.034688
0 0.283894 0.504519 0.033245 0.035168
0 0.317746 0.497584 0.020565 0.053341
0 0.349681 0.506436 0.039002 0.092584
0 0.381148 0.506196 0.032055 0.034219
0 0.419303 0.499856 0.027981 0.062212
0 0.448251 0.490643 0.033738 0.068185
0 0.517392 0.509423 0.051923 0.034447
0 0.566196 0.512536 0.046647 0.028702
0 0.645619 0.501292 0.057656 0.057416
0 0.694904 0.505120 0.030865 0.035409
0 0.734261 0.511815 0.037800 0.030144
0 0.618353 0.640174 0.051442 0.053834
0 0.667398 0.644243 0.032296 0.039471
0 0.709381 0.647825 0.045445 0.029423
0 0.523251 0.639459 0.027272 0.045216
0 0.482464 0.638257 0.043774 0.050000
0 0.438678 0.635745 0.030385 0.047380
0 0.404111 0.644718 0.017236 0.037560
0 0.385685 0.641965 0.014832 0.041142
0 0.342025 0.644958 0.042344 0.037560
0 0.297885 0.661106 0.049760 0.069375
0 0.245018 0.650463 0.042103 0.037079
0 0.203630 0.636821 0.041635 0.058137
0 0.201953 0.800331 0.041839 0.101647
0 0.252650 0.780180 0.036454 0.057236
0 0.285373 0.778894 0.027981 0.056731
0 0.307963 0.780048 0.029002 0.059038
0 0.342746 0.792374 0.039531 0.029267
0 0.383425 0.787746 0.036707 0.036959
0 0.414742 0.788774 0.033113 0.028750
