0 0.034663 0.504645 0.041058 0.042320
0 0.115114 0.499910 0.055108 0.058738
0 0.151034 0.508203 0.022115 0.037103
0 0.190036 0.508672 0.042957 0.040901
0 0.238431 0.498570 0.029844 0.056995
0 0.266935 0.509069 0.028101 0.025589
0 0.297566 0.510331 0.036310 0.033474
0 0.335300 0.506304 0.030000 0.032993
0 0.364195 0.502993 0.018005 0.033317
0 0.388516 0.505439 0.027151 0.033474
0 0.453095 0.505673 0.015469 0.027957
0 0.478197 0.496671 0.018317 0.056683
0 0.501653 0.505595 0.027632 0.031262
0 0.532121 0.496436 0.031430 0.054002
0 0.613215 0.502368 0.019363 0.033846
0 0.634700 0.503017 0.022620 0.040361
0 0.673834 0.504405 0.042308 0.034988
0 0.701743 0.498377 0.013510 0.046707
0 0.726484 0.515631 0.030757 0.051911
0 0.754633 0.506436 0.023281 0.033522
0 0.770907 0.511316 0.014483 0.027993
0 0.799790 0.505294 0.044916 0.036454
0 0.837218 0.500168 0.021478 0.042476
0 0.874243 0.502452 0.029784 0.035312
0 0.906058 0.489591 0.029615 0.059399
0 0.935829 0.505132 0.024736 0.042308
0 0.962031 0.496917 0.028966 0.061022
