0 0.674880 0.376803 0.044471 0.078125
0 0.623798 0.521635 0.045673 0.079327
0 0.583534 0.378606 0.042067 0.076923
0 0.429688 0.533654 0.039663 0.069712
0 0.519231 0.525240 0.045673 0.074519
0 0.181490 0.527043 0.043269 0.078125
0 0.877404 0.381611 0.038462 0.070913
0 0.834135 0.522236 0.040865 0.073317
0 0.253606 0.432692 0.043269 0.115385
0 0.337740 0.680889 0.043269 0.056490
0 0.340745 0.396034 0.063702 0.049279
0 0.624399 0.391226 0.032452 0.051683
0 0.935096 0.540865 0.062500 0.052885
0 0.569712 0.532452 0.040865 0.045673
0 0.077524 0.397837 0.042067 0.045673
0 0.194712 0.683293 0.045673 0.054087
0 0.154447 0.400240 0.039663 0.045673
0 0.395433 0.527644 0.019231 0.062500
0 0.828726 0.393029 0.049279 0.050481
0 0.531851 0.396635 0.044471 0.043269
0 0.486178 0.397837 0.039663 0.050481
0 0.202524 0.400240 0.039663 0.040865
0 0.349159 0.536058 0.066106 0.038462
0 0.918870 0.388221 0.034856 0.050481
0 0.782452 0.534856 0.048077 0.043269
0 0.265024 0.544471 0.027644 0.043269
0 0.106370 0.677284 0.037260 0.051683
0 0.679688 0.534856 0.044471 0.043269
0 0.432091 0.381611 0.037260 0.068510
0 0.719952 0.396635 0.038462 0.050481
0 0.265625 0.681490 0.067308 0.043269
0 0.115986 0.395433 0.030048 0.048077
0 0.231370 0.539663 0.039663 0.045673
0 0.381010 0.677284 0.040865 0.046875
0 0.034856 0.381611 0.043269 0.070913
0 0.776442 0.393630 0.048077 0.049279
0 0.727163 0.530048 0.040865 0.045673
0 0.150841 0.668269 0.037260 0.069712
0 0.033654 0.539663 0.038462 0.050481
0 0.396034 0.382812 0.022837 0.063702
0 0.129808 0.536058 0.048077 0.045673
0 0.955529 0.399038 0.033654 0.036058
0 0.075541 0.661274 0.067139 0.077933
0 0.869303 0.531779 0.040769 0.058750
