0 0.051959 0.475709 0.039543 0.069639
0 0.085595 0.493113 0.029603 0.029135
0 0.123011 0.495956 0.028185 0.034820
0 0.152031 0.494657 0.019423 0.045950
0 0.186725 0.527338 0.033401 0.092368
0 0.248540 0.494892 0.045709 0.033149
0 0.290349 0.485889 0.018005 0.054471
0 0.314742 0.491100 0.025589 0.033161
0 0.352163 0.493708 0.025096 0.029844
0 0.391953 0.497620 0.032200 0.029135
0 0.542945 0.492999 0.026298 0.026046
0 0.570300 0.493942 0.026995 0.027476
0 0.617314 0.483882 0.033401 0.048077
0 0.652957 0.497614 0.025577 0.026286
0 0.686352 0.497855 0.033161 0.028185
0 0.724135 0.496550 0.035769 0.028413
0 0.852145 0.484117 0.035060 0.050445
0 0.885541 0.495841 0.035529 0.030793
0 0.938720 0.491220 0.050925 0.028666
