0 0.262019 0.554688 0.028846 0.070913
0 0.019832 0.590144 0.027644 0.081731
0 0.195312 0.552284 0.039663 0.082933
0 0.520433 0.416466 0.028846 0.058894
0 0.737981 0.429087 0.019231 0.031250
0 0.548077 0.490385 0.028846 0.052885
0 0.304087 0.430288 0.021635 0.040865
0 0.973558 0.412260 0.026442 0.057692
0 0.591346 0.496394 0.021635 0.031250
0 0.298077 0.573317 0.028846 0.045673
0 0.170673 0.431490 0.024038 0.103365
0 0.088942 0.558894 0.028846 0.062500
0 0.416466 0.418269 0.022837 0.033654
0 0.026442 0.426683 0.026442 0.040865
0 0.907452 0.431490 0.024038 0.036058
0 0.514423 0.493389 0.024038 0.030048
0 0.546274 0.426683 0.022837 0.036058
0 0.079327 0.424880 0.021635 0.039663
0 0.804087 0.427885 0.040865 0.036058
0 0.048077 0.569712 0.021635 0.036058
0 0.322716 0.427885 0.015625 0.038462
0 0.229567 0.570913 0.026442 0.033654
0 0.852764 0.424279 0.022837 0.045673
0 0.938702 0.415264 0.028846 0.054087
0 0.054688 0.424880 0.018029 0.042067
0 0.626202 0.426082 0.021635 0.027644
0 0.211118 0.413353 0.016226 0.064904
0 0.344351 0.412260 0.018029 0.062500
0 0.572716 0.494591 0.015625 0.039663
0 0.106370 0.423678 0.022837 0.037260
0 0.250601 0.421875 0.022837 0.033654
0 0.367188 0.432692 0.020433 0.028846
0 0.771034 0.426082 0.020433 0.027644
0 0.067308 0.559495 0.014423 0.049279
0 0.582332 0.421274 0.025240 0.034856
0 0.647837 0.420673 0.021635 0.033654
0 0.667668 0.420072 0.018029 0.032452
0 0.192909 0.424279 0.020433 0.031250
0 0.613582 0.496394 0.022837 0.031250
0 0.388990 0.412440 0.024159 0.053534
0 0.565938 0.427638 0.015793 0.032536
0 0.607410 0.425409 0.022175 0.037957
0 0.719579 0.411166 0.032308 0.070024
0 0.755457 0.424351 0.018245 0.035745
0 0.890817 0.406971 0.026130 0.063125
0 0.228942 0.408161 0.024808 0.059135
