0 0.225361 0.495192 0.054087 0.079327
0 0.908053 0.492188 0.073317 0.073317
0 0.547476 0.515625 0.066106 0.064904
0 0.725361 0.503606 0.032452 0.069712
0 0.435697 0.502404 0.049279 0.067308
0 0.656851 0.501803 0.082933 0.078125
0 0.060096 0.503606 0.072115 0.067308
0 0.824519 0.499399 0.050481 0.070913
0 0.165865 0.506611 0.050481 0.056490
0 0.768630 0.503005 0.049279 0.066106
0 0.297476 0.509014 0.042067 0.044471
0 0.385817 0.506611 0.045673 0.063702
0 0.107915 0.516785 0.045565 0.043161
0 0.947843 0.516785 0.046767 0.045565
