0 0.549880 0.377404 0.034856 0.091346
0 0.341947 0.525841 0.034856 0.102163
0 0.881010 0.666466 0.040865 0.106971
0 0.433293 0.650240 0.049279 0.064904
0 0.419471 0.523438 0.028846 0.032452
0 0.126202 0.373798 0.028846 0.055288
0 0.797476 0.661659 0.022837 0.030048
0 0.245192 0.378606 0.026442 0.050481
0 0.870793 0.375601 0.020433 0.032452
0 0.459135 0.522837 0.024038 0.036058
0 0.887019 0.510216 0.031250 0.051683
0 0.627404 0.645433 0.024038 0.069712
0 0.490385 0.524639 0.028846 0.034856
0 0.169471 0.378606 0.033654 0.045673
0 0.544471 0.650841 0.033654 0.056490
0 0.603966 0.658053 0.020433 0.039663
0 0.278245 0.510216 0.037260 0.063702
0 0.341947 0.379207 0.027644 0.046875
0 0.157452 0.509014 0.036058 0.068510
0 0.476562 0.660457 0.025240 0.039663
0 0.509014 0.661659 0.032452 0.034856
0 0.619591 0.379808 0.027644 0.038462
0 0.764423 0.375000 0.024038 0.038462
0 0.924880 0.371995 0.022837 0.034856
0 0.066106 0.650240 0.026442 0.060096
0 0.601562 0.522837 0.032452 0.038462
0 0.041466 0.665865 0.020433 0.033654
0 0.638822 0.507212 0.027644 0.064904
0 0.702524 0.523438 0.025240 0.034856
0 0.816106 0.503005 0.021635 0.066106
0 0.096154 0.373197 0.024038 0.044471
0 0.347356 0.661659 0.033654 0.042067
0 0.311899 0.662260 0.025240 0.033654
0 0.730769 0.367188 0.033654 0.056490
0 0.709135 0.660457 0.021635 0.039663
0 0.053588 0.346016 0.059099 0.095685
0 0.260216 0.662260 0.027644 0.038462
0 0.532452 0.521635 0.024038 0.048077
0 0.311899 0.512620 0.015625 0.054087
0 0.143630 0.665865 0.032452 0.040865
0 0.652644 0.661659 0.021635 0.034856
0 0.484976 0.364183 0.030048 0.062500
0 0.179087 0.685096 0.033654 0.050481
0 0.575721 0.659255 0.021635 0.039663
0 0.673678 0.522236 0.025240 0.039663
0 0.675481 0.646635 0.021635 0.055288
0 0.773438 0.509014 0.013221 0.049279
0 0.420072 0.366587 0.030048 0.076923
0 0.654447 0.379207 0.032452 0.037260
0 0.574519 0.522236 0.019231 0.032452
0 0.828125 0.661659 0.028846 0.037260
0 0.771635 0.657452 0.024038 0.040865
0 0.822716 0.364183 0.022837 0.062500
0 0.021635 0.656851 0.014423 0.046875
0 0.556490 0.512019 0.014423 0.055288
0 0.274639 0.367788 0.020433 0.072115
0 0.201923 0.519832 0.031250 0.046875
0 0.896034 0.361779 0.027644 0.057692
0 0.850962 0.363582 0.016827 0.061298
0 0.450120 0.364183 0.030048 0.076923
0 0.030649 0.528245 0.034856 0.058894
0 0.918870 0.516827 0.022837 0.036058
0 0.972957 0.516827 0.027644 0.036058
0 0.387620 0.521635 0.022837 0.036058
0 0.304688 0.378005 0.034856 0.058894
0 0.793269 0.516827 0.021635 0.038462
0 0.946514 0.518029 0.025240 0.031250
0 0.846755 0.530048 0.015625 0.038462
0 0.286058 0.650240 0.024038 0.062500
0 0.787861 0.377404 0.022837 0.038462
0 0.057079 0.552698 0.036707 0.042151
