0 0.051418 0.340319 0.066779 0.074868
0 0.616587 0.485577 0.040865 0.060096
0 0.663462 0.370192 0.048077 0.069712
0 0.790264 0.483774 0.054087 0.066106
0 0.128606 0.659856 0.038462 0.091346
0 0.302885 0.343750 0.052885 0.062500
0 0.745192 0.359375 0.033654 0.103365
0 0.427885 0.517428 0.031250 0.078125
0 0.102163 0.350361 0.036058 0.042067
0 0.618990 0.355769 0.028846 0.040865
0 0.140625 0.352163 0.026442 0.043269
0 0.364784 0.488582 0.044471 0.056490
0 0.618389 0.627404 0.030048 0.048077
0 0.317308 0.620793 0.026442 0.058894
0 0.090745 0.637620 0.027644 0.030048
0 0.233173 0.350361 0.033654 0.039663
0 0.388822 0.618389 0.030048 0.058894
0 0.349760 0.352163 0.038462 0.038462
0 0.701923 0.630409 0.040865 0.042067
0 0.195312 0.340144 0.030048 0.064904
0 0.542067 0.344952 0.040865 0.062500
0 0.487380 0.638221 0.034856 0.038462
0 0.046274 0.509615 0.046875 0.110577
0 0.290865 0.483173 0.036058 0.064904
0 0.944712 0.485577 0.026442 0.057692
0 0.582332 0.341947 0.039663 0.056490
0 0.662260 0.489183 0.028846 0.036058
0 0.168269 0.334736 0.024038 0.063702
0 0.194712 0.477764 0.036058 0.061298
0 0.977163 0.490385 0.028846 0.038462
0 0.466947 0.492788 0.027644 0.036058
0 0.548077 0.487380 0.024038 0.056490
0 0.522837 0.486178 0.016827 0.049279
0 0.164062 0.636418 0.030048 0.037260
0 0.045072 0.612380 0.058894 0.078125
0 0.579327 0.632212 0.045673 0.045673
0 0.255409 0.631611 0.027644 0.039663
0 0.528245 0.632212 0.034856 0.045673
0 0.469952 0.340144 0.052885 0.038462
0 0.802885 0.356971 0.028846 0.036058
0 0.647236 0.623197 0.018029 0.054087
0 0.889423 0.490385 0.033654 0.038462
0 0.242188 0.493990 0.049279 0.040865
0 0.697115 0.491587 0.038462 0.031250
0 0.668870 0.628005 0.022837 0.046875
0 0.401442 0.489183 0.016827 0.045673
0 0.420673 0.622596 0.016827 0.045673
0 0.714543 0.352163 0.027644 0.031250
0 0.841346 0.497596 0.048077 0.043269
0 0.120192 0.494591 0.026442 0.034856
0 0.400240 0.321514 0.026442 0.044471
0 0.350962 0.635216 0.028846 0.037260
0 0.918269 0.481370 0.024038 0.061298
0 0.091947 0.478365 0.022837 0.043269
0 0.150240 0.494591 0.028846 0.034856
0 0.450120 0.635817 0.027644 0.038462
0 0.284255 0.635216 0.027644 0.039663
0 0.498798 0.495793 0.024038 0.030048
0 0.209135 0.635216 0.048077 0.039663
0 0.319237 0.492939 0.026382 0.033377
0 0.774952 0.354267 0.026346 0.036731
