0 0.057091 0.489784 0.058894 0.080529
0 0.294471 0.210938 0.057692 0.075721
0 0.739183 0.489784 0.050481 0.063702
0 0.207933 0.775841 0.057692 0.063702
0 0.726562 0.629207 0.063702 0.080529
0 0.236779 0.487380 0.062500 0.068510
0 0.219351 0.637019 0.054087 0.060096
0 0.525240 0.774639 0.057692 0.061298
0 0.241587 0.206731 0.045673 0.072115
0 0.715745 0.772837 0.068510 0.074519
0 0.503606 0.205529 0.048077 0.069712
0 0.635216 0.367788 0.056490 0.100962
0 0.565505 0.643029 0.054087 0.043269
0 0.685096 0.348558 0.040865 0.062500
0 0.890625 0.774038 0.055288 0.067308
0 0.066707 0.629207 0.049279 0.068510
0 0.906250 0.632212 0.050481 0.069712
0 0.224760 0.350361 0.045673 0.063702
0 0.819712 0.505409 0.036058 0.039663
0 0.334135 0.506010 0.043269 0.036058
0 0.399038 0.219952 0.038462 0.031250
0 0.867788 0.504808 0.043269 0.040865
0 0.375601 0.358173 0.039663 0.045673
0 0.507212 0.349760 0.036058 0.067308
0 0.512019 0.635817 0.045673 0.055288
0 0.064303 0.780048 0.056490 0.062500
0 0.063702 0.204327 0.064904 0.079327
0 0.061899 0.347957 0.056490 0.068510
0 0.636418 0.504808 0.054087 0.040865
0 0.444111 0.219351 0.049279 0.042067
0 0.855769 0.643630 0.043269 0.039663
0 0.929087 0.506611 0.067308 0.037260
0 0.550481 0.362981 0.048077 0.043269
0 0.802885 0.785457 0.048077 0.044471
0 0.464543 0.361779 0.034856 0.043269
0 0.274639 0.361178 0.054087 0.044471
0 0.349760 0.222957 0.040865 0.037260
0 0.573317 0.503005 0.045673 0.044471
0 0.355168 0.644231 0.037260 0.031250
0 0.643029 0.223558 0.040865 0.031250
0 0.781851 0.496995 0.030048 0.056490
0 0.328726 0.365986 0.034856 0.037260
0 0.390625 0.501202 0.052885 0.038462
0 0.310096 0.784255 0.048077 0.032452
0 0.414062 0.362380 0.034856 0.034856
0 0.106971 0.515024 0.028846 0.022837
0 0.771635 0.365986 0.038462 0.032452
0 0.438101 0.504808 0.022837 0.021635
0 0.843149 0.783053 0.032452 0.042067
0 0.591346 0.222957 0.045673 0.039663
0 0.805288 0.644832 0.052885 0.044471
0 0.724159 0.366587 0.037260 0.033654
0 0.811899 0.362380 0.039663 0.037260
0 0.592548 0.786659 0.050481 0.042067
0 0.367788 0.783654 0.057692 0.028846
0 0.677885 0.235577 0.021635 0.021635
0 0.842548 0.379808 0.021635 0.021635
0 0.304688 0.644832 0.037260 0.030048
0 0.400240 0.661659 0.024038 0.022837
0 0.531575 0.496941 0.047957 0.052224
0 0.281106 0.505998 0.056490 0.046899
0 0.262722 0.648816 0.045300 0.044772
0 0.253930 0.791100 0.040505 0.041575
0 0.092993 0.796430 0.017043 0.018125
0 0.101520 0.662939 0.018113 0.016526
0 0.404477 0.795895 0.022921 0.018113
0 0.096190 0.376232 0.022380 0.029315
0 0.092464 0.235547 0.019183 0.020781
0 0.545968 0.223822 0.049026 0.047428
0 0.585397 0.367704 0.051154 0.119904
0 0.771917 0.631232 0.033041 0.073546
0 0.766587 0.769249 0.038365 0.076743
