0 0.726562 0.489183 0.027644 0.028846
0 0.508413 0.488582 0.019231 0.030048
0 0.280649 0.484375 0.027644 0.050481
0 0.533654 0.515625 0.021635 0.081731
0 0.638221 0.486178 0.024038 0.027644
0 0.609976 0.490385 0.025240 0.028846
0 0.581731 0.492788 0.024038 0.028846
0 0.331130 0.493990 0.030048 0.028846
0 0.668870 0.476562 0.020433 0.046875
0 0.555288 0.495192 0.021635 0.028846
0 0.695913 0.485577 0.019231 0.045673
0 0.483173 0.476562 0.024038 0.054087
0 0.455529 0.482572 0.026442 0.054087
0 0.364784 0.492188 0.027644 0.032452
0 0.396635 0.481370 0.019231 0.049279
0 0.304087 0.490385 0.019231 0.038462
0 0.418269 0.485577 0.016827 0.038462
0 0.438155 0.480553 0.017055 0.046418
