0 0.757212 0.641941 0.057692 0.098329
0 0.759615 0.490986 0.048077 0.070913
0 0.703726 0.489784 0.044471 0.066106
0 0.707933 0.341947 0.050481 0.075721
0 0.757812 0.342548 0.049279 0.076923
0 0.216947 0.623197 0.058894 0.080529
0 0.222957 0.486178 0.042067 0.068510
0 0.619591 0.491587 0.042067 0.055288
0 0.315505 0.483774 0.044471 0.056490
0 0.216346 0.338942 0.040865 0.072115
0 0.627404 0.347957 0.045673 0.070913
0 0.906851 0.640625 0.034856 0.040865
0 0.802885 0.484976 0.038462 0.070913
0 0.347957 0.629808 0.037260 0.067308
0 0.944712 0.625601 0.036058 0.073317
0 0.296274 0.635216 0.037260 0.078125
0 0.645433 0.628005 0.043269 0.066106
0 0.399639 0.483774 0.044471 0.039663
0 0.946514 0.489183 0.030048 0.062500
0 0.914663 0.355769 0.031250 0.036058
0 0.257212 0.350361 0.021635 0.061298
0 0.706130 0.631010 0.034856 0.057692
0 0.270433 0.487380 0.033654 0.061298
0 0.033654 0.343149 0.052885 0.070913
0 0.909856 0.501202 0.031250 0.040865
0 0.948317 0.348558 0.031250 0.055288
0 0.861779 0.357572 0.062500 0.042067
0 0.408654 0.628606 0.043269 0.033654
0 0.572716 0.347356 0.037260 0.074519
0 0.513822 0.490986 0.039663 0.051683
0 0.305288 0.349760 0.036058 0.062500
0 0.573918 0.491587 0.044471 0.057692
0 0.577524 0.629207 0.042067 0.058894
0 0.847356 0.637019 0.052885 0.043269
0 0.520433 0.626803 0.038462 0.046875
0 0.803486 0.349159 0.042067 0.080529
0 0.343750 0.346755 0.024038 0.061298
0 0.855769 0.502404 0.062500 0.036058
0 0.406250 0.356971 0.033654 0.033654
0 0.075120 0.334736 0.030048 0.078125
0 0.499399 0.341346 0.034856 0.026442
0 0.256238 0.647392 0.033750 0.040144
0 0.602939 0.657698 0.014651 0.034171
0 0.799651 0.622488 0.031130 0.075216
