0 0.858774 0.512620 0.032452 0.099760
0 0.971755 0.474159 0.027644 0.061298
0 0.368389 0.475361 0.027644 0.054087
0 0.658654 0.486779 0.026442 0.057692
0 0.123798 0.476562 0.028846 0.054087
0 0.078125 0.471154 0.045673 0.055288
0 0.512019 0.484976 0.024038 0.030048
0 0.021034 0.464543 0.027644 0.049279
0 0.481971 0.467548 0.033654 0.062500
0 0.587139 0.487981 0.025240 0.031250
0 0.253606 0.469351 0.019231 0.051683
0 0.820913 0.481971 0.028846 0.036058
0 0.894832 0.477764 0.025240 0.032452
0 0.539062 0.475361 0.018029 0.051683
0 0.192909 0.468149 0.051683 0.054087
0 0.420673 0.486178 0.026442 0.027644
0 0.323317 0.481971 0.024038 0.040865
0 0.786058 0.483173 0.026442 0.036058
0 0.944111 0.481370 0.022837 0.037260
0 0.751202 0.472356 0.036058 0.033654
0 0.297476 0.479567 0.020433 0.028846
0 0.688702 0.478966 0.024038 0.030048
0 0.628606 0.478966 0.031250 0.025240
0 0.273438 0.481971 0.020433 0.028846
0 0.920673 0.478365 0.024038 0.033654
0 0.562500 0.477764 0.019231 0.054087
0 0.712740 0.477764 0.019231 0.027644
0 0.037266 0.490751 0.017031 0.034075
0 0.228480 0.488035 0.025373 0.031526
0 0.395403 0.488762 0.026454 0.027188
