0 0.524639 0.488582 0.044471 0.066106
0 0.174880 0.339543 0.051683 0.061298
0 0.608774 0.492188 0.061298 0.054087
0 0.162861 0.486178 0.049279 0.058894
0 0.449519 0.240385 0.050481 0.091346
0 0.879207 0.670673 0.046875 0.091346
0 0.338942 0.662260 0.040865 0.081731
0 0.317909 0.346755 0.049279 0.056490
0 0.165865 0.633413 0.043269 0.062500
0 0.247596 0.210938 0.048077 0.061298
0 0.502404 0.213942 0.052885 0.052885
0 0.412861 0.640625 0.042067 0.043269
0 0.360577 0.774038 0.038462 0.055288
0 0.259014 0.641827 0.032452 0.043269
0 0.528245 0.771034 0.049279 0.058894
0 0.213942 0.641226 0.040865 0.042067
0 0.590745 0.211538 0.054087 0.055288
0 0.641827 0.206731 0.040865 0.060096
0 0.146034 0.774639 0.051683 0.056490
0 0.368990 0.356370 0.052885 0.044471
0 0.389423 0.492788 0.033654 0.040865
0 0.683293 0.216346 0.025240 0.033654
0 0.300481 0.639423 0.036058 0.031250
0 0.378005 0.631611 0.020433 0.054087
0 0.235577 0.772236 0.031250 0.061298
0 0.205529 0.213942 0.031250 0.038462
0 0.292668 0.203125 0.030048 0.052885
0 0.722957 0.218149 0.037260 0.030048
0 0.525240 0.645433 0.060096 0.036058
0 0.405048 0.774639 0.036058 0.054087
0 0.276442 0.774038 0.031250 0.064904
0 0.687500 0.640024 0.031250 0.030048
0 0.628005 0.783053 0.058894 0.046875
0 0.365986 0.218149 0.034856 0.032452
0 0.341346 0.490986 0.033654 0.058894
0 0.144231 0.202524 0.033654 0.061298
0 0.486779 0.780048 0.031250 0.036058
0 0.465745 0.643630 0.032452 0.042067
0 0.219952 0.359375 0.038462 0.031250
0 0.819111 0.236779 0.056490 0.076923
0 0.769832 0.216947 0.039663 0.030048
0 0.203125 0.500601 0.031250 0.032452
0 0.331130 0.215745 0.027644 0.027644
0 0.602722 0.344056 0.061382 0.063113
0 0.444712 0.785457 0.033654 0.030048
0 0.777043 0.630409 0.027644 0.051683
0 0.237981 0.489784 0.024038 0.051683
0 0.809495 0.640024 0.027644 0.030048
0 0.266226 0.491587 0.032452 0.060096
0 0.645433 0.642428 0.036058 0.037260
0 0.573317 0.779447 0.036058 0.049279
0 0.444111 0.495793 0.020433 0.037260
0 0.266827 0.356370 0.033654 0.037260
0 0.082332 0.491587 0.030048 0.021635
0 0.302885 0.500601 0.026442 0.037260
0 0.727764 0.631611 0.046875 0.051683
0 0.086538 0.207933 0.033654 0.021635
0 0.086538 0.778245 0.031250 0.025240
0 0.588942 0.644832 0.043269 0.039663
0 0.084736 0.632212 0.042067 0.024038
0 0.442909 0.357572 0.022837 0.032452
0 0.082332 0.343149 0.042067 0.022837
0 0.555865 0.347188 0.055769 0.058966
0 0.565637 0.502440 0.031971 0.041923
0 0.182133 0.204712 0.030084 0.061154
0 0.415757 0.207302 0.026875 0.056454
0 0.313954 0.782512 0.056034 0.052380
