0 0.827524 0.557692 0.051683 0.067308
0 0.841947 0.458534 0.054087 0.056490
0 0.106370 0.450721 0.039663 0.072115
0 0.506010 0.549279 0.052885 0.057692
0 0.492788 0.444111 0.033654 0.051683
0 0.280048 0.447716 0.036058 0.037260
0 0.146034 0.465144 0.027644 0.036058
0 0.051683 0.467548 0.057692 0.125000
0 0.183293 0.452524 0.027644 0.070913
0 0.725361 0.464543 0.037260 0.044471
0 0.721154 0.561298 0.036058 0.031250
0 0.771635 0.558894 0.036058 0.052885
0 0.547476 0.442909 0.049279 0.046875
0 0.397915 0.491010 0.077079 0.178654
0 0.772236 0.460337 0.034856 0.040865
0 0.917218 0.495210 0.081430 0.206214
