0 0.299279 0.596154 0.048077 0.076923
0 0.358173 0.600962 0.050481 0.064904
0 0.492788 0.603365 0.055288 0.064904
0 0.683894 0.638822 0.036058 0.051683
0 0.429087 0.391226 0.040865 0.037260
0 0.663462 0.386418 0.055288 0.066106
0 0.502404 0.391226 0.048077 0.058894
0 0.590745 0.394231 0.032452 0.024038
0 0.425481 0.596755 0.036058 0.032452
0 0.593149 0.610577 0.037260 0.033654
0 0.343750 0.381010 0.055288 0.057692
0 0.289147 0.384892 0.061466 0.076034
0 0.537482 0.425036 0.049387 0.051154
0 0.685631 0.428239 0.047969 0.041214
0 0.528245 0.631983 0.048678 0.043702
0 0.663960 0.606226 0.053642 0.065361
