0 0.738582 0.533053 0.037260 0.078125
0 0.031250 0.411058 0.026442 0.057692
0 0.512019 0.410457 0.028846 0.051683
0 0.585337 0.564904 0.024038 0.033654
0 0.340745 0.426683 0.034856 0.036058
0 0.780649 0.554087 0.039663 0.052885
0 0.628005 0.274639 0.020433 0.051683
0 0.224760 0.592548 0.026442 0.076923
0 0.737380 0.408053 0.030048 0.054087
0 0.303486 0.278245 0.030048 0.027644
0 0.144231 0.274038 0.019231 0.055288
0 0.638822 0.550481 0.025240 0.055288
0 0.470553 0.433894 0.025240 0.091346
0 0.801683 0.281250 0.038462 0.033654
0 0.143029 0.566106 0.021635 0.036058
0 0.182692 0.413462 0.016827 0.048077
0 0.520433 0.274038 0.033654 0.057692
0 0.404447 0.412861 0.025240 0.056490
0 0.084135 0.715144 0.028846 0.084135
0 0.668870 0.566707 0.027644 0.034856
0 0.924880 0.548678 0.030048 0.056490
0 0.398438 0.568510 0.030048 0.031250
0 0.477163 0.568510 0.028846 0.038462
0 0.687500 0.274038 0.031250 0.060096
0 0.650240 0.413462 0.031250 0.052885
0 0.051683 0.565505 0.019231 0.037260
0 0.041466 0.263822 0.027644 0.054087
0 0.082332 0.277043 0.022837 0.032452
0 0.522236 0.572115 0.049279 0.036058
0 0.612981 0.561899 0.021635 0.030048
0 0.111178 0.277644 0.027644 0.031250
0 0.763822 0.280048 0.027644 0.028846
0 0.143630 0.702524 0.020433 0.037260
0 0.270433 0.701923 0.026442 0.040865
0 0.290264 0.570312 0.022837 0.032452
0 0.866587 0.273438 0.036058 0.056490
0 0.265625 0.283053 0.028846 0.030048
0 0.597356 0.278846 0.028846 0.036058
0 0.301683 0.704928 0.028846 0.027644
0 0.365986 0.566106 0.025240 0.028846
0 0.194111 0.280649 0.022837 0.032452
0 0.223558 0.282452 0.028846 0.028846
0 0.453726 0.280649 0.030048 0.032452
0 0.115986 0.412861 0.030048 0.046875
0 0.338341 0.558293 0.022837 0.046875
0 0.563101 0.281851 0.030048 0.030048
0 0.429688 0.700120 0.020433 0.046875
0 0.949519 0.274639 0.021635 0.051683
0 0.451923 0.707933 0.024038 0.036058
0 0.313702 0.561899 0.016827 0.044471
0 0.170673 0.275841 0.014423 0.044471
0 0.262620 0.556490 0.025240 0.052885
0 0.837139 0.565505 0.022837 0.027644
0 0.484375 0.279447 0.026442 0.032452
0 0.927284 0.284255 0.020433 0.032452
0 0.736779 0.275841 0.026442 0.030048
0 0.612981 0.427284 0.028846 0.027644
0 0.908053 0.415865 0.027644 0.043269
0 0.071514 0.559495 0.018029 0.056490
0 0.655649 0.284255 0.025240 0.037260
0 0.256010 0.420673 0.026442 0.038462
0 0.334736 0.305288 0.032452 0.084135
0 0.580529 0.429087 0.026442 0.028846
0 0.120192 0.706130 0.026442 0.027644
0 0.402644 0.698317 0.024038 0.057692
0 0.901442 0.283053 0.024038 0.032452
0 0.848558 0.426082 0.024038 0.025240
0 0.772837 0.425481 0.021635 0.026442
0 0.023438 0.558894 0.020433 0.050481
0 0.332332 0.693510 0.027644 0.050481
0 0.827524 0.409255 0.015625 0.054087
0 0.373197 0.424279 0.015625 0.040865
0 0.118990 0.551683 0.024038 0.067308
0 0.810697 0.424279 0.015625 0.026442
0 0.558894 0.554688 0.014423 0.054087
0 0.231971 0.694712 0.021635 0.055288
0 0.401442 0.269832 0.021635 0.049279
0 0.481971 0.708534 0.028846 0.030048
0 0.426082 0.282452 0.025240 0.031250
0 0.957933 0.566707 0.024038 0.030048
0 0.027644 0.712740 0.028846 0.033654
0 0.367788 0.712740 0.036058 0.031250
0 0.169471 0.559495 0.016827 0.046875
0 0.510817 0.715745 0.016827 0.020433
0 0.207332 0.421875 0.020433 0.036058
0 0.192308 0.560096 0.014423 0.043269
0 0.793269 0.423678 0.014423 0.027644
0 0.890024 0.555288 0.030048 0.048077
0 0.150841 0.423077 0.027644 0.031250
0 0.228966 0.420673 0.018029 0.033654
0 0.880409 0.423678 0.020433 0.022837
0 0.170072 0.706130 0.022837 0.030048
0 0.094351 0.567308 0.020433 0.031250
0 0.058828 0.423678 0.023906 0.030048
0 0.201280 0.694111 0.039579 0.051683
0 0.083209 0.424357 0.024399 0.027945
0 0.862752 0.568419 0.031418 0.026959
0 0.061953 0.709123 0.029435 0.031947
