0 0.521034 0.417668 0.049279 0.058894
0 0.239784 0.420673 0.049279 0.069712
0 0.256611 0.574519 0.066106 0.048077
0 0.484976 0.567308 0.046875 0.060096
0 0.694712 0.583534 0.038462 0.039663
0 0.770433 0.570913 0.040865 0.055288
0 0.659255 0.581731 0.027644 0.033654
0 0.400240 0.423077 0.048077 0.064904
0 0.298678 0.433293 0.049279 0.046875
0 0.350361 0.583534 0.044471 0.039663
0 0.350962 0.434495 0.033654 0.049279
0 0.312500 0.569712 0.028846 0.057692
0 0.693510 0.432692 0.048077 0.043269
0 0.644231 0.433894 0.038462 0.048077
0 0.609976 0.574519 0.058894 0.086538
0 0.570312 0.433894 0.046875 0.038462
0 0.735577 0.578125 0.028846 0.052885
0 0.534675 0.579910 0.044207 0.032993
0 0.582278 0.578888 0.039315 0.031575
