0 0.462139 0.724760 0.039663 0.098558
0 0.060697 0.724760 0.037260 0.129808
0 0.298077 0.273438 0.024038 0.034856
0 0.571514 0.259014 0.030048 0.068510
0 0.531250 0.257812 0.031250 0.061298
0 0.604567 0.261418 0.028846 0.075721
0 0.782452 0.257212 0.031250 0.064904
0 0.315505 0.552885 0.039663 0.069712
0 0.853966 0.277644 0.020433 0.033654
0 0.092548 0.703726 0.024038 0.054087
0 0.463942 0.259615 0.031250 0.067308
0 0.329928 0.700120 0.027644 0.046875
0 0.388822 0.417067 0.027644 0.043269
0 0.066466 0.399038 0.039183 0.079327
0 0.204459 0.414531 0.022837 0.039663
0 0.233774 0.697115 0.022837 0.045673
0 0.061298 0.260817 0.036058 0.074519
0 0.274038 0.423678 0.050481 0.073317
0 0.253005 0.261418 0.022837 0.058894
0 0.561298 0.410457 0.021635 0.044471
0 0.302284 0.694712 0.025240 0.062500
0 0.347957 0.542668 0.025240 0.075721
0 0.280649 0.562500 0.022837 0.038462
0 0.255409 0.555288 0.025240 0.045673
0 0.260216 0.701923 0.030048 0.040865
0 0.664663 0.262620 0.033654 0.070913
0 0.534856 0.418269 0.026442 0.045673
0 0.156250 0.272837 0.028846 0.048077
0 0.184495 0.553486 0.032452 0.066106
0 0.354567 0.697115 0.016827 0.062500
0 0.231370 0.415264 0.030048 0.042067
0 0.377404 0.558894 0.028846 0.050481
0 0.225361 0.559495 0.030048 0.042067
0 0.161659 0.412861 0.020433 0.042067
0 0.123798 0.560697 0.021635 0.034856
0 0.393029 0.271034 0.028846 0.044471
0 0.878005 0.265024 0.025240 0.056490
0 0.720553 0.276442 0.025240 0.033654
0 0.808894 0.274038 0.021635 0.036058
0 0.185697 0.689904 0.022837 0.067308
0 0.182091 0.406851 0.015625 0.061298
0 0.276442 0.264423 0.014423 0.055288
0 0.423678 0.407452 0.022837 0.064904
0 0.156250 0.704327 0.028846 0.043269
0 0.057091 0.585895 0.034856 0.135901
0 0.343750 0.275240 0.043269 0.045673
0 0.140625 0.402644 0.019231 0.060096
0 0.123798 0.701923 0.031250 0.043269
0 0.126202 0.260216 0.028846 0.068510
0 0.114934 0.417668 0.027512 0.039663
0 0.912260 0.277043 0.026442 0.032452
0 0.013822 0.699519 0.018029 0.024038
0 0.462740 0.413462 0.016827 0.040865
0 0.404447 0.701923 0.025240 0.038462
0 0.832332 0.266827 0.018029 0.057692
0 0.208534 0.693510 0.020433 0.062500
0 0.985577 0.261418 0.021635 0.078125
0 0.496995 0.415264 0.034856 0.042067
0 0.379808 0.689303 0.021635 0.063702
0 0.420072 0.271635 0.020433 0.048077
0 0.444111 0.409856 0.013221 0.050481
0 0.014423 0.554688 0.016827 0.020433
0 0.213341 0.275841 0.032452 0.044471
0 0.314303 0.402043 0.025240 0.068510
0 0.095553 0.560096 0.027644 0.038462
0 0.353966 0.417668 0.030048 0.039663
0 0.016226 0.270433 0.018029 0.024038
0 0.016827 0.408053 0.019231 0.025240
0 0.748798 0.269832 0.019231 0.020433
0 0.941707 0.275240 0.025240 0.028846
0 0.157716 0.561046 0.030553 0.040264
0 0.085829 0.419297 0.030312 0.041454
0 0.337362 0.421899 0.023690 0.037187
0 0.631406 0.276454 0.032788 0.040938
0 0.691322 0.273125 0.028846 0.050048
0 0.502206 0.255992 0.039700 0.048810
0 0.101803 0.258059 0.040000 0.074459
0 0.189730 0.275036 0.018618 0.038990
0 0.967302 0.262680 0.026094 0.070721
0 0.434736 0.699165 0.031755 0.043834
