0 0.914062 0.441707 0.073317 0.070913
0 0.933894 0.582332 0.057692 0.066106
0 0.434495 0.444712 0.046875 0.064904
0 0.072115 0.435697 0.074519 0.063702
0 0.648438 0.599760 0.030048 0.033654
0 0.060096 0.577524 0.067308 0.063702
0 0.867788 0.586538 0.048077 0.060096
0 0.584736 0.600962 0.039663 0.052885
0 0.475962 0.587740 0.038462 0.060096
0 0.617188 0.454327 0.032452 0.033654
0 0.477163 0.453726 0.031250 0.037260
0 0.331130 0.453726 0.039663 0.044471
0 0.420072 0.578726 0.056490 0.061298
0 0.584135 0.438101 0.024038 0.063702
0 0.515024 0.453125 0.027644 0.040865
0 0.547476 0.592548 0.027644 0.033654
0 0.135216 0.451923 0.044471 0.050481
0 0.551082 0.453125 0.034856 0.040865
0 0.843149 0.439303 0.042067 0.066106
0 0.311298 0.593750 0.031250 0.040865
0 0.669471 0.457332 0.048077 0.037260
0 0.688101 0.597356 0.032452 0.028846
0 0.519832 0.592548 0.027644 0.038462
0 0.148438 0.558293 0.034856 0.034856
0 0.341346 0.568510 0.028846 0.026442
0 0.366587 0.420673 0.031250 0.021635
0 0.105829 0.590541 0.035649 0.044255
0 0.625361 0.588876 0.028389 0.065757
