0 0.187500 0.569712 0.052885 0.074519
0 0.929117 0.589351 0.052945 0.099327
0 0.809495 0.547476 0.032452 0.051683
0 0.765024 0.399639 0.066106 0.061298
0 0.389423 0.413462 0.031250 0.038462
0 0.477163 0.396635 0.040865 0.067308
0 0.704928 0.543870 0.030048 0.054087
0 0.659856 0.411058 0.033654 0.038462
0 0.628606 0.399639 0.026442 0.058894
0 0.549279 0.426683 0.038462 0.057692
0 0.644832 0.552284 0.049279 0.037260
0 0.052885 0.418870 0.052885 0.092548
0 0.353365 0.404447 0.026442 0.058894
0 0.316707 0.415264 0.027644 0.037260
0 0.599760 0.555288 0.028846 0.038462
0 0.812500 0.411659 0.028846 0.030048
0 0.588341 0.417067 0.027644 0.040865
0 0.274038 0.412861 0.028846 0.034856
0 0.742188 0.548077 0.020433 0.048077
0 0.127404 0.541466 0.026442 0.063702
0 0.393630 0.552885 0.025240 0.033654
0 0.932692 0.405649 0.028846 0.049279
0 0.239183 0.559495 0.028846 0.039663
0 0.103365 0.405649 0.031250 0.039663
0 0.862380 0.411058 0.022837 0.033654
0 0.235577 0.414062 0.028846 0.032452
0 0.283654 0.545072 0.021635 0.051683
0 0.535457 0.537260 0.058894 0.064904
0 0.772837 0.554087 0.028846 0.031250
0 0.979567 0.412260 0.024038 0.033654
0 0.053486 0.554087 0.063702 0.038462
0 0.186899 0.414663 0.058894 0.040865
0 0.897837 0.402043 0.026442 0.058894
0 0.427885 0.558293 0.026442 0.032452
0 0.846755 0.558894 0.027644 0.033654
0 0.138221 0.410457 0.024038 0.032452
0 0.712740 0.405649 0.026442 0.037260
0 0.513822 0.406250 0.025240 0.050481
0 0.341947 0.558894 0.025240 0.028846
0 0.955529 0.406250 0.016827 0.050481
0 0.314904 0.558293 0.021635 0.025240
0 0.837139 0.404447 0.018029 0.037260
0 0.098558 0.544471 0.016827 0.043269
0 0.889796 0.554916 0.038053 0.039880
0 0.577746 0.537356 0.029291 0.061514
