0 0.374399 0.717548 0.051683 0.081731
0 0.209736 0.296274 0.054087 0.092548
0 0.111779 0.707933 0.040865 0.088942
0 0.927885 0.420673 0.043269 0.069712
0 0.584135 0.429688 0.031250 0.061298
0 0.177885 0.573918 0.038462 0.070913
0 0.188101 0.424880 0.030048 0.070913
0 0.025841 0.284255 0.034856 0.078125
0 0.623197 0.431490 0.032452 0.072115
0 0.143630 0.569712 0.027644 0.067308
0 0.361178 0.426683 0.022837 0.069712
0 0.457933 0.445312 0.040865 0.039663
0 0.258413 0.299880 0.026442 0.046875
0 0.757212 0.424880 0.033654 0.066106
0 0.374399 0.302885 0.027644 0.043269
0 0.122596 0.319111 0.031250 0.118990
0 0.328726 0.444712 0.027644 0.038462
0 0.112981 0.425481 0.028846 0.060096
0 0.289062 0.725361 0.049279 0.046875
0 0.316707 0.284856 0.037260 0.069712
0 0.301082 0.444712 0.022837 0.043269
0 0.549279 0.432692 0.028846 0.057692
0 0.107572 0.570312 0.027644 0.075721
0 0.528245 0.301683 0.030048 0.038462
0 0.450120 0.713942 0.034856 0.084135
0 0.720553 0.424279 0.030048 0.067308
0 0.277644 0.432548 0.024038 0.063702
0 0.419471 0.445312 0.024038 0.032452
0 0.829928 0.433894 0.025240 0.038462
0 0.224669 0.570775 0.048257 0.079603
0 0.450120 0.286058 0.025240 0.060096
0 0.150841 0.426082 0.032452 0.075721
0 0.207332 0.725962 0.037260 0.048077
0 0.241587 0.725361 0.028846 0.051683
0 0.887620 0.423678 0.037260 0.080529
0 0.070913 0.298077 0.021635 0.040865
0 0.261418 0.572115 0.020433 0.076923
0 0.223558 0.433293 0.021635 0.034856
0 0.478365 0.722957 0.021635 0.046875
0 0.656851 0.432091 0.018029 0.037260
0 0.793870 0.424880 0.039663 0.073317
0 0.406250 0.293269 0.021635 0.057692
0 0.505409 0.726562 0.025240 0.037260
0 0.067909 0.430288 0.032452 0.021635
0 0.561298 0.296274 0.014423 0.037260
0 0.386418 0.444111 0.022837 0.032452
0 0.501803 0.443510 0.020433 0.043269
0 0.416466 0.713341 0.032452 0.068510
0 0.424279 0.296274 0.014423 0.044471
0 0.170673 0.728365 0.028846 0.038462
0 0.053486 0.291466 0.013221 0.054087
0 0.477163 0.286058 0.014423 0.055288
0 0.166466 0.297476 0.027644 0.042067
0 0.498798 0.301082 0.019231 0.039663
0 0.345367 0.302885 0.024387 0.035048
0 0.153864 0.298119 0.020060 0.033353
0 0.142386 0.725541 0.026142 0.049062
0 0.963780 0.423972 0.042776 0.085565
