0 0.223558 0.493990 0.038462 0.055288
0 0.667668 0.496394 0.042067 0.057692
0 0.856370 0.505409 0.044471 0.042067
0 0.808293 0.507212 0.032452 0.036058
0 0.947716 0.506611 0.044471 0.037260
0 0.412260 0.504207 0.033654 0.049279
0 0.900841 0.505409 0.032452 0.044471
0 0.727764 0.496394 0.034856 0.057692
0 0.764423 0.495793 0.021635 0.051683
0 0.124399 0.509014 0.042067 0.042067
0 0.611178 0.506611 0.039663 0.037260
0 0.504207 0.496995 0.042067 0.058894
0 0.345553 0.505409 0.030048 0.034856
0 0.555288 0.506611 0.031250 0.037260
0 0.380409 0.501202 0.020433 0.048077
0 0.170673 0.508413 0.031250 0.043269
0 0.293269 0.509615 0.052885 0.043269
0 0.062169 0.499706 0.092849 0.080757
