0 0.630409 0.429688 0.018029 0.034856
0 0.820312 0.427885 0.020433 0.026442
0 0.603966 0.450721 0.022837 0.084135
0 0.701322 0.430889 0.020433 0.034856
0 0.032452 0.413462 0.031250 0.060096
0 0.474159 0.564303 0.027644 0.049279
0 0.200120 0.430288 0.020433 0.028846
0 0.349760 0.419471 0.026442 0.048077
0 0.955529 0.428486 0.019231 0.039663
0 0.725962 0.417067 0.019231 0.060096
0 0.373197 0.431490 0.018029 0.031250
0 0.503606 0.548678 0.026442 0.080529
0 0.069712 0.567909 0.019231 0.037260
0 0.225962 0.419471 0.021635 0.050481
0 0.466346 0.447716 0.024038 0.078125
0 0.656851 0.430889 0.025240 0.034856
0 0.304688 0.567308 0.015625 0.038462
0 0.112981 0.427284 0.026442 0.032452
0 0.162260 0.430889 0.021635 0.027644
0 0.856971 0.428486 0.024038 0.090144
0 0.929087 0.427284 0.024038 0.042067
0 0.400841 0.430889 0.025240 0.032452
0 0.521635 0.432692 0.016827 0.033654
0 0.978365 0.429087 0.026442 0.040865
0 0.137019 0.430889 0.019231 0.034856
0 0.558293 0.429688 0.015625 0.030048
0 0.578125 0.414663 0.021635 0.055288
0 0.299279 0.430288 0.026442 0.028846
0 0.088942 0.560096 0.016827 0.062500
0 0.190505 0.560096 0.020433 0.057692
0 0.798678 0.424279 0.018029 0.028846
0 0.073918 0.429087 0.032452 0.031250
0 0.343750 0.570913 0.019231 0.033654
0 0.369591 0.570312 0.022837 0.097356
0 0.260817 0.556490 0.019231 0.062500
0 0.501803 0.427284 0.015625 0.046875
0 0.750601 0.411659 0.015625 0.056490
0 0.897837 0.429087 0.026442 0.033654
0 0.270433 0.429688 0.021635 0.027644
0 0.041466 0.564303 0.027644 0.046875
0 0.214543 0.554688 0.018029 0.058894
0 0.240385 0.566106 0.016827 0.038462
0 0.541466 0.427284 0.015625 0.039663
0 0.680288 0.430288 0.014423 0.033654
0 0.116587 0.573317 0.016827 0.031250
0 0.324519 0.552284 0.014423 0.058894
0 0.182692 0.429688 0.014423 0.032452
0 0.388041 0.574730 0.030793 0.094267
0 0.315379 0.425114 0.011094 0.033281
0 0.840709 0.413540 0.013413 0.056695
0 0.882638 0.423179 0.016430 0.040421
