0 0.268630 0.521034 0.034856 0.080529
0 0.696514 0.490986 0.037260 0.044471
0 0.735577 0.484375 0.031250 0.062500
0 0.810697 0.495793 0.037260 0.034856
0 0.664663 0.490986 0.026442 0.042067
0 0.027644 0.511418 0.031250 0.056490
0 0.501202 0.486779 0.026442 0.055288
0 0.072115 0.489183 0.031250 0.055288
0 0.629808 0.494591 0.024038 0.039663
0 0.552885 0.495793 0.028846 0.037260
0 0.772837 0.484375 0.031250 0.052885
0 0.352764 0.493389 0.032452 0.030048
0 0.313702 0.491587 0.033654 0.048077
0 0.846755 0.484976 0.025240 0.049279
0 0.462139 0.493990 0.032452 0.036058
0 0.388221 0.496995 0.031250 0.032452
0 0.230168 0.489183 0.032452 0.069712
0 0.429688 0.482572 0.027644 0.054087
0 0.926683 0.487981 0.024038 0.055288
0 0.525841 0.492788 0.018029 0.048077
0 0.593149 0.495192 0.032452 0.038462
0 0.882212 0.496995 0.045673 0.056490
0 0.149639 0.494591 0.037260 0.022837
0 0.961538 0.490385 0.045673 0.043269
0 0.096989 0.524381 0.042103 0.045829
