0 0.451322 0.560697 0.025240 0.034856
0 0.309495 0.472356 0.025240 0.062500
0 0.812500 0.486178 0.021635 0.030048
0 0.220553 0.484976 0.018029 0.027644
0 0.376202 0.486178 0.019231 0.037260
0 0.237380 0.562500 0.042067 0.031250
0 0.051683 0.509615 0.026442 0.076923
0 0.609976 0.560697 0.027644 0.030048
0 0.642428 0.489183 0.020433 0.033654
0 0.198317 0.472957 0.021635 0.054087
0 0.352163 0.485577 0.021635 0.036058
0 0.968149 0.491587 0.030048 0.043269
0 0.322716 0.547476 0.018029 0.049279
0 0.102163 0.547476 0.033654 0.058894
0 0.266827 0.484976 0.019231 0.034856
0 0.388221 0.549279 0.028846 0.055288
0 0.419471 0.549279 0.031250 0.060096
0 0.780048 0.561298 0.021635 0.031250
0 0.707933 0.487380 0.019231 0.027644
0 0.572716 0.560697 0.025240 0.027644
0 0.640024 0.552284 0.013221 0.049279
0 0.450721 0.489784 0.019231 0.032452
0 0.893029 0.472356 0.024038 0.052885
0 0.689303 0.563101 0.020433 0.030048
0 0.665264 0.552885 0.022837 0.048077
0 0.294471 0.560697 0.024038 0.027644
0 0.587740 0.489183 0.021635 0.033654
0 0.566707 0.473558 0.018029 0.048077
0 0.162260 0.554688 0.028846 0.042067
0 0.530649 0.558894 0.042067 0.036058
0 0.169471 0.484375 0.021635 0.036058
0 0.024639 0.489784 0.018029 0.044471
0 0.502404 0.487981 0.016827 0.033654
0 0.919471 0.489183 0.024038 0.031250
0 0.540264 0.465745 0.022837 0.061298
0 0.664663 0.476562 0.019231 0.049279
0 0.194712 0.561298 0.021635 0.024038
0 0.488582 0.558293 0.039663 0.037260
0 0.760216 0.555288 0.013221 0.045673
0 0.346755 0.555288 0.025240 0.033654
0 0.475962 0.492788 0.021635 0.031250
0 0.123798 0.486178 0.024038 0.039663
0 0.732572 0.551082 0.022837 0.051683
0 0.273438 0.560096 0.018029 0.028846
0 0.091947 0.487981 0.032452 0.036058
0 0.942308 0.489183 0.019231 0.036058
0 0.134615 0.560096 0.024038 0.028846
0 0.751202 0.485577 0.024038 0.036058
0 0.786058 0.486178 0.019231 0.044471
0 0.241587 0.477764 0.016827 0.046875
0 0.805288 0.562500 0.026442 0.036058
0 0.846364 0.490739 0.032728 0.107536
0 0.866587 0.487981 0.024038 0.031250
0 0.612981 0.489183 0.024038 0.036058
0 0.684495 0.489183 0.018029 0.026442
0 0.724129 0.510451 0.027704 0.078594
0 0.139519 0.488972 0.025577 0.039075
0 0.287776 0.489014 0.018990 0.031587
0 0.433395 0.475938 0.026575 0.053486
0 0.522939 0.486136 0.012993 0.027680
0 0.834531 0.485391 0.019832 0.032272
