0 0.377404 0.570913 0.031250 0.050481
0 0.025240 0.420072 0.033654 0.070913
0 0.338942 0.436298 0.021635 0.031250
0 0.763221 0.437500 0.019231 0.028846
0 0.163462 0.435697 0.026442 0.030048
0 0.289663 0.427885 0.028846 0.050481
0 0.317308 0.431490 0.014423 0.038462
0 0.105168 0.435697 0.027644 0.032452
0 0.072716 0.435697 0.022837 0.039663
0 0.839543 0.437500 0.018029 0.033654
0 0.945913 0.436899 0.021635 0.034856
0 0.549880 0.580529 0.025240 0.026442
0 0.317909 0.579928 0.020433 0.030048
0 0.199519 0.430288 0.014423 0.043269
0 0.524038 0.567308 0.014423 0.050481
0 0.888221 0.434495 0.016827 0.032452
0 0.343149 0.581731 0.020433 0.028846
0 0.800481 0.426683 0.019231 0.052885
0 0.597957 0.439303 0.020433 0.030048
0 0.580529 0.578125 0.028846 0.043269
0 0.646635 0.439904 0.019231 0.033654
0 0.972957 0.442909 0.030048 0.027644
0 0.710337 0.430288 0.016827 0.045673
0 0.556490 0.430288 0.019231 0.050481
0 0.286058 0.581130 0.031250 0.032452
0 0.500601 0.573317 0.020433 0.033654
0 0.782452 0.424880 0.014423 0.054087
0 0.410457 0.575721 0.022837 0.038462
0 0.443510 0.582332 0.031250 0.030048
0 0.926082 0.424880 0.018029 0.058894
0 0.055288 0.426683 0.012019 0.050481
0 0.481971 0.443510 0.038462 0.031250
0 0.576322 0.438101 0.020433 0.032452
0 0.668870 0.439303 0.018029 0.030048
0 0.411058 0.443510 0.021635 0.026442
0 0.625000 0.443510 0.019231 0.026442
0 0.862981 0.564904 0.021635 0.062500
0 0.437500 0.439303 0.021635 0.030048
0 0.618990 0.573317 0.014423 0.036058
0 0.912873 0.564615 0.032476 0.069135
0 0.837416 0.569898 0.019880 0.058065
0 0.908053 0.423678 0.015625 0.051683
0 0.728365 0.442308 0.016827 0.024038
0 0.128978 0.435000 0.014832 0.024880
0 0.144291 0.422560 0.019615 0.051683
0 0.817800 0.462975 0.020962 0.075445
0 0.857494 0.439675 0.014050 0.034760
0 0.874381 0.428083 0.014796 0.053498
0 0.746172 0.441400 0.013810 0.024411
0 0.718323 0.559519 0.031118 0.082452
0 0.745162 0.571707 0.028257 0.048750
0 0.686436 0.535409 0.047704 0.111490
0 0.769014 0.574423 0.028774 0.041226
0 0.807644 0.578317 0.044856 0.037596
