0 0.629207 0.486178 0.032452 0.030048
0 0.301082 0.484375 0.027644 0.033654
0 0.587740 0.474159 0.040865 0.058894
0 0.387019 0.477163 0.045673 0.060096
0 0.334736 0.549880 0.022837 0.042067
0 0.548678 0.560096 0.030048 0.038462
0 0.493389 0.548077 0.030048 0.048077
0 0.692909 0.484976 0.027644 0.027644
0 0.523438 0.546875 0.018029 0.045673
0 0.361178 0.559495 0.022837 0.020433
0 0.451923 0.489784 0.026442 0.030048
0 0.271034 0.468750 0.032452 0.057692
0 0.482572 0.488582 0.032452 0.027644
0 0.731370 0.481971 0.034856 0.033654
0 0.392428 0.558293 0.027644 0.022837
0 0.457933 0.558293 0.033654 0.025240
0 0.426683 0.556490 0.026442 0.026442
0 0.432939 0.483972 0.017055 0.037656
