0 0.975361 0.456731 0.022837 0.076923
0 0.948317 0.466346 0.026442 0.052885
0 0.118990 0.463942 0.024038 0.062500
0 0.348558 0.451322 0.021635 0.063702
0 0.866587 0.506010 0.019231 0.125000
0 0.301683 0.451322 0.026442 0.061298
0 0.369591 0.469952 0.015625 0.031250
0 0.755409 0.471755 0.020433 0.030048
0 0.623798 0.469952 0.014423 0.055288
0 0.709135 0.483173 0.024038 0.060096
0 0.430889 0.485577 0.022837 0.129808
0 0.916466 0.470553 0.025240 0.039663
0 0.601562 0.469952 0.015625 0.052885
0 0.888221 0.475962 0.021635 0.036058
0 0.549880 0.468750 0.025240 0.057692
0 0.813101 0.473558 0.020433 0.036058
0 0.837740 0.474159 0.024038 0.034856
0 0.082332 0.475962 0.025240 0.033654
0 0.146635 0.490385 0.024038 0.055288
0 0.029447 0.466947 0.018029 0.056490
0 0.388221 0.472356 0.016827 0.031250
0 0.735577 0.469351 0.016827 0.034856
0 0.406851 0.486178 0.020433 0.054087
0 0.469351 0.478365 0.022837 0.033654
0 0.643630 0.475962 0.020433 0.036058
0 0.785457 0.474159 0.025240 0.039663
0 0.577524 0.481370 0.020433 0.034856
0 0.054688 0.462139 0.020433 0.061298
0 0.673678 0.473558 0.027644 0.038462
0 0.447957 0.479844 0.016899 0.028413
