0 0.033654 0.444712 0.036058 0.096154
0 0.801683 0.429688 0.021635 0.042067
0 0.129808 0.438101 0.024038 0.039663
0 0.414663 0.433894 0.033654 0.064904
0 0.511418 0.433894 0.027644 0.064904
0 0.099760 0.429688 0.026442 0.061298
0 0.695312 0.439904 0.037260 0.040865
0 0.838942 0.461538 0.033654 0.091346
0 0.607572 0.439904 0.025240 0.038462
0 0.756010 0.429087 0.021635 0.060096
0 0.259615 0.429688 0.019231 0.046875
0 0.871394 0.432692 0.019231 0.043269
0 0.894832 0.435096 0.027644 0.036058
0 0.029447 0.566707 0.022837 0.056490
0 0.445913 0.440505 0.024038 0.044471
0 0.582933 0.436298 0.021635 0.050481
0 0.921274 0.432091 0.020433 0.039663
0 0.228966 0.424279 0.030048 0.067308
0 0.962740 0.431490 0.055288 0.043269
0 0.067308 0.439303 0.024038 0.044471
0 0.197115 0.566707 0.028846 0.063702
0 0.342548 0.431490 0.026442 0.062500
0 0.284255 0.439303 0.025240 0.032452
0 0.079327 0.572716 0.033654 0.066106
0 0.112380 0.568510 0.027644 0.072115
0 0.155649 0.439904 0.027644 0.033654
0 0.561298 0.439904 0.021635 0.038462
0 0.731971 0.432091 0.014423 0.051683
0 0.468750 0.443510 0.019231 0.036058
0 0.538462 0.438101 0.024038 0.039663
0 0.137019 0.571514 0.021635 0.037260
0 0.634014 0.442909 0.020433 0.034856
0 0.152410 0.573299 0.015156 0.034579
0 0.174597 0.577800 0.020998 0.044207
0 0.316743 0.441707 0.023582 0.035697
0 0.049621 0.584411 0.022993 0.034399
0 0.826064 0.427446 0.013450 0.049435
