0 0.063702 0.563702 0.021635 0.031250
0 0.697115 0.562500 0.016827 0.036058
0 0.123798 0.411659 0.012019 0.046875
0 0.376202 0.562500 0.026442 0.028846
0 0.453125 0.564303 0.019231 0.030048
0 0.590745 0.561298 0.020433 0.033654
0 0.265625 0.550481 0.021635 0.064904
0 0.659856 0.550481 0.024038 0.048077
0 0.343750 0.411058 0.019231 0.043269
0 0.832332 0.418870 0.037260 0.109375
0 0.408053 0.548077 0.022837 0.060096
0 0.814904 0.564303 0.021635 0.034856
0 0.505409 0.565505 0.020433 0.030048
0 0.484375 0.564904 0.014423 0.031250
0 0.430889 0.552885 0.015625 0.050481
0 0.577524 0.420673 0.027644 0.033654
0 0.260216 0.415264 0.013221 0.046875
0 0.534856 0.414062 0.014423 0.042067
0 0.290264 0.563101 0.015625 0.027644
0 0.889423 0.418870 0.019231 0.030048
0 0.167067 0.551082 0.028846 0.099760
0 0.977163 0.552284 0.021635 0.039663
0 0.346755 0.563101 0.022837 0.030048
0 0.900841 0.549279 0.013221 0.052885
0 0.147837 0.420673 0.024038 0.031250
0 0.949519 0.548077 0.019231 0.048077
0 0.305889 0.409856 0.015625 0.045673
0 0.424880 0.415865 0.020433 0.050481
0 0.710938 0.407452 0.032452 0.064904
0 0.024639 0.405048 0.020433 0.052885
0 0.866587 0.405649 0.019231 0.070913
0 0.747596 0.547476 0.021635 0.051683
0 0.047476 0.420673 0.020433 0.028846
0 0.516226 0.415865 0.015625 0.040865
0 0.039663 0.564904 0.014423 0.036058
0 0.764423 0.420072 0.021635 0.037260
0 0.739183 0.424279 0.019231 0.028846
0 0.021034 0.558293 0.020433 0.061298
0 0.554087 0.424279 0.014423 0.026442
0 0.881010 0.560697 0.016827 0.032452
0 0.224760 0.424279 0.019231 0.028846
0 0.245192 0.424279 0.016827 0.026442
0 0.069712 0.424279 0.016827 0.033654
0 0.791466 0.562500 0.020433 0.031250
0 0.171875 0.411659 0.014423 0.054087
0 0.941857 0.411124 0.013738 0.057849
0 0.460162 0.425661 0.012200 0.024038
0 0.117788 0.546875 0.024038 0.072115
0 0.911058 0.420072 0.024038 0.027644
0 0.847957 0.559495 0.025240 0.025240
0 0.478966 0.409255 0.015625 0.042067
0 0.681490 0.554688 0.012019 0.046875
0 0.275841 0.423077 0.015625 0.021635
0 0.304688 0.552885 0.013221 0.048077
0 0.621394 0.412861 0.033654 0.054087
0 0.615385 0.564303 0.021635 0.027644
0 0.093750 0.560697 0.019231 0.087740
0 0.921875 0.558293 0.016827 0.032452
0 0.197716 0.424279 0.020433 0.024038
0 0.384615 0.420072 0.016827 0.027644
0 0.528245 0.597356 0.025240 0.079327
0 0.661058 0.411659 0.024038 0.054087
0 0.133155 0.545931 0.016575 0.069315
0 0.288738 0.425252 0.010313 0.019639
0 0.365192 0.420727 0.015721 0.028882
0 0.442939 0.426701 0.018858 0.027680
0 0.501544 0.422464 0.018185 0.028918
0 0.768558 0.576316 0.029327 0.058425
0 0.866160 0.579844 0.016719 0.083245
0 0.960264 0.421599 0.020817 0.026298
