0 0.356971 0.560697 0.033654 0.044471
0 0.849760 0.503606 0.048077 0.074519
0 0.701322 0.469952 0.025240 0.040865
0 0.143029 0.489183 0.045673 0.043269
0 0.294471 0.559495 0.026442 0.042067
0 0.662861 0.502404 0.030048 0.052885
0 0.598558 0.473558 0.045673 0.052885
0 0.437500 0.477764 0.024038 0.032452
0 0.324519 0.558293 0.021635 0.042067
0 0.790865 0.509014 0.031250 0.046875
0 0.331731 0.475962 0.036058 0.045673
0 0.254207 0.495793 0.034856 0.020433
0 0.189904 0.501803 0.045673 0.121394
0 0.581731 0.559495 0.038462 0.042067
0 0.508413 0.507812 0.031250 0.039663
0 0.399639 0.504808 0.025240 0.043269
0 0.335337 0.513221 0.096154 0.024038
0 0.615775 0.557776 0.039796 0.046178
0 0.594639 0.513191 0.070697 0.013858
0 0.728930 0.508570 0.036587 0.141034
