0 0.261418 0.412861 0.044471 0.080529
0 0.259014 0.549880 0.054087 0.080529
0 0.544471 0.566707 0.045673 0.054087
0 0.505409 0.456130 0.039663 0.097356
0 0.632212 0.412861 0.045673 0.061298
0 0.314904 0.560096 0.055288 0.057692
0 0.707332 0.569712 0.058894 0.050481
0 0.373798 0.556490 0.052885 0.057692
0 0.408053 0.428486 0.032452 0.039663
0 0.623798 0.561298 0.028846 0.057692
0 0.447716 0.565505 0.054087 0.042067
0 0.358173 0.415264 0.045673 0.056490
0 0.453726 0.426082 0.042067 0.039663
0 0.584736 0.569712 0.034856 0.040865
0 0.677885 0.425481 0.033654 0.050481
0 0.734976 0.426082 0.046875 0.032452
0 0.298678 0.420072 0.018029 0.061298
0 0.655649 0.566707 0.025240 0.058894
0 0.323918 0.415865 0.020433 0.062500
