0 0.435697 0.566106 0.013221 0.045673
0 0.072716 0.431490 0.025240 0.036058
0 0.549279 0.566707 0.026442 0.039663
0 0.195913 0.433894 0.028846 0.028846
0 0.025240 0.583534 0.028846 0.087740
0 0.126202 0.417067 0.019231 0.043269
0 0.151442 0.427284 0.024038 0.027644
0 0.079327 0.571514 0.021635 0.032452
0 0.935697 0.570913 0.022837 0.028846
0 0.103966 0.573317 0.025240 0.031250
0 0.047476 0.419471 0.020433 0.052885
0 0.620192 0.566106 0.019231 0.043269
0 0.415264 0.571514 0.022837 0.030048
0 0.780649 0.574519 0.025240 0.026442
0 0.975962 0.572716 0.036058 0.034856
0 0.024639 0.415865 0.022837 0.052885
0 0.132212 0.570312 0.021635 0.034856
0 0.246995 0.569712 0.020433 0.048077
0 0.486178 0.572716 0.022837 0.027644
0 0.639423 0.570312 0.014423 0.034856
0 0.577524 0.568510 0.022837 0.040865
0 0.170673 0.573918 0.033654 0.034856
0 0.751803 0.565505 0.015625 0.042067
0 0.913462 0.566707 0.021635 0.039663
0 0.867452 0.571767 0.018558 0.044760
0 0.357572 0.575120 0.030048 0.025240
0 0.100962 0.423678 0.021635 0.046875
0 0.208534 0.572716 0.032452 0.030048
0 0.458534 0.575721 0.027644 0.026442
0 0.844351 0.568510 0.020433 0.040865
0 0.725361 0.575721 0.037260 0.026442
0 0.673678 0.575721 0.039663 0.028846
0 0.055889 0.572115 0.022837 0.028846
0 0.325721 0.570312 0.026442 0.030048
0 0.507770 0.572656 0.017416 0.025937
0 0.598365 0.575499 0.018822 0.031623
0 0.799093 0.574075 0.021671 0.030913
0 0.882584 0.574255 0.016707 0.027716
