0 0.671274 0.458534 0.046875 0.066106
0 0.043269 0.520433 0.048077 0.122596
0 0.802284 0.467548 0.037260 0.062500
0 0.714543 0.473558 0.037260 0.048077
0 0.227163 0.469952 0.067308 0.055288
0 0.625601 0.474760 0.030048 0.040865
0 0.462740 0.496995 0.048077 0.092548
0 0.354567 0.464543 0.040865 0.061298
0 0.554087 0.472356 0.031250 0.045673
0 0.856971 0.470553 0.033654 0.044471
0 0.949519 0.472957 0.050481 0.042067
0 0.760817 0.475361 0.033654 0.042067
0 0.167067 0.472957 0.040865 0.037260
0 0.120192 0.473558 0.036058 0.040865
0 0.591346 0.467548 0.026442 0.064904
0 0.516226 0.459135 0.032452 0.062500
0 0.901442 0.470553 0.036058 0.042067
