0 0.909255 0.481971 0.039663 0.076923
0 0.040264 0.506010 0.049279 0.127404
0 0.158053 0.490385 0.032452 0.043269
0 0.808894 0.472356 0.031250 0.064904
0 0.608774 0.474760 0.030048 0.069712
0 0.198317 0.474760 0.036058 0.062500
0 0.086538 0.490986 0.033654 0.044471
0 0.122596 0.487380 0.031250 0.042067
0 0.533654 0.486178 0.028846 0.037260
0 0.686298 0.490385 0.036058 0.048077
0 0.573918 0.475361 0.015625 0.061298
0 0.953726 0.507812 0.037260 0.046875
0 0.438101 0.509014 0.027644 0.080529
0 0.376803 0.482572 0.030048 0.044471
0 0.408654 0.483774 0.016827 0.044471
0 0.842548 0.470553 0.024038 0.054087
0 0.763822 0.487981 0.032452 0.036058
0 0.335337 0.490385 0.024038 0.031250
0 0.296274 0.478365 0.020433 0.052885
0 0.489784 0.481370 0.032452 0.049279
0 0.731971 0.486779 0.028846 0.033654
0 0.246394 0.487380 0.038462 0.034856
