0 0.725962 0.516226 0.026442 0.094952
0 0.696514 0.487981 0.025240 0.045673
0 0.028846 0.475962 0.048077 0.072115
0 0.388221 0.487981 0.021635 0.033654
0 0.665264 0.483774 0.030048 0.039663
0 0.455529 0.484976 0.031250 0.032452
0 0.629207 0.473558 0.027644 0.057692
0 0.234976 0.475361 0.030048 0.056490
0 0.415264 0.474159 0.027644 0.056490
0 0.772236 0.486779 0.044471 0.033654
0 0.357572 0.486779 0.027644 0.033654
0 0.947115 0.472356 0.026442 0.052885
0 0.289062 0.496995 0.044471 0.061298
0 0.985577 0.485577 0.021635 0.040865
0 0.887019 0.486779 0.031250 0.033654
0 0.329928 0.487380 0.020433 0.032452
0 0.206731 0.483774 0.012019 0.039663
0 0.091346 0.489183 0.021635 0.038462
0 0.160457 0.490385 0.022837 0.031250
0 0.861779 0.486178 0.019231 0.034856
0 0.135216 0.488582 0.022837 0.032452
0 0.182692 0.477764 0.021635 0.049279
0 0.813702 0.490986 0.024038 0.056490
0 0.920673 0.483774 0.021635 0.027644
0 0.519862 0.486779 0.054026 0.038462
0 0.112981 0.477163 0.019231 0.055288
0 0.058305 0.496893 0.021154 0.034844
0 0.266635 0.488179 0.019687 0.037921
0 0.830144 0.496112 0.031827 0.051839
