0 0.319712 0.475361 0.026442 0.099760
0 0.885817 0.436298 0.036058 0.110577
0 0.166466 0.426683 0.022837 0.062500
0 0.168870 0.569712 0.022837 0.060096
0 0.437500 0.573317 0.028846 0.060096
0 0.358774 0.588341 0.020433 0.042067
0 0.795673 0.438702 0.016827 0.036058
0 0.243456 0.463257 0.025180 0.076346
0 0.476562 0.585337 0.025240 0.031250
0 0.201923 0.454327 0.024038 0.100962
0 0.194712 0.579928 0.021635 0.042067
0 0.283053 0.448918 0.020433 0.037260
0 0.815445 0.426683 0.020312 0.057692
0 0.120192 0.438702 0.014423 0.031250
0 0.612981 0.424880 0.021635 0.063702
0 0.333978 0.582073 0.030938 0.065589
0 0.492788 0.435697 0.014423 0.044471
0 0.511418 0.569111 0.032452 0.056490
0 0.290264 0.585938 0.020433 0.034856
0 0.526803 0.429688 0.020433 0.051683
0 0.428486 0.425481 0.030048 0.067308
0 0.853798 0.427404 0.022837 0.052885
0 0.251959 0.567981 0.020745 0.068654
0 0.055787 0.435980 0.025445 0.049844
0 0.271154 0.583522 0.018029 0.039639
0 0.950721 0.443510 0.024038 0.040865
0 0.552284 0.439904 0.018029 0.033654
0 0.560096 0.585938 0.021635 0.030048
0 0.380409 0.585938 0.020433 0.037260
0 0.770433 0.442909 0.026442 0.032452
0 0.645337 0.435649 0.013221 0.052885
0 0.708534 0.436298 0.015625 0.033654
0 0.667067 0.435096 0.021635 0.050481
0 0.981971 0.439904 0.028846 0.031250
0 0.016827 0.432091 0.026442 0.051683
0 0.213492 0.574123 0.016791 0.060096
0 0.227969 0.436827 0.025649 0.056635
0 0.385210 0.441286 0.036286 0.078894
0 0.726040 0.440523 0.016983 0.037296
0 0.460697 0.471502 0.033654 0.104567
0 0.265024 0.443510 0.013221 0.036058
0 0.093750 0.442308 0.016827 0.028846
0 0.579928 0.603365 0.015625 0.021635
0 0.570913 0.439904 0.019231 0.033654
0 0.537260 0.581731 0.019231 0.038462
0 0.632812 0.441707 0.013221 0.030048
0 0.913798 0.438353 0.022644 0.034615
0 0.932458 0.442019 0.017224 0.039712
0 0.832855 0.434603 0.013233 0.030625
0 0.742103 0.441701 0.015793 0.030469
0 0.510601 0.440421 0.014663 0.032380
0 0.366172 0.440078 0.016430 0.026695
0 0.345421 0.444225 0.028966 0.030421
0 0.189856 0.448209 0.021803 0.023438
0 0.076508 0.442758 0.016767 0.037272
0 0.037212 0.448618 0.015288 0.040192
0 0.230469 0.585595 0.019712 0.039868
0 0.456556 0.583636 0.009796 0.041022
