0 0.335337 0.414663 0.057692 0.067308
0 0.221154 0.414062 0.040865 0.068510
0 0.431490 0.418269 0.045673 0.057692
0 0.216947 0.555889 0.066106 0.068510
0 0.558894 0.558293 0.055288 0.066106
0 0.741587 0.585337 0.033654 0.052885
0 0.260817 0.443510 0.033654 0.055288
0 0.680889 0.420673 0.037260 0.050481
0 0.626202 0.425481 0.045673 0.062500
0 0.565505 0.427284 0.039663 0.049279
0 0.749399 0.449519 0.039663 0.048077
0 0.810697 0.420072 0.044471 0.049279
0 0.472356 0.438101 0.031250 0.044471
0 0.701923 0.560096 0.038462 0.055288
0 0.326322 0.561899 0.058894 0.068510
0 0.468149 0.555288 0.046875 0.050481
0 0.409856 0.595553 0.040865 0.063702
0 0.616587 0.584736 0.026442 0.042067
0 0.383708 0.430709 0.035300 0.035048
0 0.720619 0.422284 0.043017 0.049062
0 0.668456 0.559868 0.041911 0.060409
0 0.586226 0.571214 0.029832 0.030817
0 0.255823 0.571695 0.048305 0.036226
0 0.167332 0.554531 0.050192 0.065288
0 0.379784 0.566226 0.054712 0.061514
