0 0.530649 0.487380 0.034856 0.042067
0 0.271635 0.475962 0.033654 0.062500
0 0.475962 0.506611 0.026442 0.073317
0 0.685697 0.496394 0.042067 0.108173
0 0.972957 0.489183 0.027644 0.038462
0 0.236178 0.471755 0.034856 0.063702
0 0.342548 0.475361 0.033654 0.068510
0 0.305288 0.487380 0.033654 0.037260
0 0.394832 0.491587 0.025240 0.031250
0 0.757212 0.481971 0.024038 0.055288
0 0.873798 0.483774 0.021635 0.051683
0 0.723558 0.488582 0.028846 0.034856
0 0.840745 0.490385 0.030048 0.038462
0 0.901442 0.487981 0.026442 0.043269
0 0.607572 0.483774 0.025240 0.030048
0 0.504207 0.484375 0.018029 0.033654
0 0.019832 0.472356 0.027644 0.069712
0 0.423678 0.493389 0.030048 0.032452
0 0.811899 0.493389 0.025240 0.030048
0 0.929087 0.487380 0.024038 0.030048
0 0.785457 0.492188 0.022837 0.034856
0 0.456094 0.481508 0.022019 0.054002
0 0.373197 0.473101 0.030072 0.058029
0 0.582332 0.480805 0.027716 0.032212
0 0.951502 0.474099 0.021202 0.054736
