0 0.197716 0.203726 0.042067 0.068510
0 0.212139 0.635817 0.068510 0.067308
0 0.297476 0.489784 0.056490 0.061298
0 0.483173 0.497596 0.040865 0.052885
0 0.702524 0.635216 0.039663 0.073317
0 0.533654 0.352163 0.036058 0.052885
0 0.348558 0.639423 0.040865 0.048077
0 0.340745 0.216947 0.034856 0.042067
0 0.490385 0.351562 0.033654 0.044471
0 0.582933 0.775841 0.040865 0.051683
0 0.303486 0.640625 0.030048 0.043269
0 0.648438 0.641827 0.030048 0.031250
0 0.493389 0.289663 0.044471 0.067308
0 0.415865 0.352163 0.038462 0.036058
0 0.565505 0.514423 0.032452 0.045673
0 0.629808 0.791466 0.031250 0.037260
0 0.527043 0.497596 0.044471 0.048077
0 0.323317 0.385216 0.036058 0.078125
0 0.637019 0.218149 0.031250 0.037260
0 0.497596 0.207933 0.028846 0.052885
0 0.584736 0.656851 0.037260 0.046875
0 0.506611 0.635216 0.034856 0.056490
0 0.280649 0.274038 0.027644 0.036058
0 0.592548 0.219351 0.038462 0.044471
0 0.456130 0.219952 0.034856 0.036058
0 0.295072 0.213341 0.037260 0.046875
0 0.276442 0.352163 0.057692 0.057692
0 0.391827 0.655048 0.033654 0.052885
0 0.265625 0.216346 0.021635 0.038462
0 0.463942 0.641827 0.024038 0.033654
0 0.250601 0.271635 0.022837 0.045673
0 0.597957 0.482572 0.032452 0.037260
0 0.420072 0.207933 0.020433 0.043269
0 0.444111 0.777043 0.039663 0.032452
0 0.246995 0.766226 0.042067 0.058894
0 0.382212 0.217548 0.033654 0.043269
0 0.415865 0.270433 0.028846 0.036058
0 0.766827 0.637019 0.043269 0.057692
0 0.555288 0.210337 0.031250 0.038462
0 0.546274 0.632212 0.039663 0.055288
0 0.376803 0.266827 0.030048 0.048077
0 0.539062 0.771034 0.042067 0.056490
0 0.213341 0.289062 0.037260 0.061298
0 0.679688 0.756010 0.034856 0.048077
0 0.247596 0.496394 0.040865 0.067308
0 0.340144 0.522837 0.028846 0.055288
0 0.312500 0.270433 0.016827 0.045673
0 0.527043 0.210938 0.018029 0.051683
0 0.674880 0.213942 0.030048 0.019231
0 0.573317 0.335337 0.038462 0.019231
0 0.451923 0.269832 0.031250 0.037260
0 0.314303 0.751202 0.032452 0.038462
0 0.265625 0.664062 0.026442 0.044471
0 0.365986 0.477163 0.027644 0.031250
0 0.715144 0.754207 0.028846 0.020433
0 0.420072 0.495793 0.030048 0.027644
0 0.731971 0.655048 0.019231 0.033654
0 0.344952 0.280048 0.026442 0.033654
0 0.346755 0.750601 0.032452 0.030048
0 0.231370 0.212139 0.018029 0.044471
0 0.635817 0.481971 0.031250 0.021635
0 0.355625 0.340925 0.027716 0.029495
0 0.243510 0.652626 0.027909 0.025733
0 0.269970 0.783480 0.033714 0.040950
