0 0.890625 0.330529 0.052885 0.064904
0 0.576322 0.491587 0.030048 0.110577
0 0.813702 0.487380 0.036058 0.037260
0 0.439303 0.335337 0.044471 0.060096
0 0.125000 0.336538 0.021635 0.064904
0 0.084736 0.487380 0.020433 0.039663
0 0.173678 0.370793 0.025240 0.097356
0 0.027043 0.328726 0.027644 0.066106
0 0.583215 0.370619 0.024603 0.100108
0 0.683894 0.487380 0.031250 0.037260
0 0.289062 0.488582 0.042067 0.039663
0 0.328125 0.475361 0.024038 0.066106
0 0.605769 0.486178 0.021635 0.037260
0 0.869591 0.477163 0.025240 0.057692
0 0.347957 0.490385 0.015625 0.036058
0 0.031851 0.489183 0.022837 0.036058
0 0.371394 0.477163 0.024038 0.064904
0 0.131010 0.617188 0.024038 0.070913
0 0.168167 0.626803 0.033450 0.042067
0 0.222356 0.329928 0.021635 0.061298
0 0.400841 0.474159 0.020433 0.058894
0 0.717548 0.628005 0.021635 0.042067
0 0.778245 0.487981 0.022837 0.033654
0 0.638221 0.624399 0.019231 0.042067
0 0.339543 0.336538 0.027644 0.055288
0 0.701923 0.329327 0.021635 0.067308
0 0.917067 0.472356 0.031250 0.062500
0 0.490385 0.337139 0.024038 0.061298
0 0.496394 0.618990 0.026442 0.062500
0 0.132212 0.475361 0.024038 0.066106
0 0.629808 0.485577 0.019231 0.043269
0 0.543870 0.626803 0.025240 0.037260
0 0.966346 0.483173 0.026442 0.038462
0 0.467548 0.626803 0.019231 0.042067
0 0.522236 0.625601 0.018029 0.039663
0 0.328125 0.625601 0.024038 0.042067
0 0.611178 0.625601 0.025240 0.044471
0 0.197716 0.343149 0.022837 0.037260
0 0.668870 0.335938 0.010817 0.049279
0 0.772236 0.336538 0.030048 0.055288
0 0.081130 0.343149 0.020433 0.044471
0 0.537861 0.336538 0.020433 0.055288
0 0.274038 0.337139 0.012019 0.044471
0 0.659856 0.618990 0.024038 0.064904
0 0.065505 0.475361 0.018029 0.061298
0 0.688101 0.628606 0.022837 0.043269
0 0.263221 0.628606 0.019231 0.038462
0 0.043870 0.626803 0.020433 0.039663
0 0.176082 0.474760 0.020433 0.057692
0 0.811298 0.625000 0.019231 0.043269
0 0.792668 0.623798 0.018029 0.043269
0 0.232260 0.624916 0.014327 0.056538
0 0.396034 0.613582 0.020433 0.063702
0 0.752404 0.475361 0.024038 0.051683
0 0.305889 0.626803 0.015625 0.042067
0 0.195913 0.489183 0.019231 0.036058
0 0.020433 0.659255 0.026442 0.111779
0 0.724760 0.358173 0.016827 0.031250
0 0.837139 0.617788 0.027644 0.067308
0 0.253005 0.341947 0.022837 0.034856
0 0.155649 0.473558 0.020433 0.057692
0 0.511418 0.346755 0.018029 0.032452
0 0.283654 0.615986 0.019231 0.068510
0 0.947115 0.334736 0.024038 0.051683
0 0.366587 0.341947 0.016827 0.042067
0 0.603966 0.346755 0.018029 0.032452
0 0.423077 0.487380 0.019231 0.034856
0 0.289062 0.341346 0.015625 0.040865
0 0.516226 0.481971 0.030048 0.060096
0 0.074609 0.615096 0.035877 0.068486
0 0.943510 0.481370 0.019231 0.037260
0 0.841346 0.343750 0.019231 0.040865
0 0.484976 0.487981 0.025240 0.033654
0 0.432091 0.612981 0.032452 0.067308
0 0.210697 0.658702 0.025240 0.099760
0 0.148438 0.346755 0.020433 0.030048
0 0.802284 0.347356 0.020433 0.028846
0 0.103305 0.631268 0.043101 0.089075
0 0.384615 0.341947 0.019231 0.042067
0 0.055288 0.345553 0.021635 0.044471
0 0.656250 0.489784 0.019231 0.042067
0 0.984976 0.343750 0.020433 0.036058
0 0.682692 0.341346 0.016827 0.040865
0 0.557091 0.344351 0.018029 0.037260
0 0.844351 0.481971 0.013221 0.055288
0 0.821514 0.345553 0.015625 0.037260
0 0.216268 0.489700 0.024868 0.037308
0 0.466737 0.491370 0.022728 0.034736
0 0.621388 0.346935 0.016935 0.037356
0 0.470992 0.347897 0.018618 0.034207
0 0.925913 0.341941 0.022476 0.040084
0 0.967758 0.343035 0.019291 0.039579
0 0.740078 0.630036 0.028810 0.039639
0 0.052710 0.476941 0.016526 0.054339
0 0.193798 0.629874 0.019639 0.036358
0 0.245938 0.628774 0.012308 0.050313
