0 0.168269 0.562500 0.024038 0.052885
0 0.208107 0.433654 0.017873 0.023053
0 0.036058 0.592548 0.021635 0.074519
0 0.334736 0.432091 0.022837 0.032452
0 0.033654 0.418870 0.026442 0.058894
0 0.341346 0.561298 0.028846 0.062500
0 0.215745 0.559495 0.018029 0.051683
0 0.620192 0.433293 0.021635 0.027644
0 0.801082 0.428486 0.022837 0.027644
0 0.830529 0.426082 0.028846 0.044471
0 0.771635 0.431490 0.024038 0.033654
0 0.099760 0.431490 0.019231 0.031250
0 0.300481 0.432692 0.033654 0.031250
0 0.125601 0.430889 0.022837 0.027644
0 0.700120 0.432692 0.025240 0.038462
0 0.362981 0.431490 0.019231 0.031250
0 0.946514 0.429688 0.022837 0.027644
0 0.194111 0.573317 0.020433 0.028846
0 0.445312 0.433894 0.037260 0.036058
0 0.920673 0.430288 0.019231 0.031250
0 0.077524 0.454327 0.020433 0.076923
0 0.646635 0.420673 0.021635 0.050481
0 0.592548 0.433293 0.021635 0.027644
0 0.105168 0.573918 0.022837 0.034856
0 0.510817 0.434495 0.024038 0.034856
0 0.894231 0.425481 0.024038 0.033654
0 0.055889 0.432091 0.018029 0.030048
0 0.060697 0.571514 0.020433 0.030048
0 0.978365 0.428486 0.021635 0.030048
0 0.478365 0.430889 0.019231 0.034856
0 0.290264 0.569712 0.013221 0.043269
0 0.310697 0.572716 0.022837 0.030048
0 0.227163 0.420673 0.019231 0.052885
0 0.670673 0.426683 0.014423 0.040865
0 0.170072 0.428486 0.025240 0.087740
0 0.251202 0.447115 0.014423 0.028846
0 0.135817 0.574519 0.026442 0.028846
0 0.265625 0.574519 0.031250 0.040865
0 0.082332 0.572716 0.022837 0.032452
0 0.393029 0.443510 0.012019 0.024038
0 0.553486 0.444111 0.013221 0.022837
0 0.188438 0.434922 0.018317 0.028425
