0 0.754207 0.509014 0.044471 0.090144
0 0.493389 0.474159 0.034856 0.068510
0 0.166466 0.466346 0.066106 0.074519
0 0.792668 0.486178 0.032452 0.039663
0 0.832332 0.486178 0.042067 0.034856
0 0.375601 0.487981 0.027644 0.033654
0 0.256611 0.490385 0.027644 0.031250
0 0.677885 0.490986 0.026442 0.032452
0 0.536058 0.486779 0.033654 0.026442
0 0.411659 0.486178 0.032452 0.032452
0 0.573918 0.478365 0.042067 0.050481
0 0.616587 0.487981 0.028846 0.033654
0 0.221755 0.481971 0.039663 0.057692
0 0.445312 0.486178 0.034856 0.034856
0 0.650841 0.492188 0.027644 0.027644
0 0.344339 0.490036 0.029591 0.039663
0 0.716040 0.488438 0.036623 0.028582
0 0.314994 0.490811 0.030084 0.029579
