0 0.617788 0.447716 0.050481 0.068510
0 0.255409 0.413462 0.039663 0.069712
0 0.680288 0.427284 0.028846 0.034856
0 0.242788 0.560096 0.036058 0.062500
0 0.491587 0.411058 0.026442 0.050481
0 0.540865 0.424880 0.033654 0.032452
0 0.723558 0.415865 0.036058 0.062500
0 0.340745 0.414663 0.032452 0.055288
0 0.606971 0.570312 0.040865 0.042067
0 0.336538 0.580529 0.031250 0.026442
0 0.578726 0.429087 0.025240 0.040865
0 0.503005 0.554087 0.025240 0.050481
0 0.426082 0.411659 0.022837 0.061298
0 0.299279 0.430889 0.036058 0.027644
0 0.765625 0.414663 0.036058 0.055288
0 0.375000 0.569712 0.031250 0.031250
0 0.659255 0.567909 0.034856 0.030048
0 0.426683 0.572115 0.040865 0.028846
0 0.540865 0.566106 0.019231 0.043269
0 0.453726 0.410457 0.022837 0.049279
0 0.569712 0.572115 0.026442 0.028846
0 0.470553 0.573918 0.030048 0.032452
0 0.280649 0.579327 0.027644 0.026442
0 0.698918 0.572115 0.037260 0.036058
0 0.384014 0.430288 0.032452 0.033654
0 0.310511 0.575763 0.027945 0.082897
