0 0.291466 0.445913 0.037260 0.088942
0 0.366587 0.595553 0.036058 0.099760
0 0.473558 0.553486 0.031250 0.061298
0 0.293269 0.569712 0.040865 0.033654
0 0.506010 0.451322 0.055288 0.087740
0 0.443510 0.569712 0.028846 0.036058
0 0.545072 0.561298 0.032452 0.040865
0 0.415264 0.412861 0.020433 0.056490
0 0.419471 0.561298 0.014423 0.043269
0 0.669471 0.448317 0.026442 0.040865
0 0.328125 0.427284 0.028846 0.027644
0 0.335523 0.557338 0.037031 0.062728
0 0.361779 0.426683 0.028846 0.024038
0 0.628606 0.612981 0.040865 0.045673
0 0.393630 0.423678 0.022837 0.039663
0 0.661460 0.549279 0.038377 0.048077
0 0.440505 0.416466 0.015625 0.044471
0 0.666466 0.415264 0.080529 0.025240
0 0.650240 0.381611 0.031250 0.039663
0 0.569111 0.415865 0.037260 0.038462
0 0.393792 0.563990 0.019940 0.049663
0 0.630673 0.580661 0.081202 0.019207
0 0.604213 0.538978 0.029724 0.037332
0 0.628137 0.546412 0.031899 0.039147
0 0.693750 0.382566 0.046394 0.042776
