0 0.118389 0.328125 0.039663 0.074519
0 0.668870 0.619591 0.018029 0.034856
0 0.147837 0.467548 0.019231 0.072115
0 0.283654 0.324519 0.026442 0.072115
0 0.064303 0.506611 0.022837 0.094952
0 0.550481 0.334736 0.016827 0.039663
0 0.505409 0.333534 0.018029 0.039663
0 0.695312 0.478365 0.025240 0.045673
0 0.256010 0.475361 0.016827 0.034856
0 0.471755 0.605168 0.025240 0.061298
0 0.527043 0.360577 0.020433 0.086538
0 0.308894 0.323317 0.021635 0.064904
0 0.474159 0.485577 0.022837 0.033654
0 0.481370 0.320913 0.027644 0.060096
0 0.093750 0.469952 0.012019 0.052885
0 0.587139 0.606370 0.025240 0.058894
0 0.569712 0.323317 0.016827 0.057692
0 0.501803 0.608774 0.025240 0.042067
0 0.016226 0.473558 0.020433 0.040865
0 0.117788 0.464543 0.026442 0.070913
0 0.939303 0.334736 0.015625 0.037260
0 0.214543 0.471154 0.022837 0.048077
0 0.701923 0.327524 0.026442 0.051683
0 0.763221 0.329327 0.024038 0.064904
0 0.413462 0.468750 0.016827 0.055288
0 0.611178 0.617188 0.018029 0.030048
0 0.722356 0.465745 0.019231 0.063702
0 0.628606 0.462740 0.028846 0.057692
0 0.058293 0.335337 0.022837 0.040865
0 0.014423 0.621394 0.019231 0.036058
0 0.352764 0.469351 0.015625 0.049279
0 0.323317 0.477764 0.026442 0.037260
0 0.123197 0.606971 0.027644 0.060096
0 0.640625 0.650841 0.026442 0.114183
0 0.912861 0.362981 0.025240 0.100962
0 0.382812 0.338942 0.020433 0.031250
0 0.448317 0.618990 0.016827 0.031250
0 0.815505 0.338942 0.022837 0.033654
0 0.358173 0.333534 0.021635 0.039663
0 0.278846 0.465144 0.024038 0.062500
0 0.257812 0.605168 0.025240 0.063702
0 0.409856 0.335938 0.026442 0.034856
0 0.554087 0.477163 0.019231 0.038462
0 0.176082 0.491587 0.015625 0.033654
0 0.893029 0.476562 0.024038 0.032452
0 0.598558 0.477764 0.024038 0.030048
0 0.765024 0.477764 0.015625 0.034856
0 0.864784 0.475962 0.020433 0.031250
0 0.676082 0.335337 0.020433 0.031250
0 0.348558 0.621394 0.019231 0.031250
0 0.669471 0.471154 0.021635 0.040865
0 0.530649 0.617788 0.027644 0.040865
0 0.390625 0.606370 0.021635 0.054087
0 0.742188 0.467548 0.020433 0.064904
0 0.176082 0.341346 0.018029 0.033654
0 0.197716 0.340144 0.020433 0.036058
0 0.689904 0.621394 0.021635 0.036058
0 0.150240 0.343750 0.021635 0.040865
0 0.418870 0.605769 0.015625 0.050481
0 0.919471 0.469952 0.021635 0.048077
0 0.574519 0.470553 0.014423 0.049279
0 0.307692 0.605769 0.019231 0.057692
0 0.201923 0.618389 0.031250 0.044471
0 0.236178 0.465144 0.013221 0.055288
0 0.388221 0.466947 0.019231 0.058894
0 0.446514 0.485577 0.025240 0.038462
0 0.368990 0.622596 0.019231 0.031250
0 0.237380 0.329327 0.010817 0.043269
0 0.016226 0.317308 0.022837 0.062500
0 0.652644 0.331130 0.019231 0.034856
0 0.839543 0.331130 0.020433 0.042067
0 0.787260 0.465144 0.016827 0.062500
0 0.593149 0.335337 0.025240 0.038462
0 0.036058 0.623197 0.016827 0.034856
0 0.174279 0.615986 0.019231 0.042067
0 0.055288 0.623197 0.019231 0.037260
0 0.219351 0.323317 0.018029 0.060096
0 0.152644 0.618389 0.019231 0.032452
0 0.959135 0.337139 0.021635 0.049279
0 0.789062 0.337139 0.020433 0.032452
0 0.815505 0.501202 0.020433 0.040865
0 0.329327 0.617188 0.016827 0.030048
0 0.256010 0.325721 0.024038 0.074519
0 0.843149 0.481971 0.015625 0.033654
0 0.370192 0.477764 0.016827 0.032452
0 0.875601 0.332332 0.018029 0.032452
0 0.498197 0.476562 0.015625 0.037260
0 0.975361 0.481370 0.034856 0.034856
0 0.096755 0.612380 0.015625 0.044471
0 0.942909 0.478365 0.022837 0.028846
0 0.037861 0.473558 0.018029 0.036058
0 0.281064 0.616941 0.029363 0.032921
0 0.435487 0.613630 0.010901 0.040024
0 0.899014 0.334201 0.022692 0.029772
0 0.863377 0.323582 0.015385 0.049062
0 0.040889 0.332740 0.012212 0.044423
