0 0.753606 0.563702 0.040865 0.072115
0 0.025841 0.418870 0.046875 0.068510
0 0.451322 0.424880 0.039663 0.049279
0 0.179688 0.437500 0.032452 0.043269
0 0.146034 0.423678 0.030048 0.070913
0 0.120192 0.579928 0.031250 0.030048
0 0.068510 0.435096 0.036058 0.043269
0 0.051683 0.559495 0.028846 0.066106
0 0.283053 0.572716 0.034856 0.044471
0 0.525240 0.435697 0.031250 0.037260
0 0.388221 0.429688 0.021635 0.054087
0 0.599760 0.582332 0.031250 0.037260
0 0.090144 0.580529 0.024038 0.033654
0 0.355168 0.435697 0.025240 0.034856
0 0.565505 0.582933 0.030048 0.033654
0 0.319712 0.436899 0.031250 0.034856
0 0.524038 0.578726 0.036058 0.049279
0 0.106971 0.423678 0.033654 0.073317
0 0.489183 0.435697 0.033654 0.030048
0 0.270433 0.433894 0.052885 0.043269
0 0.243990 0.566707 0.016827 0.049279
0 0.794471 0.573317 0.031250 0.036058
0 0.214543 0.564303 0.027644 0.063702
0 0.639423 0.583534 0.031250 0.037260
0 0.155649 0.566106 0.027644 0.074519
0 0.700120 0.584736 0.039663 0.039663
0 0.331130 0.575120 0.042067 0.046875
0 0.212740 0.421274 0.028846 0.056490
0 0.567308 0.424279 0.033654 0.072115
0 0.904447 0.578726 0.049279 0.042067
0 0.185096 0.561899 0.031250 0.063702
0 0.972356 0.577524 0.040865 0.049279
0 0.939303 0.564904 0.020433 0.062500
0 0.827530 0.578071 0.032680 0.035517
