0 0.402043 0.517428 0.034856 0.092548
0 0.039663 0.479567 0.045673 0.064904
0 0.567909 0.476562 0.034856 0.063702
0 0.239784 0.491587 0.032452 0.036058
0 0.320913 0.496394 0.031250 0.036058
0 0.471154 0.492788 0.033654 0.033654
0 0.774038 0.490385 0.019231 0.033654
0 0.439904 0.489784 0.024038 0.037260
0 0.082332 0.490986 0.030048 0.032452
0 0.111178 0.490986 0.022837 0.037260
0 0.870793 0.494591 0.032452 0.030048
0 0.906250 0.484375 0.026442 0.055288
0 0.280649 0.483173 0.034856 0.062500
0 0.799880 0.492188 0.027644 0.032452
0 0.602764 0.486779 0.022837 0.036058
0 0.834177 0.482602 0.033305 0.049219
0 0.702524 0.481971 0.022837 0.057692
0 0.170072 0.490986 0.046875 0.044471
0 0.938702 0.497596 0.028846 0.033654
0 0.746995 0.490986 0.020433 0.034856
0 0.728966 0.484375 0.010817 0.040865
0 0.207332 0.481971 0.015625 0.052885
0 0.625679 0.488720 0.023450 0.034459
0 0.375721 0.489189 0.032837 0.045757
