0 0.060096 0.372596 0.031250 0.125000
0 0.658053 0.489183 0.042067 0.048077
0 0.796875 0.353966 0.026442 0.102163
0 0.590745 0.351562 0.025240 0.034856
0 0.156250 0.474159 0.019231 0.066106
0 0.409856 0.639423 0.021635 0.043269
0 0.295072 0.647236 0.027644 0.102163
0 0.600361 0.475361 0.018029 0.066106
0 0.833534 0.488582 0.027644 0.049279
0 0.108173 0.639423 0.026442 0.038462
0 0.562500 0.340745 0.014423 0.054087
0 0.322115 0.335938 0.024038 0.068510
0 0.512019 0.488582 0.019231 0.037260
0 0.496394 0.354567 0.024038 0.033654
0 0.552284 0.488582 0.020433 0.039663
0 0.186298 0.637019 0.021635 0.033654
0 0.193510 0.340144 0.028846 0.064904
0 0.279411 0.491022 0.027716 0.046058
0 0.349159 0.488582 0.027644 0.046875
0 0.390625 0.624399 0.012019 0.051683
0 0.481370 0.632212 0.027644 0.040865
0 0.696514 0.490385 0.022837 0.038462
0 0.183894 0.519832 0.028846 0.097356
0 0.220553 0.354567 0.022837 0.038462
0 0.457933 0.482572 0.019231 0.054087
0 0.920673 0.381611 0.024038 0.092548
0 0.617188 0.348558 0.022837 0.043269
0 0.457332 0.637019 0.018029 0.038462
0 0.135817 0.623798 0.019231 0.064904
0 0.876172 0.358179 0.035998 0.042945
0 0.447115 0.352764 0.024038 0.037260
0 0.426082 0.508413 0.015625 0.045673
0 0.129808 0.478365 0.024038 0.067308
0 0.643029 0.352163 0.024038 0.036058
0 0.227764 0.488582 0.018029 0.044471
0 0.247596 0.355168 0.019231 0.039663
0 0.530649 0.482572 0.013221 0.058894
0 0.207332 0.622596 0.015625 0.057692
0 0.468750 0.354567 0.019231 0.038462
0 0.967548 0.357572 0.024038 0.044471
0 0.400240 0.341947 0.016827 0.058894
0 0.785457 0.489183 0.022837 0.040865
0 0.539062 0.347356 0.022837 0.043269
0 0.370192 0.618990 0.019231 0.072115
0 0.064904 0.481370 0.031250 0.068510
0 0.106370 0.495192 0.020433 0.040865
0 0.434495 0.637620 0.022837 0.042067
0 0.900228 0.347957 0.012043 0.051683
0 0.761418 0.338341 0.020433 0.054087
0 0.823317 0.340144 0.024038 0.069712
0 0.105168 0.335938 0.022837 0.070913
0 0.944111 0.350361 0.018029 0.037260
0 0.735577 0.354567 0.028846 0.033654
0 0.576779 0.474159 0.024038 0.075721
0 0.689904 0.361779 0.026442 0.057692
0 0.080529 0.635817 0.019231 0.045673
0 0.731971 0.489784 0.031250 0.042067
0 0.057091 0.620192 0.025240 0.072115
0 0.228966 0.647236 0.025240 0.056490
0 0.807692 0.493990 0.019231 0.040865
0 0.089543 0.484375 0.013221 0.055288
0 0.507212 0.650841 0.016827 0.022837
0 0.343149 0.617788 0.020433 0.074519
0 0.159856 0.632812 0.021635 0.032452
0 0.379207 0.342548 0.018029 0.060096
0 0.361178 0.356370 0.018029 0.037260
0 0.322115 0.632812 0.019231 0.044471
0 0.132212 0.338942 0.024038 0.072115
0 0.021635 0.349760 0.021635 0.024038
0 0.380409 0.489183 0.020433 0.048077
0 0.481971 0.496394 0.024038 0.045673
0 0.248798 0.477163 0.019231 0.072115
0 0.342548 0.347957 0.012019 0.044471
0 0.256611 0.635817 0.018029 0.028846
0 0.403846 0.488582 0.021635 0.049279
0 0.206436 0.489273 0.021791 0.036623
0 0.086472 0.348167 0.019820 0.042776
0 0.841244 0.356550 0.022031 0.035337
0 0.280457 0.636484 0.027548 0.038113
0 0.262536 0.476352 0.021058 0.067248
0 0.716190 0.359501 0.021370 0.036070
0 0.782055 0.334249 0.018438 0.052368
