0 0.359976 0.546875 0.037260 0.081731
0 0.699519 0.468149 0.028846 0.037260
0 0.435096 0.471755 0.055288 0.034856
0 0.465745 0.534255 0.046875 0.049279
0 0.685096 0.534856 0.033654 0.050481
0 0.542067 0.541466 0.031250 0.025240
0 0.650240 0.542668 0.028846 0.027644
0 0.508413 0.541466 0.028846 0.037260
0 0.732572 0.459135 0.032452 0.060096
0 0.315505 0.455529 0.032452 0.064904
0 0.642428 0.471755 0.025240 0.034856
0 0.280048 0.457332 0.033654 0.063702
0 0.546274 0.462139 0.032452 0.056490
0 0.584736 0.533053 0.025240 0.044471
0 0.381010 0.472356 0.036058 0.033654
0 0.668870 0.470553 0.022837 0.032452
0 0.503606 0.470553 0.045673 0.039663
0 0.610577 0.472957 0.028846 0.030048
0 0.322716 0.543269 0.034856 0.026442
0 0.285457 0.540865 0.034856 0.038462
0 0.424279 0.542668 0.033654 0.030048
0 0.611178 0.535457 0.018029 0.039663
0 0.346154 0.471154 0.028846 0.031250
0 0.387434 0.542284 0.034651 0.032740
0 0.583714 0.460799 0.032740 0.051791
