0 0.197716 0.493389 0.015625 0.034856
0 0.626803 0.489784 0.022837 0.039663
0 0.700721 0.481971 0.021635 0.060096
0 0.024038 0.503606 0.021635 0.115385
0 0.894231 0.495793 0.019231 0.039663
0 0.871394 0.492188 0.021635 0.042067
0 0.338341 0.521034 0.030048 0.094952
0 0.159255 0.495192 0.018029 0.033654
0 0.391827 0.494591 0.024038 0.032452
0 0.931490 0.478365 0.026442 0.067308
0 0.579327 0.493389 0.021635 0.032452
0 0.411058 0.486178 0.012019 0.046875
0 0.077524 0.493990 0.015625 0.033654
0 0.060697 0.489784 0.015625 0.037260
0 0.725962 0.481370 0.024038 0.063702
0 0.278245 0.487380 0.018029 0.049279
0 0.500186 0.493990 0.035685 0.033654
0 0.177885 0.494591 0.019231 0.032452
0 0.126202 0.482572 0.019231 0.063702
0 0.104808 0.497596 0.031731 0.031250
0 0.298678 0.502404 0.015625 0.026442
0 0.842548 0.481971 0.028846 0.069712
0 0.530649 0.496394 0.022837 0.033654
0 0.983173 0.477764 0.021635 0.054087
0 0.754808 0.475962 0.019231 0.040865
0 0.254706 0.495595 0.016623 0.028041
0 0.215505 0.497614 0.018029 0.034940
0 0.955529 0.477163 0.012019 0.072115
0 0.554688 0.483173 0.020433 0.052885
0 0.651749 0.474760 0.015036 0.060096
0 0.783053 0.484976 0.025240 0.051683
0 0.461526 0.482212 0.017957 0.060096
0 0.045000 0.491280 0.019183 0.037416
0 0.143888 0.493654 0.015156 0.030793
0 0.231400 0.484056 0.022031 0.058498
0 0.321046 0.497079 0.021322 0.029135
0 0.423840 0.494832 0.013257 0.031731
0 0.441016 0.478371 0.020132 0.059916
0 0.665541 0.488083 0.015865 0.031022
0 0.772788 0.479279 0.021178 0.059567
