0 0.923678 0.487380 0.049279 0.051683
0 0.753606 0.477764 0.043269 0.073317
0 0.853966 0.481370 0.039663 0.068510
0 0.793870 0.474159 0.037260 0.070913
0 0.969351 0.489213 0.039663 0.079820
0 0.033053 0.474760 0.025240 0.064904
0 0.588341 0.472356 0.032452 0.062500
0 0.322115 0.482572 0.031250 0.061298
0 0.165865 0.490986 0.026442 0.037260
0 0.243389 0.492188 0.025240 0.037260
0 0.055288 0.485577 0.014423 0.043269
0 0.221154 0.491587 0.019231 0.036058
0 0.462740 0.481971 0.045673 0.055288
0 0.536058 0.484976 0.055288 0.042067
0 0.112476 0.501911 0.024038 0.040865
0 0.073528 0.478834 0.024531 0.064904
0 0.194712 0.494591 0.031250 0.032452
0 0.138221 0.494591 0.026442 0.037260
0 0.278245 0.487981 0.030048 0.074519
0 0.090745 0.495661 0.021082 0.028894
0 0.258906 0.496845 0.027716 0.097103
0 0.819928 0.510264 0.016923 0.046394
