0 0.641226 0.487380 0.042067 0.063702
0 0.033053 0.482572 0.046875 0.078125
0 0.243389 0.481370 0.046875 0.066106
0 0.474760 0.474159 0.045673 0.082933
0 0.186298 0.486178 0.028846 0.032452
0 0.762620 0.474760 0.034856 0.057692
0 0.322115 0.527644 0.026442 0.055288
0 0.962139 0.513822 0.030048 0.061298
0 0.091346 0.523438 0.014423 0.042067
0 0.706731 0.482572 0.031250 0.025240
0 0.848558 0.487380 0.024038 0.018029
0 0.817308 0.515625 0.024038 0.028846
0 0.594351 0.486779 0.025240 0.026442
0 0.906851 0.509014 0.020433 0.037260
0 0.283053 0.525841 0.015625 0.044471
0 0.531250 0.516827 0.019231 0.033654
0 0.925541 0.506310 0.020192 0.049808
0 0.112981 0.531250 0.024038 0.036058
0 0.551683 0.520433 0.019231 0.026442
0 0.505685 0.516046 0.029495 0.053870
0 0.065577 0.520367 0.028269 0.044099
0 0.259525 0.524141 0.026382 0.046358
0 0.299856 0.537139 0.017332 0.036947
0 0.778407 0.506773 0.022368 0.034171
0 0.799549 0.509946 0.010757 0.036647
0 0.893972 0.481232 0.034002 0.045445
0 0.940126 0.521394 0.018498 0.025721
