0 0.405048 0.563101 0.050481 0.073317
0 0.900841 0.417067 0.051683 0.081731
0 0.099760 0.469351 0.045673 0.123798
0 0.147236 0.450721 0.039663 0.036058
0 0.689303 0.429688 0.054087 0.063702
0 0.296875 0.447716 0.038462 0.039663
0 0.237380 0.447115 0.042067 0.043269
0 0.738582 0.438101 0.037260 0.042067
0 0.603365 0.434495 0.036058 0.042067
0 0.564904 0.421875 0.040865 0.069712
0 0.740986 0.590144 0.044471 0.040865
0 0.334135 0.432692 0.024038 0.060096
0 0.703125 0.579928 0.031250 0.073317
0 0.522236 0.439904 0.030048 0.043269
0 0.193510 0.450120 0.033654 0.034856
0 0.655048 0.569111 0.043269 0.063702
0 0.847356 0.438702 0.033654 0.038462
0 0.640625 0.437500 0.038462 0.040865
0 0.780048 0.443510 0.043269 0.040865
0 0.319105 0.551028 0.075733 0.063810
0 0.444712 0.443510 0.038462 0.033654
0 0.497596 0.587139 0.033654 0.037260
0 0.409255 0.440505 0.030048 0.034856
0 0.611178 0.587139 0.032452 0.034856
0 0.539062 0.573317 0.037260 0.072115
0 0.574519 0.585337 0.026442 0.043269
0 0.834916 0.589195 0.114183 0.033654
0 0.366953 0.475523 0.050252 0.111575
0 0.447494 0.583588 0.037680 0.041743
