0 0.169471 0.505409 0.024038 0.068510
0 0.629207 0.513221 0.025240 0.052885
0 0.667067 0.485577 0.026442 0.031250
0 0.527043 0.525841 0.027644 0.051683
0 0.600962 0.508413 0.019231 0.045673
0 0.972957 0.487380 0.025240 0.037260
0 0.496394 0.502404 0.024038 0.057692
0 0.412260 0.516226 0.016827 0.034856
0 0.275841 0.506611 0.027644 0.058894
0 0.860577 0.490385 0.016827 0.038462
0 0.027644 0.495793 0.038462 0.085337
0 0.382212 0.506611 0.019231 0.054087
0 0.925481 0.504207 0.024038 0.068510
0 0.808894 0.507212 0.019231 0.052885
0 0.897236 0.506010 0.020433 0.057692
0 0.835337 0.529447 0.021635 0.042067
0 0.752404 0.490385 0.024038 0.043269
0 0.115986 0.491587 0.018029 0.043269
0 0.555288 0.486178 0.019231 0.046875
0 0.200120 0.516226 0.018029 0.039663
0 0.222356 0.483774 0.021635 0.042067
0 0.305288 0.533654 0.028846 0.057692
0 0.334135 0.496394 0.016827 0.043269
0 0.708534 0.503606 0.020433 0.057692
0 0.061899 0.496995 0.025240 0.066106
0 0.429688 0.482572 0.018029 0.046875
0 0.950120 0.483774 0.020433 0.039663
0 0.733413 0.516671 0.016250 0.036707
0 0.099591 0.516965 0.018846 0.042728
0 0.046196 0.498996 0.014075 0.098762
