0 0.793870 0.456731 0.034856 0.079327
0 0.457933 0.469952 0.024038 0.079327
0 0.507212 0.470553 0.036058 0.044471
0 0.242788 0.477163 0.024038 0.043269
0 0.024639 0.469952 0.025240 0.072115
0 0.427885 0.465144 0.021635 0.062500
0 0.969952 0.513822 0.045673 0.131010
0 0.754207 0.472356 0.022837 0.040865
0 0.831130 0.469952 0.025240 0.038462
0 0.080962 0.475956 0.025120 0.039435
0 0.194712 0.507812 0.028846 0.097356
0 0.569712 0.470553 0.019231 0.037260
0 0.347752 0.489904 0.032957 0.112428
0 0.538462 0.472957 0.021635 0.037260
0 0.617188 0.470553 0.015625 0.049279
0 0.370793 0.466947 0.015625 0.058894
0 0.701322 0.465745 0.025240 0.063702
0 0.406851 0.475962 0.018029 0.038462
0 0.859976 0.468149 0.022837 0.039663
0 0.593750 0.473558 0.019231 0.043269
0 0.057200 0.477927 0.026659 0.042392
0 0.156851 0.477163 0.018029 0.031250
0 0.108173 0.466346 0.024038 0.060096
0 0.385817 0.468750 0.012019 0.057692
0 0.655048 0.472957 0.016827 0.037260
0 0.676683 0.478365 0.021635 0.038462
0 0.289663 0.475962 0.019231 0.036058
0 0.269832 0.465144 0.020433 0.064904
0 0.730769 0.472356 0.024038 0.043269
0 0.637620 0.463341 0.013221 0.051683
0 0.134688 0.460445 0.023894 0.057308
0 0.888101 0.462416 0.032620 0.064832
0 0.179147 0.477770 0.025769 0.032849
0 0.328107 0.458822 0.027921 0.067861
0 0.911316 0.465913 0.017728 0.058005
0 0.928179 0.471496 0.021526 0.035805
0 0.952806 0.469423 0.026358 0.041563
