0 0.454928 0.581731 0.018029 0.031250
0 0.319712 0.446514 0.024038 0.027644
0 0.351562 0.570312 0.042067 0.063702
0 0.282452 0.432091 0.014423 0.046875
0 0.375601 0.446514 0.022837 0.025240
0 0.483173 0.426683 0.026442 0.060096
0 0.834135 0.433894 0.026442 0.055288
0 0.660457 0.436298 0.018029 0.048077
0 0.938101 0.430288 0.020433 0.055288
0 0.704928 0.447115 0.022837 0.033654
0 0.028245 0.565697 0.025240 0.064087
0 0.533053 0.424880 0.018029 0.058894
0 0.877404 0.445312 0.019231 0.030048
0 0.509615 0.432692 0.021635 0.055288
0 0.143029 0.568510 0.026442 0.067308
0 0.856370 0.444111 0.018029 0.034856
0 0.981971 0.436899 0.016827 0.046875
0 0.351562 0.445913 0.022837 0.026442
0 0.471046 0.570312 0.011803 0.054087
0 0.028846 0.423678 0.019231 0.061298
0 0.436298 0.570913 0.014423 0.050481
0 0.198918 0.579327 0.030048 0.045673
0 0.300481 0.438101 0.014423 0.039663
0 0.396184 0.575505 0.010541 0.054856
0 0.266827 0.581130 0.026442 0.046875
0 0.117788 0.580529 0.016827 0.040865
0 0.168870 0.579928 0.020433 0.044471
0 0.254207 0.444111 0.027644 0.032452
0 0.605769 0.442909 0.026442 0.034856
0 0.401442 0.433894 0.014423 0.048077
0 0.216947 0.443510 0.025240 0.026442
0 0.046707 0.435391 0.013221 0.044075
0 0.138822 0.462740 0.020433 0.076923
0 0.802284 0.443510 0.027644 0.036058
0 0.638822 0.445312 0.020433 0.022837
0 0.519832 0.585337 0.018029 0.031250
0 0.766827 0.458534 0.028846 0.092548
0 0.166466 0.441106 0.022837 0.031250
0 0.498197 0.582933 0.018029 0.036058
0 0.087139 0.441106 0.020433 0.036058
0 0.961538 0.445913 0.019231 0.028846
0 0.056028 0.563305 0.030325 0.078966
0 0.093149 0.570913 0.018029 0.067308
0 0.191106 0.442909 0.019231 0.027644
0 0.073918 0.583534 0.018029 0.042067
0 0.421082 0.582410 0.013606 0.029892
0 0.683293 0.440505 0.020433 0.034856
0 0.417668 0.441707 0.018029 0.030048
0 0.064309 0.444453 0.020805 0.026166
0 0.376581 0.587758 0.019147 0.030541
0 0.408107 0.575252 0.011863 0.051058
0 0.481569 0.570276 0.018329 0.056923
