0 0.234189 0.291430 0.035685 0.106442
0 0.428486 0.289663 0.032452 0.091346
0 0.478365 0.689303 0.043269 0.073317
0 0.648438 0.272837 0.054087 0.062500
0 0.938101 0.304688 0.025240 0.085337
0 0.295673 0.141226 0.026442 0.034856
0 0.123197 0.875601 0.030048 0.085337
0 0.492788 0.140625 0.024038 0.033654
0 0.561899 0.565505 0.030048 0.034856
0 0.473558 0.565505 0.038462 0.034856
0 0.196514 0.139423 0.025240 0.031250
0 0.329928 0.695312 0.022837 0.063702
0 0.197945 0.298173 0.042308 0.047885
0 0.313702 0.838341 0.031250 0.058894
0 0.418269 0.838942 0.031250 0.052885
0 0.582332 0.446514 0.025240 0.082933
0 0.968750 0.281250 0.028846 0.036058
0 0.215144 0.833534 0.028846 0.063702
0 0.745192 0.566106 0.028846 0.033654
0 0.647236 0.554087 0.027644 0.050481
0 0.721755 0.275240 0.022837 0.045673
0 0.604567 0.566106 0.033654 0.033654
0 0.432692 0.709135 0.028846 0.045673
0 0.148438 0.693510 0.025240 0.055288
0 0.332933 0.143029 0.033654 0.038462
0 0.257212 0.412260 0.019231 0.045673
0 0.525240 0.140024 0.036058 0.037260
0 0.387019 0.130409 0.036058 0.058894
0 0.338942 0.282452 0.021635 0.038462
0 0.293870 0.704928 0.027644 0.039663
0 0.521034 0.707933 0.027644 0.040865
0 0.782452 0.563101 0.036058 0.034856
0 0.436298 0.126202 0.031250 0.060096
0 0.281851 0.413462 0.020433 0.055288
0 0.146635 0.566707 0.026442 0.034856
0 0.194111 0.415865 0.018029 0.043269
0 0.591346 0.708534 0.031250 0.044471
0 0.138221 0.275240 0.031250 0.050481
0 0.165264 0.140625 0.025240 0.033654
0 0.181490 0.835938 0.019231 0.046875
0 0.909255 0.284856 0.025240 0.031250
0 0.484976 0.416466 0.030048 0.042067
0 0.218750 0.698317 0.021635 0.045673
0 0.414663 0.412861 0.033654 0.054087
0 0.081130 0.688101 0.042067 0.044471
0 0.408654 0.565505 0.028846 0.030048
0 0.381010 0.849760 0.031250 0.028846
0 0.881010 0.280048 0.024038 0.033654
0 0.686899 0.555288 0.027644 0.043269
0 0.811298 0.283053 0.031250 0.032452
0 0.072716 0.558894 0.034856 0.052885
0 0.572115 0.277043 0.026442 0.034856
0 0.529447 0.569712 0.025240 0.026442
0 0.292668 0.571514 0.051683 0.049279
0 0.347957 0.570312 0.022837 0.032452
0 0.551082 0.423678 0.027644 0.027644
0 0.850962 0.271635 0.019231 0.052885
0 0.251803 0.843149 0.030048 0.039663
0 0.366587 0.706731 0.028846 0.036058
0 0.347957 0.848558 0.025240 0.036058
0 0.252404 0.721154 0.038462 0.060096
0 0.454928 0.847356 0.027644 0.040865
0 0.246995 0.560697 0.025240 0.034856
0 0.104567 0.137620 0.016827 0.039663
0 0.367788 0.286659 0.024038 0.032452
0 0.436298 0.561298 0.021635 0.040865
0 0.316106 0.420673 0.026442 0.040865
0 0.149639 0.417668 0.015625 0.042067
0 0.400240 0.709135 0.026442 0.028846
0 0.154447 0.848558 0.025240 0.033654
0 0.503005 0.269832 0.027644 0.058894
0 0.227163 0.421274 0.024038 0.032452
0 0.267428 0.140625 0.022837 0.028846
0 0.123197 0.426082 0.027644 0.027644
0 0.175481 0.555889 0.019231 0.046875
0 0.381611 0.411058 0.030048 0.050481
0 0.171274 0.426683 0.020433 0.028846
0 0.074519 0.128005 0.031250 0.066106
0 0.210938 0.552284 0.030048 0.039663
0 0.716947 0.555288 0.018029 0.050481
0 0.231370 0.129808 0.034856 0.055288
0 0.114183 0.569712 0.024038 0.028846
0 0.131611 0.142428 0.025240 0.034856
0 0.777644 0.287861 0.024038 0.034856
0 0.400841 0.273438 0.018029 0.049279
0 0.379207 0.558894 0.020433 0.050481
0 0.464543 0.127404 0.020433 0.038462
0 0.183293 0.709736 0.030048 0.030048
0 0.015625 0.131010 0.021635 0.021635
0 0.074519 0.270433 0.045673 0.048077
0 0.554688 0.710337 0.027644 0.033654
0 0.746995 0.284255 0.018029 0.027644
0 0.290337 0.289062 0.024038 0.037260
0 0.462740 0.284856 0.033654 0.031250
0 0.518029 0.424279 0.019231 0.026442
0 0.025240 0.555889 0.026442 0.020433
0 0.169435 0.285222 0.022500 0.027079
0 0.259207 0.290643 0.027067 0.036550
0 0.442091 0.425463 0.017091 0.030204
0 0.687188 0.286569 0.032139 0.031046
