0 0.280048 0.182692 0.038462 0.072115
0 0.823918 0.295673 0.034856 0.084135
0 0.161058 0.855168 0.024038 0.063702
0 0.105168 0.734375 0.022837 0.026442
0 0.212620 0.633444 0.033654 0.082873
0 0.371394 0.175481 0.026442 0.048077
0 0.086538 0.182091 0.026442 0.030048
0 0.033654 0.493389 0.026442 0.049279
0 0.233774 0.394832 0.030048 0.042067
0 0.219351 0.178486 0.027644 0.037260
0 0.624399 0.620192 0.025240 0.024038
0 0.118389 0.619591 0.022837 0.027644
0 0.028846 0.747596 0.026442 0.084135
0 0.299279 0.082332 0.021635 0.025240
0 0.215745 0.281250 0.027644 0.048077
0 0.174279 0.947115 0.028846 0.074519
0 0.640625 0.089543 0.024038 0.068510
0 0.033053 0.829327 0.022837 0.052885
0 0.167668 0.182091 0.020433 0.027644
0 0.489784 0.851562 0.025240 0.051683
0 0.064904 0.293269 0.021635 0.028846
0 0.821514 0.823317 0.027644 0.045673
0 0.664062 0.072115 0.020433 0.033654
0 0.273438 0.622596 0.027644 0.024038
0 0.779447 0.070312 0.030048 0.078125
0 0.462139 0.609976 0.039663 0.049279
0 0.240986 0.621995 0.022837 0.027644
0 0.036094 0.060337 0.031322 0.064904
0 0.304087 0.621394 0.019231 0.026442
0 0.717548 0.833534 0.021635 0.032452
0 0.112380 0.293269 0.020433 0.024038
0 0.550481 0.950721 0.021635 0.031250
0 0.328125 0.726562 0.021635 0.027644
0 0.706130 0.727163 0.025240 0.038462
0 0.322716 0.081130 0.020433 0.027644
0 0.522236 0.504207 0.025240 0.054087
0 0.081130 0.837139 0.018029 0.030048
0 0.274038 0.100361 0.024038 0.075721
0 0.302284 0.830529 0.022837 0.045673
0 0.136418 0.513221 0.025240 0.028846
0 0.125000 0.950721 0.026442 0.026442
0 0.512019 0.062500 0.016827 0.045673
0 0.298678 0.510216 0.022837 0.030048
0 0.896034 0.838942 0.025240 0.036058
0 0.317308 0.393029 0.016827 0.043269
0 0.044471 0.398438 0.012019 0.039663
0 0.314904 0.950721 0.019231 0.033654
0 0.186899 0.835337 0.020433 0.040865
0 0.266304 0.290451 0.025397 0.020805
0 0.836538 0.090745 0.031250 0.068510
0 0.495192 0.745793 0.019231 0.058894
0 0.158053 0.622596 0.022837 0.024038
0 0.408654 0.183894 0.026442 0.026442
0 0.099760 0.394231 0.019231 0.040865
0 0.208534 0.507812 0.018029 0.030048
0 0.438702 0.829327 0.028846 0.052885
0 0.181490 0.515024 0.026442 0.027644
0 0.609375 0.719351 0.019231 0.037260
0 0.141827 0.840144 0.012019 0.033654
0 0.465144 0.840745 0.024038 0.025240
0 0.579327 0.063702 0.024038 0.043269
0 0.368990 0.072716 0.014423 0.032452
0 0.484928 0.511442 0.021683 0.027644
0 0.600361 0.284255 0.020433 0.042067
0 0.161659 0.721154 0.020433 0.040865
0 0.090475 0.520216 0.037849 0.084038
0 0.158654 0.508413 0.014423 0.036058
0 0.477764 0.060697 0.020433 0.042067
0 0.602764 0.838341 0.022837 0.025240
0 0.102764 0.948918 0.018029 0.027644
0 0.347957 0.722356 0.013221 0.038462
0 0.551082 0.515625 0.025240 0.036058
0 0.085337 0.720553 0.016827 0.044471
0 0.574519 0.608774 0.028846 0.054087
0 0.072716 0.612981 0.022837 0.050481
0 0.063702 0.948918 0.019231 0.027644
0 0.686899 0.831130 0.030048 0.039663
0 0.737380 0.072716 0.025240 0.027644
0 0.349159 0.509615 0.020433 0.028846
0 0.600361 0.619591 0.020433 0.025240
0 0.216346 0.728365 0.014423 0.036058
0 0.258413 0.722957 0.028846 0.044471
0 0.686899 0.073918 0.025240 0.032452
0 0.054688 0.725361 0.018029 0.034856
0 0.259014 0.828726 0.022837 0.037260
0 0.390024 0.947716 0.020433 0.025240
0 0.426683 0.296274 0.019231 0.025240
0 0.462740 0.506611 0.019231 0.039663
0 0.123798 0.834736 0.019231 0.044471
0 0.058293 0.835337 0.020433 0.036058
0 0.463341 0.720553 0.018029 0.039663
0 0.533654 0.292668 0.016827 0.025240
0 0.406250 0.295673 0.021635 0.024038
0 0.205529 0.400841 0.024038 0.032452
0 0.250601 0.072115 0.015625 0.038462
0 0.349159 0.838341 0.015625 0.037260
0 0.263221 0.400841 0.021635 0.027644
0 0.040264 0.176082 0.034856 0.037260
0 0.131611 0.719351 0.025240 0.044471
0 0.033053 0.936899 0.025240 0.051683
0 0.664663 0.308894 0.024038 0.055288
0 0.186376 0.396040 0.011863 0.039675
0 0.360577 0.394231 0.024038 0.040865
0 0.420072 0.064904 0.020433 0.048077
0 0.271635 0.509014 0.026442 0.025240
0 0.873197 0.072115 0.015625 0.033654
0 0.268630 0.944111 0.034856 0.049279
0 0.083534 0.951923 0.020433 0.026442
0 0.370192 0.841947 0.021635 0.027644
0 0.429087 0.501202 0.031250 0.050481
0 0.191106 0.184495 0.021635 0.025240
0 0.372596 0.727764 0.026442 0.025240
0 0.747596 0.838341 0.033654 0.027644
0 0.371394 0.512019 0.024038 0.026442
0 0.375601 0.290264 0.027644 0.042067
0 0.628606 0.841947 0.021635 0.027644
0 0.138822 0.617788 0.013221 0.038462
0 0.159255 0.290264 0.020433 0.027644
0 0.454327 0.946514 0.021635 0.025240
0 0.427284 0.948317 0.027644 0.021635
0 0.337139 0.401442 0.022837 0.028846
0 0.062446 0.402272 0.015252 0.028486
0 0.390625 0.075120 0.026442 0.022837
0 0.347356 0.626202 0.024038 0.024038
0 0.519832 0.727764 0.020433 0.025240
0 0.522837 0.835337 0.019231 0.040865
0 0.746394 0.285457 0.019231 0.034856
0 0.408053 0.618389 0.027644 0.025240
0 0.805276 0.064603 0.022933 0.046274
0 0.310487 0.168726 0.019675 0.050385
0 0.200120 0.944111 0.022837 0.044471
0 0.578726 0.294471 0.018029 0.026442
0 0.515625 0.293269 0.019231 0.024038
0 0.110577 0.077524 0.019231 0.025240
0 0.520433 0.620192 0.024038 0.024038
0 0.234375 0.732572 0.016827 0.022837
0 0.716346 0.291466 0.031250 0.049279
0 0.873215 0.272055 0.016983 0.037524
0 0.345553 0.180288 0.022837 0.026442
0 0.102764 0.841947 0.022837 0.027644
0 0.623702 0.294381 0.014688 0.021454
0 0.307662 0.293269 0.018930 0.024038
0 0.030649 0.289663 0.018029 0.031250
0 0.385817 0.400841 0.021635 0.025240
0 0.302314 0.405300 0.017175 0.025240
0 0.563245 0.296202 0.019663 0.027644
0 0.295673 0.944712 0.014423 0.036058
0 0.905048 0.066106 0.019231 0.040865
0 0.347957 0.077524 0.020433 0.022837
0 0.027043 0.406250 0.018029 0.024038
0 0.198918 0.731370 0.018029 0.027644
0 0.655048 0.611178 0.028846 0.042067
0 0.031232 0.612194 0.016406 0.045373
0 0.231971 0.827524 0.024038 0.037260
0 0.400240 0.730769 0.021635 0.024038
0 0.408053 0.403245 0.022837 0.022837
0 0.575721 0.838341 0.021635 0.027644
0 0.081130 0.077524 0.022837 0.025240
0 0.765625 0.289663 0.016827 0.026442
0 0.133654 0.075811 0.017692 0.027416
0 0.114784 0.183894 0.022837 0.026442
0 0.325571 0.613882 0.022007 0.034687
0 0.302885 0.729567 0.021635 0.028846
0 0.189886 0.077506 0.012272 0.024267
0 0.366587 0.950721 0.026442 0.024038
0 0.325120 0.512019 0.025240 0.028846
0 0.908912 0.290006 0.017344 0.027127
0 0.541466 0.730769 0.018029 0.019231
0 0.587740 0.947115 0.021635 0.031250
0 0.153666 0.075541 0.019014 0.026875
0 0.845030 0.836136 0.023401 0.026935
0 0.650240 0.730168 0.021635 0.025240
0 0.561298 0.728966 0.021635 0.025240
0 0.852764 0.288462 0.018029 0.028846
0 0.520433 0.938702 0.026442 0.045673
0 0.392428 0.846154 0.022837 0.026442
0 0.324519 0.841947 0.021635 0.027644
0 0.045673 0.289663 0.012019 0.033654
0 0.230769 0.510817 0.021635 0.021635
0 0.132812 0.283053 0.018029 0.042067
0 0.529447 0.076923 0.018029 0.024038
0 0.056490 0.512019 0.019231 0.028846
0 0.055938 0.075859 0.037933 0.088906
0 0.173852 0.075319 0.019123 0.025325
0 0.325679 0.171923 0.012296 0.036466
0 0.435517 0.182837 0.030120 0.028486
0 0.498041 0.060505 0.016370 0.045553
0 0.599916 0.073227 0.023317 0.029002
0 0.621448 0.072248 0.022608 0.030962
0 0.761761 0.075090 0.020998 0.026334
0 0.821370 0.074381 0.019928 0.024916
0 0.860517 0.070108 0.018510 0.040216
0 0.887302 0.071623 0.014772 0.023317
0 0.501593 0.270042 0.028089 0.042969
0 0.286388 0.294255 0.018401 0.023365
0 0.324814 0.294675 0.023353 0.022764
0 0.239724 0.293708 0.019495 0.024219
0 0.148131 0.280871 0.016382 0.044868
0 0.079579 0.394399 0.021803 0.043726
0 0.166148 0.399375 0.027849 0.030000
0 0.284339 0.401689 0.019856 0.023498
0 0.501989 0.512524 0.017031 0.026899
0 0.081617 0.513648 0.021478 0.027031
0 0.047746 0.625120 0.018305 0.021731
0 0.072806 0.728005 0.016502 0.029111
0 0.482254 0.726262 0.012224 0.034423
0 0.629994 0.715385 0.026575 0.056779
0 0.679069 0.721575 0.032007 0.048918
0 0.388474 0.619069 0.010841 0.038185
0 0.491160 0.618600 0.019099 0.029243
0 0.871929 0.835078 0.031502 0.043738
0 0.511388 0.839525 0.015252 0.033377
0 0.407578 0.946346 0.011887 0.035120
0 0.214549 0.954056 0.018450 0.022873
0 0.532572 0.946827 0.021442 0.028510
0 0.573756 0.944940 0.019748 0.045937
0 0.888173 0.285631 0.028630 0.034315
0 0.926406 0.286022 0.020000 0.032740
0 0.642837 0.293858 0.018726 0.018462
0 0.547368 0.293281 0.016490 0.026947
