0 0.366587 0.571514 0.062500 0.061298
0 0.367188 0.718750 0.073317 0.060096
0 0.334736 0.331731 0.046875 0.088942
0 0.259014 0.429688 0.054087 0.056490
0 0.360577 0.431490 0.043269 0.055288
0 0.558293 0.292067 0.044471 0.069712
0 0.591346 0.444111 0.033654 0.037260
0 0.215144 0.288462 0.108173 0.079327
0 0.550481 0.718149 0.038462 0.058894
0 0.456731 0.582933 0.024038 0.043269
0 0.618389 0.586538 0.042067 0.038462
0 0.602163 0.721154 0.036058 0.062500
0 0.242188 0.577524 0.046875 0.061298
0 0.629808 0.445312 0.036058 0.037260
0 0.676683 0.727163 0.033654 0.038462
0 0.235577 0.720553 0.040865 0.054087
0 0.462139 0.716947 0.030048 0.054087
0 0.502404 0.726562 0.038462 0.039663
0 0.611178 0.304087 0.039663 0.048077
0 0.763221 0.299279 0.038462 0.036058
0 0.711538 0.292668 0.040865 0.066106
0 0.530048 0.587740 0.040865 0.033654
0 0.816106 0.301082 0.050481 0.042067
0 0.486178 0.585938 0.034856 0.037260
0 0.578726 0.584736 0.032452 0.034856
0 0.405048 0.445312 0.038462 0.032452
0 0.387019 0.292067 0.031250 0.055288
0 0.419471 0.298077 0.019231 0.043269
0 0.643029 0.720553 0.026442 0.054087
0 0.448918 0.302885 0.027644 0.033654
0 0.661659 0.297476 0.030048 0.063702
0 0.442909 0.435697 0.022837 0.046875
0 0.492788 0.293269 0.043269 0.060096
0 0.183293 0.436298 0.039663 0.024038
0 0.465745 0.438702 0.018029 0.038462
0 0.507212 0.446514 0.036058 0.032452
0 0.545673 0.447115 0.038462 0.028846
0 0.276442 0.600361 0.021635 0.022837
0 0.718149 0.728365 0.039663 0.036058
0 0.179087 0.575721 0.033654 0.021635
0 0.270433 0.745192 0.024038 0.016827
0 0.170673 0.725361 0.036058 0.020433
0 0.413419 0.588155 0.040709 0.035060
0 0.418888 0.732338 0.035805 0.034675
0 0.292230 0.279814 0.062200 0.085565
