0 0.394231 0.484976 0.024038 0.037260
0 0.186298 0.640024 0.026442 0.032452
0 0.951322 0.517428 0.042067 0.092548
0 0.736779 0.377404 0.028846 0.098558
0 0.028245 0.623197 0.034856 0.063702
0 0.793870 0.350361 0.032452 0.039663
0 0.239784 0.639423 0.025240 0.036058
0 0.367788 0.474760 0.024038 0.062500
0 0.033654 0.484976 0.026442 0.056490
0 0.125601 0.621995 0.030048 0.063702
0 0.561298 0.340745 0.031250 0.078125
0 0.474159 0.348558 0.027644 0.040865
0 0.062500 0.629808 0.024038 0.045673
0 0.193510 0.493990 0.021635 0.036058
0 0.149038 0.484375 0.021635 0.052885
0 0.212139 0.626202 0.020433 0.067308
0 0.083534 0.352764 0.025240 0.042067
0 0.677284 0.349159 0.030048 0.044471
0 0.200721 0.354567 0.028846 0.038462
0 0.419471 0.472957 0.026442 0.068510
0 0.814303 0.478365 0.030048 0.057692
0 0.986178 0.350962 0.020433 0.036058
0 0.291466 0.477764 0.027644 0.061298
0 0.400841 0.349760 0.027644 0.038462
0 0.302284 0.631611 0.022837 0.046875
0 0.445312 0.349760 0.025240 0.038462
0 0.270433 0.334135 0.021635 0.055288
0 0.339543 0.489784 0.022837 0.039663
0 0.712740 0.493389 0.040865 0.056490
0 0.120192 0.481971 0.024038 0.060096
0 0.373798 0.348558 0.021635 0.040865
0 0.783654 0.490986 0.028846 0.037260
0 0.867188 0.492788 0.027644 0.038462
0 0.592548 0.355168 0.028846 0.049279
0 0.223558 0.490385 0.026442 0.040865
0 0.090144 0.491587 0.024038 0.036058
0 0.955529 0.350361 0.033654 0.034856
0 0.297476 0.331731 0.025240 0.062500
0 0.522236 0.494591 0.027644 0.032452
0 0.900841 0.490385 0.022837 0.036058
0 0.170072 0.350962 0.022837 0.040865
0 0.643029 0.491587 0.033654 0.036058
0 0.062500 0.496394 0.024038 0.033654
0 0.840745 0.489784 0.022837 0.037260
0 0.851562 0.341346 0.015625 0.052885
0 0.603365 0.483173 0.040865 0.057692
0 0.274038 0.632812 0.026442 0.042067
0 0.351562 0.352163 0.020433 0.036058
0 0.509615 0.343750 0.031250 0.050481
0 0.087139 0.631010 0.020433 0.045673
0 0.924880 0.350962 0.018029 0.031250
0 0.035457 0.338341 0.025240 0.068510
0 0.491587 0.478365 0.019231 0.048077
0 0.140625 0.344952 0.033654 0.055288
0 0.447115 0.481370 0.028846 0.073317
0 0.328125 0.349760 0.026442 0.036058
0 0.061298 0.349760 0.014423 0.043269
0 0.621394 0.347356 0.024038 0.050481
0 0.648438 0.343750 0.022837 0.040865
0 0.873798 0.355168 0.024038 0.032452
0 0.751202 0.489183 0.026442 0.043269
0 0.762620 0.346755 0.020433 0.044471
0 0.901442 0.351562 0.019231 0.042067
0 0.171875 0.486779 0.014423 0.043269
0 0.324519 0.647236 0.016827 0.022837
0 0.154447 0.635817 0.025240 0.026442
0 0.824519 0.349159 0.019231 0.042067
0 0.320312 0.487266 0.027428 0.044171
0 0.931611 0.490523 0.029567 0.039772
