0 0.304087 0.486178 0.024038 0.066106
0 0.707332 0.542067 0.032452 0.033654
0 0.259615 0.466947 0.024038 0.037260
0 0.746995 0.561298 0.039663 0.069712
0 0.507812 0.469351 0.030048 0.027644
0 0.283053 0.465144 0.015625 0.040865
0 0.407452 0.467548 0.028846 0.033654
0 0.666466 0.528846 0.020433 0.045673
0 0.462740 0.540264 0.026442 0.032452
0 0.329327 0.470553 0.024038 0.030048
0 0.493389 0.532452 0.027644 0.045673
0 0.475962 0.462139 0.026442 0.042067
0 0.391226 0.527644 0.046875 0.052885
0 0.535457 0.470553 0.025240 0.027644
0 0.525240 0.534255 0.024038 0.034856
0 0.635300 0.528353 0.030048 0.048077
0 0.551683 0.540264 0.026442 0.032452
0 0.582314 0.541544 0.025685 0.029651
0 0.441707 0.469351 0.030048 0.030048
0 0.355168 0.462139 0.025240 0.042067
0 0.432692 0.535457 0.026442 0.039663
0 0.610421 0.543810 0.029063 0.029063
