0 0.448918 0.505409 0.027644 0.034856
0 0.056490 0.495192 0.043269 0.067308
0 0.847957 0.495793 0.051683 0.054087
0 0.567308 0.503606 0.031250 0.040865
0 0.528245 0.489784 0.030048 0.070913
0 0.899639 0.503606 0.034856 0.043269
0 0.738582 0.487981 0.044471 0.060096
0 0.387620 0.495793 0.039663 0.063702
0 0.688702 0.491587 0.048077 0.067308
0 0.792668 0.505409 0.049279 0.032452
0 0.233774 0.496394 0.044471 0.057692
0 0.477163 0.495793 0.021635 0.056490
0 0.611178 0.502404 0.044471 0.040865
0 0.097356 0.504808 0.031250 0.033654
0 0.314904 0.495192 0.026442 0.062500
0 0.419471 0.500601 0.019231 0.056490
0 0.939303 0.506611 0.034856 0.037260
0 0.286058 0.500000 0.031250 0.055288
0 0.497596 0.512019 0.019231 0.036058
0 0.131611 0.507212 0.032452 0.028846
0 0.347957 0.509615 0.039663 0.033654
