0 0.406851 0.583534 0.042067 0.037260
0 0.415865 0.448317 0.024038 0.038462
0 0.143630 0.482572 0.027644 0.109375
0 0.091947 0.438702 0.025240 0.050481
0 0.064303 0.439904 0.027644 0.040865
0 0.258413 0.469351 0.028846 0.092548
0 0.319111 0.582332 0.020433 0.037260
0 0.540865 0.456130 0.024038 0.080529
0 0.445913 0.579928 0.024038 0.042067
0 0.289663 0.428486 0.021635 0.063702
0 0.971154 0.462139 0.024038 0.078125
0 0.263822 0.567308 0.025240 0.052885
0 0.629207 0.435697 0.018029 0.046875
0 0.445913 0.432692 0.021635 0.055288
0 0.707933 0.447716 0.026442 0.042067
0 0.024038 0.423678 0.028846 0.075721
0 0.385817 0.421875 0.026442 0.060096
0 0.777043 0.432091 0.027644 0.051683
0 0.236178 0.564904 0.022837 0.052885
0 0.931490 0.438101 0.019231 0.034856
0 0.361178 0.566106 0.020433 0.052885
0 0.828726 0.447115 0.025240 0.086538
0 0.298077 0.579327 0.014423 0.040865
0 0.737380 0.444111 0.020433 0.027644
0 0.908654 0.444111 0.019231 0.030048
0 0.318510 0.439904 0.026442 0.038462
0 0.170673 0.579928 0.026442 0.030048
0 0.887620 0.439303 0.018029 0.032452
0 0.045673 0.566707 0.016827 0.056490
0 0.351562 0.439303 0.025240 0.034856
0 0.143630 0.578726 0.013221 0.044471
0 0.097957 0.572716 0.030048 0.056490
0 0.495793 0.436298 0.015625 0.043269
0 0.680288 0.439904 0.024038 0.031250
0 0.469351 0.594351 0.015625 0.020433
0 0.653245 0.439904 0.020433 0.028846
0 0.064904 0.577524 0.012019 0.037260
0 0.514423 0.443510 0.019231 0.031250
0 0.478317 0.466130 0.021635 0.072716
0 0.376514 0.574087 0.018606 0.041731
0 0.238600 0.426671 0.031911 0.062139
0 0.120487 0.443185 0.026310 0.041418
0 0.024483 0.569411 0.025745 0.053173
0 0.084069 0.571532 0.014627 0.054387
0 0.462620 0.431845 0.020264 0.056022
0 0.811064 0.443990 0.019267 0.026202
0 0.953834 0.440715 0.020769 0.025637
0 0.764405 0.450481 0.019147 0.027837
