0 0.881010 0.530048 0.036058 0.105769
0 0.220583 0.537843 0.042127 0.135709
0 0.358774 0.493389 0.025240 0.046875
0 0.447115 0.486178 0.033654 0.063702
0 0.064303 0.489784 0.020433 0.042067
0 0.670673 0.475361 0.036058 0.082933
0 0.775841 0.485577 0.027644 0.055288
0 0.128005 0.495793 0.025240 0.044471
0 0.089543 0.491587 0.027644 0.052885
0 0.971755 0.497596 0.030048 0.043269
0 0.593750 0.490385 0.021635 0.040865
0 0.385817 0.496394 0.026442 0.043269
0 0.301683 0.484976 0.024038 0.061298
0 0.640024 0.492188 0.022837 0.037260
0 0.833762 0.483173 0.032909 0.067308
0 0.559495 0.495192 0.022837 0.038462
0 0.484375 0.495793 0.024038 0.039663
0 0.617788 0.478365 0.016827 0.069712
0 0.161058 0.497596 0.026442 0.043269
0 0.913462 0.496995 0.024038 0.042067
0 0.534856 0.492788 0.021635 0.045673
0 0.751803 0.493990 0.018029 0.036058
0 0.510817 0.481971 0.024038 0.069712
0 0.271635 0.470553 0.036058 0.102163
0 0.024639 0.482572 0.032452 0.063702
0 0.728365 0.493990 0.021635 0.040865
0 0.942308 0.497596 0.021635 0.038462
0 0.037837 0.490174 0.026851 0.037440
0 0.197194 0.495475 0.031286 0.044579
0 0.858245 0.482734 0.021538 0.057272
