0 0.814904 0.503005 0.031250 0.066106
0 0.649639 0.501803 0.030048 0.061298
0 0.221755 0.504808 0.027644 0.055288
0 0.504808 0.505409 0.028846 0.058894
0 0.774639 0.507812 0.030048 0.061298
0 0.365986 0.507212 0.030048 0.060096
0 0.263221 0.515024 0.021635 0.034856
0 0.683894 0.528846 0.028846 0.055288
0 0.399639 0.530048 0.030048 0.043269
0 0.952524 0.521034 0.018029 0.034856
0 0.972957 0.491587 0.020433 0.038462
0 0.559495 0.496394 0.030048 0.036058
0 0.715144 0.497596 0.024038 0.048077
0 0.438101 0.487380 0.022837 0.034856
0 0.039663 0.512620 0.024038 0.039663
0 0.087740 0.506010 0.033654 0.060096
0 0.533654 0.521034 0.021635 0.039663
0 0.286058 0.486779 0.021635 0.040865
0 0.920072 0.502404 0.025240 0.069712
0 0.854567 0.481971 0.028846 0.040865
0 0.153846 0.490385 0.024038 0.031250
0 0.133413 0.518630 0.016827 0.030048
0 0.058600 0.496833 0.019603 0.080661
