0 0.440505 0.566707 0.037260 0.090144
0 0.150240 0.415264 0.043269 0.066106
0 0.087740 0.444712 0.040865 0.108173
0 0.273438 0.545072 0.049279 0.056490
0 0.878005 0.390024 0.030048 0.073317
0 0.294471 0.621995 0.031250 0.042067
0 0.429087 0.408654 0.026442 0.033654
0 0.489183 0.394832 0.033654 0.061298
0 0.040264 0.392428 0.032452 0.066106
0 0.318510 0.407452 0.028846 0.040865
0 0.781250 0.539663 0.033654 0.062500
0 0.196514 0.406250 0.034856 0.043269
0 0.277043 0.397837 0.034856 0.055288
0 0.822115 0.551082 0.033654 0.032452
0 0.963341 0.409255 0.046875 0.044471
0 0.666466 0.408654 0.051683 0.048077
0 0.236779 0.394231 0.026442 0.055288
0 0.317308 0.549279 0.028846 0.038462
0 0.262019 0.618990 0.026442 0.045673
0 0.854567 0.544471 0.016827 0.048077
0 0.616587 0.388221 0.036058 0.074519
0 0.474760 0.547476 0.026442 0.034856
0 0.834135 0.407452 0.031250 0.040865
0 0.620793 0.540264 0.030048 0.056490
0 0.717548 0.421875 0.050481 0.064904
0 0.912861 0.405048 0.022837 0.052885
0 0.668870 0.546875 0.018029 0.040865
0 0.336538 0.616587 0.050481 0.064904
0 0.039663 0.540264 0.048077 0.075721
0 0.804688 0.407452 0.025240 0.038462
0 0.362380 0.396034 0.025240 0.054087
0 0.457332 0.408654 0.025240 0.033654
0 0.209135 0.610577 0.024038 0.062500
0 0.144231 0.549279 0.031250 0.045673
0 0.396034 0.400841 0.020433 0.042067
0 0.572716 0.544471 0.018029 0.045673
0 0.881611 0.536058 0.030048 0.060096
0 0.692909 0.554087 0.025240 0.033654
0 0.353365 0.554087 0.031250 0.033654
0 0.545072 0.536659 0.027644 0.056490
0 0.144832 0.616587 0.051683 0.060096
0 0.731971 0.541466 0.045673 0.056490
0 0.766827 0.400240 0.031250 0.043269
0 0.593149 0.551082 0.020433 0.032452
0 0.530048 0.400841 0.031250 0.037260
0 0.209135 0.546274 0.043269 0.054087
0 0.077524 0.547476 0.027644 0.042067
0 0.517428 0.548678 0.020433 0.032452
0 0.174880 0.535457 0.022837 0.070913
0 0.995192 0.549880 0.012019 0.044471
0 0.180288 0.614784 0.019231 0.044471
0 0.108744 0.574171 0.041382 0.096971
0 0.238203 0.612115 0.028690 0.074880
0 0.494105 0.549778 0.021454 0.035060
0 0.644399 0.540096 0.019615 0.049183
