0 0.169471 0.522236 0.028846 0.030048
0 0.485577 0.507812 0.036058 0.054087
0 0.841947 0.512019 0.015625 0.050481
0 0.523438 0.505409 0.020433 0.049279
0 0.716346 0.516827 0.033654 0.033654
0 0.379808 0.516827 0.028846 0.036058
0 0.305288 0.507812 0.043269 0.056490
0 0.207933 0.522837 0.024038 0.028846
0 0.608774 0.516827 0.056490 0.033654
0 0.670072 0.518029 0.056490 0.038462
0 0.813702 0.516226 0.031250 0.030048
0 0.870793 0.519832 0.034856 0.032452
0 0.558894 0.517428 0.028846 0.030048
0 0.347356 0.515625 0.036058 0.038462
0 0.752404 0.516226 0.036058 0.030048
0 0.133413 0.503606 0.043269 0.064904
