0 0.432091 0.448918 0.046875 0.046875
0 0.457933 0.543870 0.028846 0.068510
0 0.563101 0.524639 0.034856 0.039663
0 0.490986 0.525240 0.027644 0.028846
0 0.601562 0.525841 0.030048 0.034856
0 0.637019 0.527644 0.036058 0.038462
0 0.527644 0.528245 0.028846 0.027644
0 0.385817 0.450120 0.033654 0.032452
0 0.489183 0.454327 0.033654 0.026442
0 0.528846 0.453125 0.038462 0.028846
0 0.340144 0.444111 0.033654 0.042067
0 0.405048 0.516827 0.033654 0.048077
0 0.579928 0.462139 0.049279 0.056490
0 0.430889 0.519832 0.015625 0.039663
0 0.358407 0.538023 0.062800 0.072175
