0 0.418870 0.559495 0.046875 0.104567
0 0.296875 0.406250 0.045673 0.069712
0 0.739183 0.584135 0.045673 0.103365
0 0.648438 0.412260 0.030048 0.040865
0 0.605769 0.413462 0.043269 0.038462
0 0.294471 0.547476 0.036058 0.037260
0 0.687500 0.410457 0.028846 0.044471
0 0.674279 0.554688 0.055288 0.042067
0 0.565505 0.551683 0.039663 0.043269
0 0.733774 0.412861 0.042067 0.046875
0 0.616587 0.554087 0.048077 0.038462
0 0.340144 0.417668 0.031250 0.032452
0 0.337139 0.555288 0.039663 0.031250
0 0.385216 0.415264 0.032452 0.032452
0 0.382212 0.545673 0.024038 0.048077
0 0.542560 0.409255 0.068293 0.042067
0 0.500601 0.548077 0.027644 0.052885
0 0.475841 0.541148 0.048774 0.071310
0 0.231370 0.413462 0.030048 0.024038
0 0.773438 0.412861 0.037260 0.034856
0 0.450721 0.411659 0.067308 0.037260
