0 0.317909 0.526442 0.051683 0.072115
0 0.454928 0.531250 0.054087 0.062500
0 0.594351 0.679688 0.051683 0.070913
0 0.654447 0.533654 0.054087 0.064904
0 0.322115 0.380409 0.043269 0.066106
0 0.521635 0.246394 0.057692 0.060096
0 0.529447 0.676683 0.051683 0.060096
0 0.668269 0.387620 0.045673 0.068510
0 0.600361 0.388822 0.063702 0.054087
0 0.597356 0.533654 0.048077 0.048077
0 0.590144 0.253606 0.052885 0.057692
0 0.462740 0.677284 0.052885 0.061298
0 0.453726 0.239183 0.037260 0.057692
0 0.457933 0.386418 0.045673 0.066106
0 0.394231 0.389423 0.040865 0.021635
0 0.532452 0.381010 0.031250 0.021635
0 0.449519 0.308894 0.024038 0.057692
0 0.451923 0.596755 0.021635 0.051683
0 0.378005 0.536659 0.039663 0.022837
0 0.535457 0.530048 0.034856 0.024038
0 0.674880 0.257212 0.022837 0.021635
