0 0.739183 0.466346 0.040865 0.100962
0 0.944111 0.452524 0.037260 0.109375
0 0.512620 0.451923 0.025240 0.072115
0 0.197115 0.430288 0.028846 0.052885
0 0.487981 0.428486 0.014423 0.049279
0 0.681490 0.432091 0.028846 0.037260
0 0.437500 0.432091 0.024038 0.039663
0 0.540264 0.429688 0.020433 0.037260
0 0.280649 0.425481 0.015625 0.057692
0 0.566106 0.436899 0.024038 0.032452
0 0.245192 0.433293 0.024038 0.039663
0 0.048678 0.421875 0.022837 0.064904
0 0.407452 0.418269 0.028846 0.064904
0 0.211538 0.560697 0.028846 0.070913
0 0.310096 0.438101 0.033654 0.049279
0 0.073317 0.435096 0.021635 0.036058
0 0.376803 0.429688 0.030048 0.046875
0 0.144231 0.438702 0.026442 0.040865
0 0.349159 0.574519 0.032452 0.040865
0 0.106370 0.577524 0.022837 0.044471
0 0.235577 0.569111 0.014423 0.054087
0 0.143029 0.578125 0.038462 0.040865
0 0.074519 0.578726 0.028846 0.039663
0 0.221755 0.430889 0.015625 0.049279
0 0.042067 0.578125 0.024038 0.038462
0 0.259014 0.566106 0.018029 0.060096
0 0.815505 0.433894 0.022837 0.036058
0 0.605769 0.420072 0.033654 0.061298
0 0.283053 0.567308 0.030048 0.057692
0 0.317909 0.575721 0.025240 0.040865
0 0.975361 0.430288 0.020433 0.024038
0 0.022837 0.421875 0.024038 0.057692
0 0.016226 0.558293 0.022837 0.068510
0 0.790865 0.420673 0.026442 0.052885
0 0.843149 0.435697 0.022837 0.032452
0 0.635769 0.422560 0.035000 0.063702
0 0.914970 0.422734 0.015421 0.057440
0 0.462740 0.435697 0.024038 0.030048
0 0.867188 0.435096 0.025240 0.031250
0 0.098558 0.456130 0.028846 0.118990
0 0.996995 0.431490 0.010817 0.028846
0 0.112218 0.463888 0.030661 0.124868
0 0.656418 0.433221 0.018846 0.037692
0 0.718299 0.435439 0.033257 0.038425
0 0.885475 0.437470 0.016623 0.023281
0 0.931280 0.433594 0.020325 0.033990
0 0.901665 0.432897 0.012800 0.029231
