0 0.039663 0.456130 0.043269 0.068510
0 0.194712 0.463942 0.040865 0.067308
0 0.414062 0.453726 0.044471 0.075721
0 0.885817 0.533654 0.026442 0.050481
0 0.503606 0.530649 0.043269 0.058894
0 0.408053 0.546274 0.039663 0.044471
0 0.233173 0.430889 0.026442 0.039663
0 0.719952 0.472356 0.033654 0.038462
0 0.912260 0.459135 0.033654 0.055288
0 0.853966 0.540865 0.020433 0.057692
0 0.085337 0.459135 0.028846 0.026442
0 0.873197 0.458534 0.027644 0.058894
0 0.685096 0.458534 0.036058 0.058894
0 0.829327 0.542067 0.026442 0.043269
0 0.289663 0.471755 0.028846 0.049279
0 0.959195 0.534411 0.013750 0.057139
0 0.593750 0.490385 0.021635 0.031250
0 0.839543 0.468750 0.030048 0.040865
0 0.940505 0.469351 0.022837 0.034856
0 0.963341 0.463942 0.020433 0.067308
0 0.458534 0.538462 0.022837 0.021635
0 0.459135 0.457933 0.019231 0.026442
0 0.507212 0.459135 0.043269 0.064904
0 0.909333 0.545493 0.027752 0.038582
0 0.936839 0.539663 0.029880 0.056490
0 0.897722 0.492861 0.173017 0.021490
0 0.451418 0.490793 0.139087 0.021106
