0 0.583534 0.492188 0.044471 0.063702
0 0.090745 0.501803 0.034856 0.054087
0 0.721755 0.503005 0.027644 0.034856
0 0.131010 0.505409 0.031250 0.032452
0 0.662861 0.504207 0.025240 0.037260
0 0.847356 0.504808 0.043269 0.105769
0 0.323317 0.504808 0.038462 0.040865
0 0.918269 0.505409 0.031250 0.030048
0 0.456130 0.504808 0.030048 0.036058
0 0.783654 0.490385 0.028846 0.057692
0 0.278245 0.504808 0.032452 0.033654
0 0.630409 0.504808 0.022837 0.036058
0 0.755409 0.503606 0.020433 0.036058
0 0.159856 0.504207 0.024038 0.034856
0 0.185096 0.492788 0.026442 0.057692
0 0.491587 0.507212 0.033654 0.031250
0 0.418744 0.502362 0.046502 0.046695
0 0.693510 0.493990 0.019231 0.055288
0 0.961172 0.505769 0.052512 0.031466
0 0.046466 0.491532 0.051731 0.087440
0 0.211893 0.507067 0.032296 0.045865
0 0.240577 0.496563 0.022356 0.060817
0 0.259050 0.496935 0.027644 0.062067
0 0.873582 0.503936 0.030264 0.038209
0 0.819736 0.505481 0.020000 0.037692
