0 0.852764 0.445312 0.046875 0.056490
0 0.896635 0.437500 0.036058 0.060096
0 0.020433 0.484976 0.031250 0.126202
0 0.642428 0.456130 0.025240 0.039663
0 0.970553 0.449519 0.034856 0.057692
0 0.393029 0.463341 0.031250 0.051683
0 0.737981 0.451923 0.021635 0.031250
0 0.070114 0.498143 0.029483 0.112969
0 0.763221 0.444111 0.028846 0.063702
0 0.701322 0.452524 0.027644 0.049279
0 0.521034 0.457332 0.039663 0.032452
0 0.335938 0.450120 0.015625 0.042067
0 0.938101 0.446514 0.027644 0.063702
0 0.193510 0.456731 0.021635 0.031250
0 0.100962 0.460337 0.024038 0.036058
0 0.313101 0.453125 0.020433 0.045673
0 0.611178 0.445913 0.034856 0.069712
0 0.271635 0.452524 0.019231 0.042067
0 0.481971 0.450721 0.019231 0.050481
0 0.673678 0.451923 0.022837 0.048077
0 0.170673 0.456731 0.024038 0.031250
0 0.355769 0.458534 0.021635 0.042067
0 0.239784 0.463942 0.025240 0.033654
0 0.135817 0.459135 0.033654 0.028846
0 0.289062 0.457933 0.015625 0.031250
0 0.224135 0.459760 0.021923 0.037692
0 0.051112 0.462103 0.025613 0.032019
