0 0.289062 0.478365 0.039663 0.084135
0 0.401442 0.544471 0.019231 0.057692
0 0.513822 0.484375 0.044471 0.028846
0 0.597356 0.482572 0.038462 0.066106
0 0.674880 0.525841 0.022837 0.032452
0 0.712740 0.525841 0.045673 0.034856
0 0.452524 0.527644 0.042067 0.033654
0 0.420072 0.527043 0.015625 0.034856
0 0.333534 0.531250 0.027644 0.024038
0 0.378606 0.530048 0.019231 0.026442
0 0.650240 0.521034 0.024038 0.039663
0 0.620084 0.522626 0.022909 0.035709
0 0.355805 0.532236 0.023894 0.026851
0 0.306550 0.527800 0.026346 0.030793
