0 0.332933 0.643630 0.050481 0.061298
0 0.069712 0.441106 0.050481 0.112981
0 0.316707 0.225361 0.054087 0.044471
0 0.047476 0.228365 0.044471 0.098558
0 0.487981 0.445312 0.045673 0.042067
0 0.624399 0.655649 0.042067 0.042067
0 0.722957 0.495793 0.049279 0.042067
0 0.715745 0.796875 0.039663 0.050481
0 0.427885 0.198317 0.036058 0.043269
0 0.579327 0.781250 0.038462 0.062500
0 0.065505 0.650841 0.039663 0.097356
0 0.222356 0.220553 0.045673 0.022837
0 0.583534 0.292067 0.046875 0.040865
0 0.570913 0.641827 0.033654 0.067308
0 0.799880 0.651442 0.037260 0.036058
0 0.201923 0.417668 0.024038 0.054087
0 0.868389 0.679087 0.054087 0.024038
0 0.437500 0.431490 0.036058 0.060096
0 0.661058 0.438702 0.038462 0.038462
0 0.260216 0.429688 0.030048 0.032452
0 0.547476 0.438702 0.039663 0.043269
0 0.135817 0.427284 0.031250 0.063702
0 0.381611 0.224159 0.046875 0.049279
0 0.715144 0.624399 0.031250 0.042067
0 0.089543 0.213942 0.027644 0.062500
0 0.351562 0.796875 0.042067 0.052885
0 0.367188 0.435697 0.030048 0.020433
0 0.868389 0.638221 0.037260 0.057692
0 0.168870 0.663462 0.030048 0.043269
0 0.650240 0.221755 0.036058 0.044471
0 0.923077 0.784255 0.036058 0.054087
0 0.433293 0.784856 0.032452 0.033654
0 0.132212 0.643630 0.031250 0.073317
0 0.589543 0.209736 0.046875 0.061298
0 0.157452 0.213341 0.024038 0.063702
0 0.169471 0.438101 0.026442 0.039663
0 0.731370 0.410457 0.042067 0.061298
0 0.401442 0.647236 0.033654 0.030048
0 0.871394 0.722356 0.048077 0.045673
0 0.675481 0.655048 0.031250 0.038462
0 0.792067 0.790865 0.040865 0.031250
0 0.509615 0.787260 0.036058 0.021635
0 0.505409 0.640625 0.022837 0.021635
0 0.181490 0.215144 0.021635 0.028846
0 0.871995 0.789663 0.034856 0.036058
0 0.120793 0.227163 0.034856 0.038462
0 0.591947 0.411659 0.030048 0.039663
0 0.500601 0.215745 0.044471 0.042067
0 0.208534 0.640625 0.020433 0.064904
0 0.262019 0.655048 0.028846 0.031250
0 0.097957 0.622596 0.015625 0.028846
0 0.585337 0.254207 0.052885 0.020433
0 0.111178 0.407452 0.015625 0.031250
0 0.725361 0.459135 0.054087 0.019231
