0 0.454327 0.102163 0.028846 0.112981
0 0.181490 0.637620 0.036058 0.094952
0 0.404447 0.343750 0.030048 0.060096
0 0.388822 0.773438 0.022837 0.037260
0 0.030048 0.199519 0.031250 0.067308
0 0.049880 0.338942 0.027644 0.079327
0 0.532452 0.352764 0.019231 0.039663
0 0.570913 0.066106 0.021635 0.045673
0 0.987981 0.774639 0.016827 0.034856
0 0.609976 0.485577 0.013221 0.050481
0 0.372596 0.207933 0.024038 0.048077
0 0.744591 0.205529 0.018029 0.045673
0 0.415264 0.762620 0.022837 0.066106
0 0.135216 0.338942 0.020433 0.060096
0 0.620192 0.352163 0.019231 0.036058
0 0.311899 0.779447 0.022837 0.039663
0 0.021635 0.341346 0.028846 0.074519
0 0.373197 0.639423 0.018029 0.031250
0 0.175481 0.352764 0.040865 0.039663
0 0.064303 0.219952 0.025240 0.036058
0 0.292067 0.763822 0.016827 0.066106
0 0.514423 0.774639 0.019231 0.039663
0 0.909255 0.776442 0.032452 0.040865
0 0.436899 0.777644 0.018029 0.036058
0 0.361779 0.761418 0.024038 0.058894
0 0.815505 0.491587 0.018029 0.040865
0 0.120793 0.665264 0.025240 0.090144
0 0.021635 0.906851 0.031250 0.068510
0 0.432091 0.917668 0.018029 0.037260
0 0.271034 0.781250 0.015625 0.040865
0 0.803486 0.628606 0.010817 0.045673
0 0.599760 0.205529 0.026442 0.050481
0 0.022837 0.060697 0.026442 0.063702
0 0.177885 0.918269 0.019231 0.033654
0 0.588341 0.493389 0.020433 0.037260
0 0.370793 0.914062 0.013221 0.042067
0 0.658654 0.069712 0.012019 0.050481
0 0.841947 0.765024 0.020433 0.049279
0 0.274639 0.917067 0.022837 0.033654
0 0.509615 0.490986 0.021635 0.039663
0 0.353966 0.074519 0.034856 0.038462
0 0.645433 0.352163 0.024038 0.036058
0 0.143630 0.061298 0.030048 0.069712
0 0.433894 0.203125 0.024038 0.057692
0 0.487981 0.772236 0.024038 0.051683
0 0.838942 0.621995 0.019231 0.061298
0 0.742188 0.777043 0.027644 0.034856
0 0.643137 0.776683 0.022284 0.030745
0 0.048077 0.073918 0.021635 0.044471
0 0.213942 0.354567 0.026442 0.028846
0 0.729363 0.630613 0.024038 0.056490
0 0.454928 0.355769 0.018029 0.033654
0 0.876803 0.777644 0.025240 0.036058
0 0.298486 0.915264 0.020048 0.037260
0 0.481370 0.067308 0.020433 0.043269
0 0.091947 0.487380 0.025240 0.049279
0 0.021635 0.624399 0.026442 0.056490
0 0.196514 0.069712 0.013221 0.045673
0 0.317909 0.351562 0.022837 0.037260
0 0.236178 0.926082 0.020433 0.092548
0 0.507812 0.627404 0.018029 0.062500
0 0.865385 0.623197 0.019231 0.056490
0 0.175481 0.063702 0.021635 0.069712
0 0.083534 0.919471 0.020433 0.081731
0 0.725361 0.207933 0.018029 0.043269
0 0.068510 0.638221 0.016827 0.038462
0 0.494591 0.218750 0.022837 0.038462
0 0.072115 0.351562 0.016827 0.039663
0 0.254808 0.198317 0.014423 0.060096
0 0.861178 0.352163 0.027644 0.043269
0 0.081731 0.074519 0.040865 0.040865
0 0.070913 0.486779 0.012019 0.050481
0 0.484375 0.620793 0.019231 0.066106
0 0.597356 0.382212 0.024038 0.086538
0 0.766226 0.195913 0.015625 0.064904
0 0.433894 0.356370 0.021635 0.032452
0 0.831731 0.355168 0.021635 0.032452
0 0.822716 0.778846 0.018029 0.033654
0 0.700120 0.054688 0.022837 0.054087
0 0.919123 0.073245 0.015625 0.037404
0 0.353966 0.621995 0.015625 0.049279
0 0.793870 0.775240 0.027644 0.031250
0 0.733173 0.491587 0.016827 0.038462
0 0.254808 0.917067 0.014423 0.033654
0 0.233774 0.065505 0.010817 0.046875
0 0.594351 0.065505 0.015625 0.044471
0 0.253606 0.073317 0.021635 0.036058
0 0.272236 0.620793 0.022837 0.066106
0 0.353365 0.906851 0.016827 0.051683
0 0.772236 0.493990 0.022837 0.031250
0 0.796274 0.487380 0.018029 0.046875
0 0.303486 0.064904 0.013221 0.048077
0 0.682091 0.496995 0.027644 0.037260
0 0.676683 0.074519 0.019231 0.031250
0 0.489183 0.491587 0.019231 0.038462
0 0.946514 0.771635 0.022837 0.038462
0 0.715745 0.776442 0.018029 0.031250
0 0.629207 0.637019 0.018029 0.028846
0 0.626202 0.209736 0.021635 0.039663
0 0.045072 0.638221 0.020433 0.031250
0 0.431016 0.624399 0.044147 0.063702
0 0.114790 0.213065 0.022849 0.039111
0 0.931490 0.493990 0.033654 0.036058
0 0.021034 0.778245 0.022837 0.032452
0 0.136418 0.915865 0.015625 0.033654
0 0.695312 0.777644 0.020433 0.033654
0 0.528846 0.206130 0.021635 0.046875
0 0.091947 0.340745 0.020433 0.061298
0 0.649038 0.212740 0.024038 0.038462
0 0.314904 0.629207 0.016827 0.042067
0 0.680901 0.637620 0.020433 0.043269
0 0.942494 0.059465 0.025733 0.055733
0 0.853966 0.495192 0.034856 0.031250
0 0.350962 0.201923 0.012019 0.050481
0 0.121496 0.912758 0.009050 0.034459
0 0.804688 0.212139 0.015625 0.037260
0 0.525841 0.058293 0.018029 0.058894
0 0.221755 0.766827 0.027644 0.050481
0 0.409856 0.920673 0.024038 0.031250
0 0.656250 0.489183 0.019231 0.036058
0 0.271635 0.208534 0.016827 0.037260
0 0.242788 0.635817 0.031250 0.036058
0 0.328726 0.207933 0.025240 0.043269
0 0.049279 0.905649 0.021635 0.061298
0 0.049880 0.779447 0.025240 0.037260
0 0.453125 0.918870 0.021635 0.032452
0 0.859772 0.099393 0.025144 0.078017
0 0.706731 0.354567 0.021635 0.036058
0 0.125601 0.770433 0.030048 0.057692
0 0.783053 0.055288 0.032452 0.069712
0 0.219351 0.058894 0.015625 0.060096
0 0.073918 0.778245 0.020433 0.034856
0 0.573317 0.198317 0.016827 0.060096
0 0.335938 0.636418 0.015625 0.027644
0 0.504207 0.060096 0.018029 0.060096
0 0.048077 0.496995 0.021635 0.039663
0 0.728966 0.353966 0.018029 0.034856
0 0.250601 0.778846 0.020433 0.043269
0 0.554688 0.355769 0.022837 0.036058
0 0.462740 0.631010 0.019231 0.036058
0 0.458534 0.780048 0.022837 0.033654
0 0.823918 0.200721 0.015625 0.062500
0 0.284255 0.073918 0.020433 0.030048
0 0.025240 0.481971 0.019231 0.055288
0 0.781250 0.635817 0.024038 0.036058
0 0.463341 0.212740 0.025240 0.038462
0 0.560319 0.635907 0.022127 0.035469
0 0.086538 0.213942 0.019231 0.033654
0 0.228365 0.213341 0.028846 0.090144
0 0.210938 0.627404 0.020433 0.052885
0 0.609994 0.633251 0.018065 0.039147
0 0.560150 0.490649 0.033762 0.038990
0 0.825637 0.066827 0.026226 0.051995
0 0.474760 0.344351 0.019231 0.078125
0 0.632212 0.073918 0.026442 0.046875
0 0.594363 0.624087 0.017620 0.058678
0 0.601562 0.771635 0.015625 0.045673
0 0.152043 0.492188 0.018029 0.032452
0 0.147825 0.216496 0.040024 0.039627
0 0.750601 0.494591 0.018029 0.030048
0 0.862981 0.208534 0.016827 0.042067
0 0.174279 0.778846 0.019231 0.028846
0 0.343750 0.352764 0.024038 0.037260
0 0.820312 0.631611 0.018029 0.034856
0 0.248359 0.353419 0.042392 0.092368
0 0.667668 0.347957 0.013221 0.046875
0 0.706130 0.636418 0.022837 0.037260
0 0.784255 0.195913 0.015625 0.064904
0 0.886418 0.060697 0.022837 0.058894
0 0.882212 0.203726 0.014423 0.051683
0 0.321514 0.073317 0.018029 0.036058
0 0.387019 0.920072 0.016827 0.030048
0 0.724760 0.055288 0.016827 0.050481
0 0.403245 0.069712 0.015625 0.040865
0 0.418870 0.493990 0.030048 0.036058
0 0.751202 0.356370 0.019231 0.032452
0 0.672476 0.774038 0.025240 0.043269
0 0.901442 0.495793 0.024038 0.032452
0 0.113582 0.356370 0.020433 0.037260
0 0.556490 0.208534 0.016827 0.037260
0 0.539062 0.783654 0.025240 0.036058
0 0.153846 0.939303 0.019231 0.073317
0 0.635216 0.476562 0.022837 0.054087
0 0.172476 0.496394 0.018029 0.028846
0 0.333462 0.919904 0.025000 0.032380
0 0.901442 0.213942 0.021635 0.043269
0 0.686298 0.355168 0.019231 0.039663
0 0.969952 0.767428 0.014423 0.051683
0 0.152043 0.775841 0.015625 0.039663
0 0.152043 0.635817 0.022837 0.028846
0 0.806490 0.359375 0.021635 0.036058
0 0.171532 0.231136 0.010349 0.027584
0 0.385950 0.078017 0.016250 0.031827
0 0.807206 0.068666 0.020757 0.044471
0 0.845481 0.072416 0.010457 0.035577
0 0.903215 0.059507 0.014651 0.045337
0 0.529213 0.495799 0.017416 0.027296
0 0.286689 0.663930 0.027175 0.088822
0 0.577813 0.628131 0.014976 0.063209
0 0.619243 0.778606 0.022067 0.039591
0 0.067368 0.919627 0.017139 0.030769
0 0.108041 0.906010 0.017764 0.056827
0 0.314321 0.920547 0.015853 0.028690
