0 0.317909 0.564303 0.051683 0.058894
0 0.328726 0.453726 0.039663 0.087740
0 0.492788 0.566106 0.031250 0.062500
0 0.698918 0.428486 0.044471 0.051683
0 0.408654 0.563702 0.024038 0.067308
0 0.405048 0.428486 0.031250 0.068510
0 0.626803 0.424880 0.042067 0.066106
0 0.368389 0.438101 0.032452 0.039663
0 0.435096 0.572115 0.016827 0.050481
0 0.461538 0.579928 0.024038 0.034856
0 0.512620 0.438702 0.039663 0.033654
0 0.370192 0.562500 0.050481 0.074519
0 0.481971 0.433894 0.016827 0.040865
0 0.654754 0.449898 0.024387 0.037680
