0 0.031851 0.331130 0.025240 0.068510
0 0.706731 0.628005 0.021635 0.032452
0 0.226562 0.331130 0.025240 0.078125
0 0.551683 0.333534 0.038462 0.063702
0 0.782452 0.620793 0.012019 0.046875
0 0.358774 0.617788 0.025240 0.060096
0 0.709135 0.484976 0.019231 0.034856
0 0.838942 0.621995 0.026442 0.051683
0 0.657452 0.373798 0.028846 0.096154
0 0.031250 0.650240 0.024038 0.088942
0 0.469351 0.625000 0.010817 0.045673
0 0.220553 0.488582 0.020433 0.032452
0 0.527043 0.486779 0.018029 0.036058
0 0.070913 0.341947 0.026442 0.044471
0 0.984375 0.341346 0.021635 0.036058
0 0.569111 0.489784 0.020433 0.037260
0 0.656851 0.617188 0.022837 0.063702
0 0.112380 0.468149 0.015625 0.066106
0 0.195913 0.341947 0.024038 0.049279
0 0.935697 0.339543 0.027644 0.049279
0 0.765024 0.625000 0.018029 0.036058
0 0.112380 0.625000 0.018029 0.033654
0 0.558894 0.656250 0.028846 0.088942
0 0.092548 0.620793 0.012019 0.044471
0 0.201923 0.629808 0.021635 0.031250
0 0.250000 0.489183 0.026442 0.036058
0 0.121394 0.334736 0.014423 0.051683
0 0.655649 0.487380 0.020433 0.032452
0 0.549279 0.486779 0.016827 0.033654
0 0.486779 0.348558 0.026442 0.040865
0 0.606971 0.490986 0.021635 0.030048
0 0.893041 0.488726 0.020986 0.035865
0 0.771034 0.503606 0.032452 0.072115
0 0.932091 0.504207 0.015625 0.027644
0 0.456731 0.470553 0.026442 0.054087
0 0.437500 0.621995 0.012019 0.049279
0 0.253606 0.331731 0.021635 0.072115
0 0.804688 0.629808 0.027644 0.033654
0 0.097356 0.340745 0.021635 0.042067
0 0.347356 0.346755 0.026442 0.039663
0 0.251202 0.650240 0.021635 0.088942
0 0.054688 0.618389 0.015625 0.056490
0 0.819880 0.341947 0.031587 0.037260
0 0.682091 0.478365 0.025240 0.052885
0 0.694111 0.341346 0.020433 0.033654
0 0.331731 0.631010 0.021635 0.031250
0 0.631010 0.490986 0.021635 0.034856
0 0.452524 0.628005 0.018029 0.034856
0 0.584135 0.631010 0.019231 0.036058
0 0.593750 0.325120 0.033654 0.078125
0 0.912260 0.478365 0.024038 0.057692
0 0.619591 0.626803 0.013221 0.039663
0 0.843149 0.488582 0.020433 0.030048
0 0.823317 0.486178 0.016827 0.030048
0 0.072716 0.620793 0.015625 0.044471
0 0.180288 0.615986 0.019231 0.058894
0 0.412861 0.651442 0.025240 0.079327
0 0.750000 0.336538 0.024038 0.055288
0 0.227163 0.629808 0.024038 0.031250
0 0.730168 0.486779 0.020433 0.026442
0 0.843792 0.343149 0.016743 0.034856
0 0.503005 0.619591 0.018029 0.058894
0 0.093750 0.471755 0.012019 0.054087
0 0.299880 0.477163 0.032452 0.064904
0 0.198918 0.483173 0.020433 0.028846
0 0.131611 0.476562 0.020433 0.051683
0 0.401442 0.481971 0.021635 0.057692
0 0.428407 0.345553 0.036238 0.042885
0 0.684495 0.615385 0.020433 0.064904
0 0.320913 0.344351 0.021635 0.037260
0 0.358059 0.492416 0.021983 0.031418
0 0.866304 0.478287 0.011959 0.048401
0 0.714393 0.335829 0.012536 0.045096
0 0.799279 0.485577 0.021635 0.033654
0 0.961538 0.337740 0.014423 0.045673
0 0.730168 0.616587 0.020433 0.055288
0 0.885475 0.347794 0.024050 0.033978
0 0.301683 0.346755 0.016827 0.030048
0 0.171875 0.331731 0.024038 0.084135
0 0.587139 0.482572 0.013221 0.046875
0 0.785457 0.351562 0.018029 0.025240
0 0.073918 0.484976 0.015625 0.049279
0 0.635817 0.631010 0.019231 0.031250
0 0.039663 0.474760 0.024038 0.064904
0 0.304688 0.633413 0.020433 0.036058
0 0.519231 0.343750 0.024038 0.033654
0 0.131010 0.615986 0.019231 0.044471
0 0.602764 0.634615 0.018029 0.026442
0 0.461550 0.430054 0.034976 0.038425
0 0.435565 0.309243 0.039159 0.036707
0 0.681983 0.334856 0.019207 0.054423
0 0.600703 0.292374 0.038425 0.026599
0 0.725084 0.339537 0.000000 0.000252
0 0.728534 0.346683 0.019207 0.035216
0 0.861779 0.344832 0.025120 0.034976
0 0.880859 0.475583 0.017368 0.049748
0 0.379633 0.492188 0.019796 0.030962
0 0.056442 0.490517 0.033341 0.104760
0 0.271647 0.347139 0.025288 0.040288
0 0.486713 0.636569 0.017921 0.036887
