0 0.387620 0.206731 0.046875 0.074519
0 0.524038 0.797476 0.055288 0.063702
0 0.723558 0.203726 0.064904 0.087740
0 0.760216 0.813702 0.054087 0.105769
0 0.174880 0.254207 0.042067 0.102163
0 0.042668 0.204928 0.042067 0.073317
0 0.263221 0.640024 0.033654 0.039663
0 0.104567 0.655649 0.043269 0.104567
0 0.790865 0.387019 0.040865 0.093750
0 0.221755 0.819712 0.034856 0.105769
0 0.262620 0.776442 0.027644 0.057692
0 0.179688 0.630409 0.046875 0.063702
0 0.664663 0.204327 0.043269 0.076923
0 0.796274 0.640625 0.030048 0.045673
0 0.028245 0.504207 0.037260 0.044471
0 0.175481 0.493990 0.031250 0.067308
0 0.090745 0.506010 0.030048 0.040865
0 0.646635 0.772236 0.028846 0.066106
0 0.281851 0.501803 0.044471 0.044471
0 0.146635 0.353365 0.052885 0.055288
0 0.368990 0.507212 0.043269 0.043269
0 0.225361 0.207332 0.025240 0.066106
0 0.474159 0.789062 0.037260 0.044471
0 0.611178 0.774639 0.025240 0.061298
0 0.135817 0.489784 0.033654 0.068510
0 0.200721 0.359375 0.040865 0.043269
0 0.456731 0.536058 0.043269 0.105769
0 0.030649 0.645433 0.032452 0.040865
0 0.110577 0.787260 0.060096 0.040865
0 0.456731 0.635216 0.028846 0.051683
0 0.341947 0.630409 0.032452 0.068510
0 0.024639 0.780649 0.037260 0.049279
0 0.207332 0.507212 0.027644 0.033654
0 0.295673 0.774038 0.026442 0.055288
0 0.090745 0.218750 0.034856 0.048077
0 0.760817 0.632212 0.028846 0.062500
0 0.437500 0.361178 0.040865 0.042067
0 0.706130 0.358774 0.030048 0.039663
0 0.832332 0.358774 0.030048 0.042067
0 0.237380 0.509615 0.032452 0.033654
0 0.506611 0.503606 0.025240 0.048077
0 0.912861 0.635817 0.032452 0.062500
0 0.438101 0.218149 0.034856 0.046875
0 0.540865 0.498197 0.031250 0.049279
0 0.949700 0.495793 0.028846 0.042067
0 0.545072 0.644231 0.025240 0.036058
0 0.060096 0.784856 0.026442 0.036058
0 0.781424 0.499441 0.078690 0.049219
0 0.225361 0.632812 0.027644 0.061298
0 0.656851 0.344351 0.044471 0.066106
0 0.755409 0.359375 0.030048 0.031250
0 0.508413 0.645433 0.033654 0.031250
0 0.342548 0.220553 0.028846 0.042067
0 0.652813 0.489573 0.050144 0.080108
0 0.396635 0.649639 0.043269 0.037260
0 0.539062 0.346755 0.046875 0.070913
0 0.346418 0.356106 0.041394 0.060769
0 0.508840 0.218942 0.080084 0.049519
0 0.407452 0.783654 0.036058 0.043269
0 0.348558 0.784856 0.024038 0.031250
0 0.839543 0.496995 0.039663 0.042067
0 0.245793 0.360577 0.049279 0.040865
0 0.719952 0.643630 0.026442 0.034856
0 0.329327 0.498798 0.031250 0.040865
0 0.704928 0.501202 0.054087 0.040865
0 0.572115 0.789062 0.033654 0.037260
0 0.694712 0.638822 0.024038 0.049279
0 0.886418 0.635817 0.020433 0.050481
0 0.159255 0.789663 0.027644 0.033654
0 0.323918 0.780649 0.022837 0.044471
0 0.679087 0.788462 0.031250 0.036058
0 0.573317 0.641827 0.024038 0.043269
0 0.814904 0.799880 0.021635 0.027644
0 0.069712 0.361779 0.024038 0.036058
0 0.607572 0.364784 0.034856 0.034856
0 0.650036 0.643630 0.060505 0.054087
0 0.262620 0.220553 0.037260 0.039663
0 0.124399 0.210337 0.020433 0.055288
0 0.576322 0.349760 0.020433 0.062500
0 0.031851 0.366587 0.049279 0.048077
0 0.790264 0.206130 0.068510 0.075721
0 0.572716 0.495793 0.022837 0.058894
0 0.852332 0.634345 0.043606 0.063041
0 0.301082 0.213341 0.034856 0.061298
0 0.893486 0.498894 0.078413 0.102692
0 0.983774 0.510216 0.025240 0.037260
0 0.096755 0.368389 0.030048 0.030048
0 0.070319 0.490751 0.035709 0.079796
0 0.072662 0.649609 0.033498 0.041863
0 0.369459 0.647061 0.029159 0.034411
0 0.716827 0.790331 0.045841 0.037776
0 0.378564 0.766851 0.034868 0.076827
0 0.203215 0.772951 0.025517 0.053305
0 0.609273 0.506046 0.032584 0.042212
0 0.391815 0.350925 0.024495 0.065240
