0 0.853966 0.490385 0.034856 0.103365
0 0.051082 0.475361 0.058894 0.073317
0 0.171875 0.521635 0.038462 0.098558
0 0.433293 0.486779 0.039663 0.043269
0 0.643029 0.481971 0.048077 0.055288
0 0.393029 0.484375 0.031250 0.045673
0 0.317308 0.490385 0.031250 0.033654
0 0.892428 0.470553 0.025240 0.063702
0 0.352163 0.475962 0.024038 0.064904
0 0.280048 0.471154 0.028846 0.076923
0 0.096755 0.488582 0.027644 0.037260
0 0.925481 0.484976 0.026442 0.039663
0 0.957933 0.474760 0.021635 0.062500
0 0.128606 0.489183 0.024038 0.045673
0 0.233774 0.490385 0.049279 0.040865
0 0.629207 0.564904 0.032452 0.033654
0 0.687500 0.486779 0.021635 0.043269
0 0.670673 0.562500 0.028846 0.045673
0 0.728365 0.488582 0.050481 0.042067
0 0.724760 0.554087 0.052885 0.043269
0 0.561298 0.591346 0.062500 0.038462
