0 0.137019 0.521034 0.060096 0.073317
0 0.409255 0.501803 0.054087 0.085337
0 0.296689 0.520649 0.079651 0.128990
0 0.525841 0.508413 0.051683 0.074519
0 0.613744 0.504940 0.098065 0.078630
0 0.838942 0.504808 0.064904 0.064904
0 0.956731 0.502404 0.060096 0.079327
0 0.689904 0.505409 0.057692 0.085337
0 0.211538 0.515024 0.086538 0.104567
0 0.763221 0.475361 0.062500 0.150240
0 0.473558 0.503606 0.048077 0.086538
0 0.906022 0.490835 0.028389 0.104267
0 0.063101 0.462740 0.087740 0.125000
0 0.371833 0.476220 0.052945 0.124868
