0 0.394231 0.529447 0.036058 0.054087
0 0.753606 0.458534 0.031250 0.063702
0 0.314904 0.534255 0.028846 0.051683
0 0.571514 0.473558 0.044471 0.055288
0 0.250000 0.531250 0.040865 0.060096
0 0.355769 0.540865 0.036058 0.036058
0 0.656851 0.471755 0.044471 0.044471
0 0.430288 0.534856 0.033654 0.033654
0 0.469351 0.534255 0.032452 0.037260
0 0.236178 0.472356 0.030048 0.033654
0 0.707332 0.471755 0.039663 0.034856
0 0.458534 0.468750 0.032452 0.043269
0 0.271635 0.463942 0.019231 0.038462
0 0.500601 0.472356 0.042067 0.040865
0 0.535457 0.472356 0.025240 0.043269
0 0.282452 0.540865 0.021635 0.048077
0 0.319111 0.469351 0.032452 0.034856
0 0.418894 0.480823 0.050240 0.057632
0 0.291556 0.472200 0.029555 0.038413
