0 0.332933 0.501532 0.036058 0.066647
0 0.030649 0.277644 0.027644 0.064904
0 0.740385 0.318510 0.024038 0.098558
0 0.466947 0.281851 0.039663 0.068510
0 0.893630 0.283053 0.027644 0.058894
0 0.917067 0.568510 0.031250 0.062500
0 0.147236 0.582332 0.020433 0.032452
0 0.296875 0.298077 0.021635 0.033654
0 0.775240 0.429087 0.026442 0.050481
0 0.850361 0.429087 0.030048 0.052885
0 0.206130 0.703125 0.034856 0.079327
0 0.390024 0.434495 0.032452 0.044471
0 0.052284 0.591947 0.027644 0.051683
0 0.655048 0.566707 0.033654 0.051683
0 0.717548 0.432091 0.021635 0.042067
0 0.269832 0.281250 0.022837 0.060096
0 0.527644 0.429688 0.028846 0.054087
0 0.570312 0.582933 0.025240 0.031250
0 0.680288 0.291466 0.016827 0.030048
0 0.838942 0.295072 0.024038 0.039663
0 0.493990 0.569111 0.038462 0.066106
0 0.084135 0.582933 0.021635 0.036058
0 0.780649 0.582933 0.022837 0.040865
0 0.646034 0.424880 0.037260 0.063702
0 0.591947 0.433894 0.025240 0.038462
0 0.182091 0.506010 0.022837 0.028846
0 0.024639 0.439904 0.037260 0.038462
0 0.231971 0.608173 0.026442 0.093750
0 0.161659 0.718149 0.022837 0.039663
0 0.420072 0.433894 0.018029 0.043269
0 0.102764 0.293870 0.020433 0.039663
0 0.947716 0.295072 0.022837 0.032452
0 0.025841 0.562500 0.022837 0.060096
0 0.335938 0.566106 0.025240 0.057692
0 0.471154 0.436899 0.026442 0.039663
0 0.236779 0.294471 0.026442 0.038462
0 0.810697 0.294471 0.022837 0.038462
0 0.067308 0.296274 0.031250 0.044471
0 0.401442 0.567308 0.028846 0.064904
0 0.583534 0.298077 0.025240 0.036058
0 0.173678 0.582332 0.025240 0.027644
0 0.125889 0.569111 0.022260 0.061298
0 0.070312 0.719351 0.020433 0.039663
0 0.399639 0.294471 0.027644 0.038462
0 0.978365 0.292067 0.021635 0.033654
0 0.296875 0.572115 0.012019 0.048077
0 0.246394 0.435096 0.021635 0.038462
0 0.643630 0.295673 0.020433 0.040865
0 0.092548 0.714543 0.019231 0.063702
0 0.700721 0.278846 0.021635 0.055288
0 0.214543 0.503606 0.025240 0.043269
0 0.124399 0.283053 0.015625 0.056490
0 0.436298 0.579327 0.031250 0.040865
0 0.222356 0.426683 0.016827 0.057692
0 0.199519 0.288462 0.040865 0.062500
0 0.680288 0.436899 0.031250 0.032452
0 0.663462 0.281250 0.012019 0.055288
0 0.370793 0.290264 0.022837 0.042067
0 0.868990 0.579928 0.028846 0.030048
0 0.313702 0.579327 0.019231 0.036058
0 0.875601 0.435697 0.020433 0.034856
0 0.547476 0.578726 0.018029 0.037260
0 0.287332 0.436178 0.022837 0.035841
0 0.521034 0.292668 0.018029 0.037260
0 0.920072 0.292668 0.020433 0.030048
0 0.236779 0.512019 0.019231 0.031250
0 0.615986 0.567308 0.020433 0.052885
0 0.804087 0.423678 0.019231 0.061298
0 0.345553 0.290264 0.022837 0.044471
0 0.156851 0.429688 0.015625 0.051683
0 0.302885 0.511418 0.019231 0.032452
0 0.730769 0.565505 0.024038 0.061298
0 0.830529 0.564303 0.019231 0.051683
0 0.944111 0.573918 0.020433 0.034856
0 0.540264 0.291466 0.015625 0.037260
0 0.256010 0.504207 0.016827 0.049279
0 0.966346 0.580529 0.024038 0.028846
0 0.255409 0.574519 0.018029 0.050481
0 0.686298 0.577524 0.026442 0.039663
0 0.097957 0.429688 0.022837 0.054087
0 0.559495 0.296274 0.018029 0.032452
0 0.319111 0.287260 0.015625 0.050481
0 0.200721 0.440505 0.024038 0.030048
0 0.555889 0.430889 0.013221 0.049279
0 0.274038 0.516827 0.019231 0.021635
0 0.132812 0.449519 0.022837 0.045673
0 0.276442 0.575120 0.021635 0.044471
0 0.059706 0.438450 0.018450 0.040361
0 0.766827 0.289663 0.016827 0.043269
0 0.112380 0.725361 0.018029 0.030048
0 0.442308 0.438702 0.024038 0.036058
0 0.804688 0.577524 0.013221 0.044471
0 0.134615 0.717548 0.014423 0.045673
0 0.748197 0.435096 0.022837 0.033654
0 0.174279 0.429087 0.014423 0.052885
0 0.594952 0.572716 0.016827 0.049279
0 0.995793 0.294471 0.010817 0.033654
0 0.785457 0.290865 0.020433 0.033654
0 0.492758 0.298155 0.027584 0.035637
0 0.267885 0.439050 0.018125 0.036923
0 0.312837 0.439309 0.028029 0.035036
0 0.164862 0.496538 0.019075 0.039880
0 0.518516 0.582939 0.034243 0.036406
0 0.760493 0.566220 0.026034 0.061983
0 0.844946 0.576130 0.018161 0.037043
0 0.893840 0.438636 0.023425 0.031238
0 0.049405 0.703900 0.036767 0.060613
0 0.106388 0.568618 0.019868 0.061442
0 0.076556 0.428431 0.016502 0.057055
0 0.115535 0.435439 0.013377 0.043474
0 0.347079 0.452434 0.012861 0.032969
0 0.287770 0.511286 0.008161 0.033582
