0 0.309495 0.515625 0.034856 0.103365
0 0.514423 0.465144 0.043269 0.076923
0 0.821514 0.471755 0.032452 0.080529
0 0.148438 0.484375 0.042067 0.040865
0 0.272236 0.482572 0.030048 0.042067
0 0.646635 0.474760 0.038462 0.076923
0 0.238582 0.481971 0.030048 0.043269
0 0.192909 0.482572 0.034856 0.039663
0 0.856971 0.468750 0.038462 0.084135
0 0.472957 0.473558 0.030048 0.069712
0 0.420072 0.470553 0.018029 0.058894
0 0.683894 0.463942 0.028846 0.067308
0 0.782452 0.477764 0.031250 0.046875
0 0.350962 0.478966 0.028846 0.039663
0 0.558894 0.481971 0.036058 0.050481
0 0.444712 0.482572 0.024038 0.042067
0 0.387019 0.481971 0.031250 0.040865
0 0.039663 0.481971 0.048077 0.048077
0 0.748624 0.491767 0.046599 0.136442
0 0.920673 0.499567 0.045673 0.061298
0 0.962740 0.466947 0.038462 0.085337
0 0.705583 0.480637 0.039195 0.045601
0 0.896502 0.466689 0.050889 0.071238
0 0.721977 0.497037 0.048618 0.144748
