0 0.262019 0.508413 0.043269 0.060096
0 0.091346 0.504207 0.016827 0.039663
0 0.929087 0.509014 0.031250 0.063702
0 0.963341 0.507812 0.027644 0.063702
0 0.296274 0.527644 0.025240 0.036058
0 0.319111 0.436298 0.032452 0.060096
0 0.444712 0.520433 0.033654 0.084135
0 0.331130 0.512620 0.032452 0.056490
0 0.886418 0.508413 0.022837 0.036058
0 0.623798 0.510817 0.033654 0.064904
0 0.014423 0.509014 0.024038 0.054087
0 0.703125 0.512019 0.021635 0.040865
0 0.047476 0.513822 0.032452 0.051683
0 0.823317 0.490385 0.021635 0.038462
0 0.183293 0.515024 0.025240 0.044471
0 0.544471 0.503606 0.038462 0.064904
0 0.582933 0.436899 0.028846 0.049279
0 0.552284 0.446514 0.022837 0.025240
0 0.774038 0.507212 0.024038 0.055288
0 0.750601 0.507812 0.018029 0.046875
0 0.377404 0.502404 0.024038 0.024038
0 0.796875 0.539663 0.019231 0.050481
0 0.115986 0.504207 0.025240 0.027644
0 0.051683 0.439904 0.026442 0.045673
0 0.789663 0.445913 0.021635 0.048077
0 0.284255 0.447115 0.020433 0.024038
0 0.574519 0.520433 0.021635 0.038462
0 0.763221 0.444712 0.019231 0.038462
0 0.989784 0.483173 0.015625 0.024038
0 0.845553 0.495192 0.020433 0.019231
0 0.020433 0.444712 0.021635 0.026442
0 0.355331 0.546965 0.021911 0.055180
0 0.069868 0.547332 0.020938 0.054928
0 0.646731 0.536460 0.027668 0.054820
