0 0.723041 0.509579 0.043269 0.097837
0 0.574171 0.571490 0.033654 0.103365
0 0.639423 0.534255 0.028846 0.044471
0 0.103365 0.387620 0.024038 0.051683
0 0.771635 0.521635 0.031250 0.067308
0 0.139423 0.388221 0.028846 0.057692
0 0.308894 0.426082 0.028846 0.099760
0 0.246394 0.561298 0.024038 0.081731
0 0.338942 0.396034 0.024038 0.034856
0 0.180889 0.390024 0.032452 0.056490
0 0.359976 0.526442 0.025240 0.057692
0 0.935697 0.535457 0.027644 0.037260
0 0.033654 0.526442 0.021635 0.055288
0 0.078726 0.543870 0.020433 0.027644
0 0.968149 0.534856 0.025240 0.048077
0 0.841947 0.523438 0.027644 0.068510
0 0.423678 0.528245 0.022837 0.054087
0 0.301082 0.540865 0.020433 0.028846
0 0.324519 0.528245 0.021635 0.056490
0 0.220553 0.389423 0.020433 0.057692
0 0.097957 0.527644 0.015625 0.045673
0 0.033654 0.390625 0.033654 0.055288
0 0.906250 0.533654 0.024038 0.028846
0 0.367788 0.400240 0.031250 0.033654
0 0.188702 0.542067 0.016827 0.026442
0 0.271034 0.400841 0.027644 0.032452
0 0.165865 0.528245 0.024038 0.054087
0 0.208534 0.527043 0.020433 0.063702
0 0.140625 0.541466 0.024038 0.027644
0 0.274038 0.533654 0.019231 0.040865
0 0.242188 0.397837 0.018029 0.036058
0 0.073317 0.404447 0.024038 0.039663
0 0.396635 0.533654 0.026442 0.045673
0 0.881611 0.521635 0.018029 0.060096
0 0.616112 0.532704 0.020757 0.047019
0 0.056490 0.548077 0.016827 0.028846
0 0.594399 0.537061 0.020072 0.034339
0 0.798017 0.536562 0.026923 0.041538
0 0.862764 0.526172 0.013846 0.052560
0 0.125367 0.538522 0.020084 0.027837
0 0.286815 0.535306 0.009784 0.039123
