0 0.281250 0.496995 0.028846 0.066106
0 0.369591 0.509615 0.032452 0.045673
0 0.680288 0.506611 0.024038 0.027644
0 0.445913 0.491587 0.024038 0.052885
0 0.625601 0.504808 0.020433 0.028846
0 0.506611 0.489784 0.020433 0.044471
0 0.600361 0.507212 0.020433 0.024038
0 0.337139 0.506010 0.022837 0.028846
0 0.313101 0.504808 0.025240 0.026442
0 0.651442 0.508413 0.024038 0.031250
0 0.555288 0.492788 0.016827 0.040865
0 0.476562 0.500601 0.025240 0.022837
0 0.709135 0.510216 0.033654 0.027644
0 0.403846 0.490385 0.021635 0.055288
0 0.573918 0.490986 0.020433 0.042067
0 0.424279 0.501803 0.016827 0.030048
0 0.522169 0.502728 0.021430 0.025865
