0 0.055288 0.411058 0.033654 0.105769
0 0.965745 0.400240 0.046875 0.074519
0 0.086538 0.563101 0.024038 0.049279
0 0.801082 0.400240 0.032452 0.069712
0 0.054688 0.590144 0.034856 0.149038
0 0.170673 0.588341 0.036058 0.118990
0 0.763221 0.395433 0.036058 0.064904
0 0.714543 0.533654 0.032452 0.069712
0 0.743389 0.527644 0.025240 0.067308
0 0.722957 0.400240 0.027644 0.060096
0 0.115986 0.406250 0.032452 0.060096
0 0.527644 0.560697 0.026442 0.034856
0 0.896635 0.394832 0.026442 0.063702
0 0.867188 0.393029 0.027644 0.057692
0 0.291466 0.418269 0.020433 0.033654
0 0.180288 0.414062 0.028846 0.037260
0 0.301683 0.554688 0.024038 0.046875
0 0.276442 0.531851 0.019231 0.063702
0 0.795072 0.540264 0.025240 0.054087
0 0.225962 0.539663 0.026442 0.069712
0 0.646635 0.558293 0.026442 0.049279
0 0.496394 0.393630 0.031250 0.068510
0 0.389423 0.545072 0.012019 0.056490
0 0.677284 0.539062 0.020433 0.058894
0 0.502404 0.534255 0.019231 0.075721
0 0.867788 0.539062 0.028846 0.054087
0 0.432692 0.545072 0.028846 0.070913
0 0.602163 0.554688 0.031250 0.046875
0 0.578125 0.398438 0.028846 0.080529
0 0.147837 0.415865 0.024038 0.033654
0 0.015024 0.543870 0.025240 0.020433
0 0.266827 0.407452 0.019231 0.045673
0 0.331418 0.545919 0.035505 0.061647
0 0.314303 0.400841 0.022837 0.061298
0 0.338341 0.418870 0.022837 0.032452
0 0.429087 0.420673 0.021635 0.036058
0 0.359375 0.417668 0.016827 0.039663
0 0.829327 0.413462 0.019231 0.024038
0 0.456731 0.420673 0.028846 0.031250
0 0.564904 0.554688 0.028846 0.037260
0 0.481971 0.544471 0.014423 0.057692
0 0.901442 0.533053 0.021635 0.056490
0 0.556611 0.415661 0.018029 0.038462
0 0.361779 0.551683 0.028846 0.038462
0 0.251803 0.554087 0.025240 0.033654
0 0.112981 0.554688 0.021635 0.034856
0 0.015625 0.393029 0.026442 0.024038
0 0.406851 0.558894 0.018029 0.040865
0 0.939303 0.540264 0.020433 0.063702
0 0.210938 0.420072 0.025240 0.039663
0 0.382212 0.406250 0.016827 0.057692
0 0.670072 0.429688 0.046875 0.056490
0 0.404447 0.408654 0.018029 0.057692
0 0.825721 0.547476 0.019231 0.022837
0 0.771034 0.537861 0.022837 0.054087
0 0.079802 0.415162 0.027416 0.035709
0 0.142416 0.554014 0.024712 0.033510
0 0.522945 0.414802 0.032837 0.032031
0 0.934597 0.402001 0.033762 0.066623
0 0.960607 0.542230 0.026767 0.097031
0 0.919844 0.536292 0.026154 0.058401
