0 0.828726 0.517428 0.034856 0.090144
0 0.608774 0.507212 0.030048 0.055288
0 0.156851 0.358774 0.034856 0.066106
0 0.757812 0.358774 0.030048 0.070913
0 0.042668 0.361779 0.032452 0.064904
0 0.513221 0.509615 0.021635 0.036058
0 0.918269 0.370793 0.024038 0.030048
0 0.096755 0.508413 0.027644 0.048077
0 0.630409 0.390625 0.022837 0.093750
0 0.093149 0.659856 0.018029 0.033654
0 0.283053 0.643630 0.020433 0.054087
0 0.472356 0.650240 0.026442 0.052885
0 0.271034 0.510817 0.037260 0.052885
0 0.527043 0.656250 0.018029 0.033654
0 0.112380 0.661058 0.020433 0.031250
0 0.501803 0.645433 0.022837 0.057692
0 0.257812 0.655649 0.020433 0.027644
0 0.049880 0.506611 0.013221 0.049279
0 0.662260 0.371995 0.024038 0.030048
0 0.478365 0.375601 0.019231 0.032452
0 0.093750 0.374399 0.021635 0.039663
0 0.625601 0.645433 0.025240 0.040865
0 0.777644 0.515024 0.028846 0.034856
0 0.329327 0.678486 0.024038 0.078125
0 0.530156 0.352464 0.037260 0.052885
0 0.965144 0.372596 0.043269 0.093750
0 0.585938 0.373197 0.018029 0.032452
0 0.233774 0.367188 0.022837 0.054087
0 0.198317 0.662260 0.019231 0.031250
0 0.402043 0.541466 0.030048 0.099760
0 0.893029 0.371995 0.019231 0.030048
0 0.566707 0.372596 0.020433 0.031250
0 0.719952 0.379207 0.033654 0.049279
0 0.686899 0.508413 0.018029 0.048077
0 0.482572 0.501202 0.027644 0.052885
0 0.322716 0.522837 0.018029 0.031250
0 0.198317 0.515625 0.016827 0.043269
0 0.687500 0.374399 0.024038 0.032452
0 0.795072 0.375601 0.037260 0.042067
0 0.303486 0.378005 0.020433 0.034856
0 0.871394 0.370793 0.024038 0.030048
0 0.187500 0.376202 0.021635 0.036058
0 0.578125 0.656851 0.024038 0.039663
0 0.540865 0.511418 0.028846 0.030048
0 0.549279 0.646635 0.016827 0.050481
0 0.378005 0.657452 0.030048 0.033654
0 0.349760 0.510817 0.021635 0.050481
0 0.301082 0.521034 0.020433 0.027644
0 0.707332 0.506611 0.015625 0.046875
0 0.262620 0.365986 0.020433 0.058894
0 0.073918 0.369591 0.013221 0.046875
0 0.729567 0.509014 0.012019 0.039663
0 0.035457 0.658053 0.018029 0.034856
0 0.028245 0.515024 0.020433 0.037260
0 0.929087 0.516827 0.028846 0.031250
0 0.303486 0.656250 0.013221 0.036058
0 0.170072 0.514423 0.025240 0.036058
0 0.215144 0.649639 0.014423 0.046875
0 0.386106 0.376971 0.034231 0.040000
0 0.456130 0.366587 0.020433 0.057692
0 0.352764 0.656250 0.015625 0.033654
0 0.432530 0.377680 0.021959 0.026322
0 0.070913 0.516226 0.024038 0.030048
0 0.636418 0.521635 0.020433 0.024038
0 0.217548 0.519231 0.019231 0.033654
0 0.172476 0.650841 0.025240 0.044471
0 0.902644 0.513221 0.021635 0.033654
0 0.286058 0.370793 0.014423 0.044471
0 0.664062 0.516226 0.020433 0.027644
0 0.346154 0.374399 0.019231 0.032452
0 0.058293 0.650240 0.027644 0.052885
0 0.208534 0.378005 0.020433 0.037260
0 0.750000 0.514423 0.021635 0.031250
0 0.232572 0.654447 0.013221 0.034856
0 0.325120 0.375601 0.018029 0.037260
0 0.415102 0.371851 0.016526 0.027043
0 0.380313 0.517446 0.021490 0.039459
0 0.424802 0.519651 0.025901 0.046322
