0 0.742188 0.448918 0.032452 0.061298
0 0.293269 0.447716 0.028846 0.063702
0 0.570913 0.506611 0.028846 0.042067
0 0.775841 0.490385 0.032452 0.081731
0 0.163462 0.445312 0.036058 0.070913
0 0.897236 0.448918 0.020433 0.068510
0 0.869591 0.457933 0.025240 0.040865
0 0.603365 0.427885 0.016827 0.033654
0 0.205529 0.446514 0.024038 0.027644
0 0.520433 0.418870 0.024038 0.037260
0 0.581130 0.426683 0.018029 0.038462
0 0.677885 0.457332 0.021635 0.025240
0 0.626803 0.427284 0.027644 0.044471
0 0.380409 0.457332 0.022837 0.034856
0 0.041466 0.517428 0.037260 0.090144
0 0.558894 0.426683 0.024038 0.038462
0 0.324519 0.425481 0.021635 0.036058
0 0.147236 0.531851 0.018029 0.034856
0 0.938101 0.448918 0.018029 0.061298
0 0.108173 0.520433 0.019231 0.055288
0 0.983774 0.442909 0.013221 0.066106
0 0.920072 0.448317 0.018029 0.064904
0 0.193510 0.515625 0.016827 0.064904
0 0.081731 0.527644 0.019231 0.036058
0 0.168870 0.513221 0.018029 0.036058
0 0.963942 0.445312 0.024038 0.049279
0 0.580529 0.469351 0.100962 0.032452
0 0.130367 0.518221 0.038065 0.054111
0 0.063570 0.517097 0.036562 0.054868
0 0.181869 0.505529 0.008954 0.025745
0 0.541653 0.434147 0.012055 0.023846
