0 0.032452 0.525841 0.033654 0.051683
0 0.799279 0.522837 0.028846 0.045673
0 0.968149 0.524639 0.027644 0.044471
0 0.671875 0.525240 0.040865 0.064904
0 0.447115 0.521635 0.028846 0.055288
0 0.260216 0.525240 0.027644 0.048077
0 0.859375 0.527043 0.026442 0.034856
0 0.109976 0.533053 0.030048 0.034856
0 0.204327 0.530649 0.026442 0.030048
0 0.516226 0.516226 0.034856 0.051683
0 0.942909 0.542668 0.022837 0.044471
0 0.302284 0.534856 0.025240 0.028846
0 0.102163 0.475361 0.024038 0.030048
0 0.724760 0.519832 0.026442 0.056490
0 0.558293 0.519832 0.030048 0.054087
0 0.918269 0.517428 0.024038 0.056490
0 0.387019 0.516827 0.028846 0.036058
0 0.074519 0.513822 0.024038 0.049279
0 0.769645 0.548582 0.018786 0.037764
0 0.589543 0.502404 0.020433 0.021635
0 0.125084 0.477855 0.017740 0.026767
0 0.322362 0.511136 0.020781 0.012512
0 0.747476 0.535288 0.022668 0.028077
