0 0.179087 0.505409 0.019231 0.030048
0 0.475361 0.495793 0.020433 0.044471
0 0.579928 0.490986 0.027644 0.063702
0 0.369591 0.489784 0.022837 0.058894
0 0.500601 0.490385 0.022837 0.055288
0 0.156250 0.496995 0.021635 0.046875
0 0.445913 0.493389 0.024038 0.046875
0 0.317909 0.495192 0.022837 0.045673
0 0.840745 0.490385 0.015625 0.043269
0 0.267873 0.493065 0.022837 0.054087
0 0.049880 0.496995 0.022837 0.049279
0 0.731971 0.493990 0.019231 0.048077
0 0.766929 0.515499 0.013137 0.032921
0 0.232572 0.504808 0.015625 0.026442
0 0.648468 0.495288 0.019075 0.044303
0 0.787861 0.489784 0.020433 0.046875
0 0.019231 0.496394 0.024038 0.052885
0 0.411058 0.496394 0.019231 0.028846
0 0.889423 0.502404 0.024038 0.062500
0 0.630409 0.495192 0.015625 0.040865
0 0.524038 0.474760 0.019231 0.021635
0 0.116587 0.504808 0.014423 0.028846
0 0.343149 0.496995 0.018029 0.039663
0 0.982572 0.469952 0.020433 0.021635
0 0.939904 0.489183 0.019231 0.050481
0 0.075120 0.509615 0.020433 0.028846
0 0.858377 0.492770 0.018774 0.051791
0 0.697716 0.498197 0.018029 0.034856
0 0.963341 0.496394 0.022837 0.031250
0 0.820312 0.497596 0.018029 0.031250
0 0.921274 0.492788 0.015625 0.028846
0 0.191719 0.484471 0.014784 0.012644
0 0.297788 0.496376 0.021346 0.051887
0 0.663371 0.516100 0.017873 0.039315
0 0.751160 0.503642 0.014075 0.024688
0 0.868395 0.519411 0.016286 0.041827
