0 0.269832 0.412260 0.032452 0.091346
0 0.241587 0.830529 0.033654 0.100962
0 0.110613 0.828005 0.029591 0.093365
0 0.111178 0.622596 0.022837 0.103365
0 0.051082 0.182091 0.027644 0.049279
0 0.161659 0.375000 0.022837 0.038462
0 0.396034 0.619591 0.027644 0.099760
0 0.491587 0.156851 0.021635 0.054087
0 0.139423 0.797476 0.024038 0.037260
0 0.718750 0.156851 0.024038 0.051683
0 0.528245 0.790865 0.034856 0.062500
0 0.186899 0.371394 0.020433 0.060096
0 0.591947 0.166466 0.025240 0.039663
0 0.739784 0.792067 0.030048 0.064904
0 0.561899 0.585938 0.020433 0.034856
0 0.251202 0.195312 0.033654 0.104567
0 0.100962 0.376803 0.021635 0.032452
0 0.546274 0.378005 0.020433 0.039663
0 0.875601 0.360577 0.022837 0.057692
0 0.849159 0.150240 0.032452 0.072115
0 0.585938 0.790865 0.025240 0.055288
0 0.756611 0.156851 0.032452 0.051683
0 0.341346 0.586538 0.026442 0.031250
0 0.217548 0.619591 0.031250 0.102163
0 0.106370 0.164062 0.020433 0.039663
0 0.816106 0.154447 0.026442 0.056490
0 0.085337 0.162260 0.014423 0.048077
0 0.860300 0.573768 0.027764 0.061887
0 0.045072 0.388822 0.034856 0.051683
0 0.019832 0.567308 0.025240 0.052885
0 0.625000 0.164062 0.014423 0.034856
0 0.439904 0.585938 0.024038 0.039663
0 0.165264 0.785457 0.022837 0.054087
0 0.540264 0.571514 0.022837 0.066106
0 0.897837 0.360577 0.019231 0.062500
0 0.778245 0.784255 0.037260 0.056490
0 0.590144 0.587740 0.026442 0.038462
0 0.754808 0.361178 0.028846 0.056490
0 0.400841 0.163462 0.020433 0.033654
0 0.900841 0.570913 0.020433 0.057692
0 0.436298 0.376202 0.024038 0.036058
0 0.317909 0.375000 0.025240 0.036058
0 0.319111 0.162861 0.022837 0.034856
0 0.870192 0.786058 0.024038 0.050481
0 0.571514 0.378606 0.025240 0.036058
0 0.563702 0.167067 0.024038 0.033654
0 0.636418 0.590745 0.013221 0.034856
0 0.215144 0.380409 0.024038 0.032452
0 0.635817 0.798077 0.024038 0.033654
0 0.310697 0.799279 0.027644 0.033654
0 0.627404 0.374399 0.014423 0.032452
0 0.789062 0.150841 0.027644 0.054087
0 0.516226 0.577524 0.022837 0.056490
0 0.905048 0.790264 0.038462 0.070913
0 0.925481 0.571514 0.019231 0.073317
0 0.310096 0.585938 0.026442 0.037260
0 0.819111 0.790264 0.027644 0.058894
0 0.539663 0.164663 0.019231 0.033654
0 0.137019 0.591346 0.019231 0.031250
0 0.158654 0.165865 0.024038 0.036058
0 0.021635 0.780048 0.021635 0.055288
0 0.976562 0.784856 0.022837 0.072115
0 0.470553 0.371995 0.020433 0.020433
0 0.503606 0.370192 0.021635 0.057692
0 0.072115 0.585337 0.012019 0.052885
0 0.128606 0.402644 0.028846 0.084135
0 0.675481 0.362981 0.031250 0.067308
0 0.597356 0.375601 0.019231 0.034856
0 0.487981 0.798077 0.026442 0.019231
0 0.181490 0.158654 0.019231 0.057692
0 0.612380 0.795673 0.018029 0.038462
0 0.158654 0.579928 0.016827 0.051683
0 0.439303 0.794471 0.027644 0.028846
0 0.079928 0.369591 0.013221 0.044471
0 0.689303 0.780048 0.027644 0.057692
0 0.347356 0.795072 0.031250 0.037260
0 0.516226 0.152043 0.020433 0.058894
0 0.404447 0.373197 0.032452 0.042067
0 0.695312 0.147236 0.015625 0.037260
0 0.728365 0.572716 0.019231 0.061298
0 0.047476 0.597957 0.030048 0.042067
0 0.525240 0.366587 0.019231 0.062500
0 0.719351 0.362380 0.025240 0.054087
0 0.456130 0.166466 0.020433 0.022837
0 0.683894 0.574519 0.028846 0.055288
0 0.022236 0.156250 0.030048 0.057692
0 0.559495 0.805288 0.022837 0.028846
0 0.790264 0.569712 0.027644 0.060096
0 0.477764 0.587139 0.018029 0.020433
0 0.674279 0.149639 0.026442 0.049279
0 0.614784 0.589543 0.020433 0.039663
0 0.345553 0.376202 0.025240 0.036058
0 0.808293 0.362380 0.034856 0.068510
0 0.423678 0.195312 0.025240 0.082933
0 0.068510 0.789663 0.012019 0.045673
0 0.189904 0.798077 0.019231 0.033654
0 0.902644 0.150841 0.016827 0.078125
0 0.365986 0.581731 0.015625 0.021635
0 0.343750 0.165865 0.024038 0.033654
0 0.848558 0.792067 0.019231 0.024038
0 0.942133 0.785938 0.028329 0.068726
0 0.770998 0.574886 0.029183 0.054579
0 0.831538 0.575769 0.027933 0.055841
0 0.877356 0.578185 0.015481 0.011418
0 0.749297 0.576028 0.015228 0.014219
0 0.712236 0.566382 0.009639 0.033510
0 0.177512 0.588245 0.019687 0.032115
0 0.198323 0.587031 0.023305 0.030385
0 0.091965 0.593077 0.024339 0.036611
0 0.043431 0.804874 0.030325 0.041935
0 0.086376 0.796701 0.019603 0.041575
0 0.214826 0.797338 0.028498 0.032320
0 0.246154 0.378486 0.025793 0.032043
0 0.023029 0.367145 0.026370 0.059243
0 0.129633 0.203984 0.036575 0.103762
0 0.201352 0.168119 0.024099 0.035445
0 0.228293 0.168263 0.026370 0.034026
0 0.877524 0.151394 0.027500 0.058678
0 0.855385 0.366857 0.018005 0.014171
0 0.832212 0.357999 0.021250 0.059026
0 0.778353 0.361100 0.021538 0.056959
0 0.696304 0.347079 0.009748 0.025385
0 0.718305 0.765607 0.021298 0.041166
