0 0.637620 0.337740 0.046875 0.060096
0 0.210337 0.377404 0.048077 0.098558
0 0.204928 0.514423 0.054087 0.091346
0 0.760817 0.335938 0.048077 0.056490
0 0.361178 0.334135 0.044471 0.064904
0 0.202524 0.620793 0.039663 0.054087
0 0.533654 0.484976 0.033654 0.037260
0 0.611779 0.654447 0.052885 0.092548
0 0.426082 0.622596 0.051683 0.038462
0 0.277043 0.485577 0.032452 0.038462
0 0.561899 0.618990 0.039663 0.057692
0 0.631611 0.471154 0.032452 0.055288
0 0.704327 0.339543 0.036058 0.037260
0 0.664062 0.483774 0.025240 0.044471
0 0.418269 0.338341 0.040865 0.025240
0 0.271635 0.620192 0.036058 0.028846
0 0.488582 0.478966 0.032452 0.044471
0 0.591947 0.475962 0.030048 0.024038
0 0.501202 0.622596 0.052885 0.055288
0 0.481971 0.336538 0.036058 0.055288
0 0.534856 0.343750 0.038462 0.038462
0 0.265625 0.343149 0.033654 0.032452
0 0.807091 0.343750 0.030048 0.036058
0 0.593149 0.342548 0.034856 0.024038
0 0.358371 0.629730 0.035060 0.033762
0 0.427284 0.478966 0.039663 0.020433
0 0.323065 0.620992 0.031274 0.016743
