0 0.597356 0.287861 0.076923 0.068510
0 0.381010 0.424880 0.060096 0.066106
0 0.445312 0.328726 0.046875 0.090144
0 0.234375 0.566707 0.045673 0.061298
0 0.561298 0.426082 0.062500 0.063702
0 0.225361 0.289663 0.058894 0.076923
0 0.335337 0.290865 0.052885 0.060096
0 0.409255 0.710938 0.049279 0.066106
0 0.695343 0.289814 0.056839 0.054700
0 0.251803 0.430889 0.037260 0.056490
0 0.208534 0.459135 0.037260 0.100962
0 0.677284 0.430889 0.039663 0.051683
0 0.311298 0.581130 0.026442 0.030048
0 0.745192 0.298077 0.031250 0.036058
0 0.309495 0.709736 0.046875 0.066106
0 0.427284 0.438101 0.032452 0.046875
0 0.275841 0.584135 0.032452 0.031250
0 0.686298 0.580529 0.026442 0.036058
0 0.490986 0.297476 0.034856 0.034856
0 0.621995 0.570913 0.039663 0.057692
0 0.718149 0.584135 0.030048 0.033654
0 0.736178 0.435697 0.032452 0.030048
0 0.370793 0.582933 0.027644 0.031250
0 0.501803 0.708534 0.054087 0.061298
0 0.388221 0.300481 0.043269 0.038462
0 0.776442 0.301082 0.031250 0.037260
0 0.780048 0.582933 0.038462 0.038462
0 0.608774 0.442308 0.032452 0.036058
0 0.773438 0.436899 0.034856 0.027644
0 0.404447 0.584135 0.039663 0.036058
0 0.464543 0.439303 0.037260 0.034856
0 0.544471 0.578125 0.043269 0.052885
0 0.656851 0.584135 0.025240 0.031250
0 0.643630 0.443510 0.022837 0.038462
0 0.578125 0.706130 0.028846 0.080529
0 0.448918 0.716346 0.027644 0.019231
0 0.489183 0.582332 0.055288 0.032452
0 0.279447 0.303486 0.042067 0.032452
0 0.746995 0.584736 0.022837 0.037260
0 0.286058 0.442308 0.024038 0.031250
0 0.341947 0.733774 0.018029 0.022837
0 0.336647 0.607248 0.035962 0.081779
0 0.372710 0.712326 0.036575 0.085084
0 0.541569 0.709718 0.035445 0.051502
0 0.652758 0.304219 0.036166 0.040361
