0 0.320312 0.488582 0.046875 0.066106
0 0.122368 0.531412 0.039663 0.102079
0 0.078125 0.488582 0.040865 0.063702
0 0.276442 0.489784 0.033654 0.056490
0 0.620793 0.487380 0.030048 0.051683
0 0.245192 0.640024 0.026442 0.046875
0 0.033053 0.492188 0.044471 0.063702
0 0.266827 0.356971 0.028846 0.038462
0 0.209135 0.489784 0.043269 0.061298
0 0.465745 0.494591 0.030048 0.044471
0 0.777644 0.487981 0.019231 0.055288
0 0.299880 0.355168 0.025240 0.037260
0 0.918269 0.493990 0.021635 0.045673
0 0.948317 0.496394 0.026442 0.040865
0 0.654447 0.490385 0.030048 0.060096
0 0.028245 0.338341 0.025240 0.058894
0 0.099760 0.344952 0.033654 0.074519
0 0.026442 0.626202 0.024038 0.064904
0 0.335938 0.356370 0.034856 0.042067
0 0.104567 0.643029 0.016827 0.036058
0 0.168870 0.356370 0.020433 0.039663
0 0.438101 0.487380 0.015625 0.049279
0 0.081130 0.644231 0.020433 0.036058
0 0.688702 0.483774 0.033654 0.073317
0 0.580529 0.490385 0.036058 0.050481
0 0.124399 0.628005 0.020433 0.056490
0 0.737981 0.501202 0.036058 0.038462
0 0.127404 0.362981 0.021635 0.040865
0 0.147837 0.360577 0.016827 0.040865
0 0.192909 0.358173 0.020433 0.036058
0 0.891226 0.495793 0.022837 0.042067
0 0.221154 0.344351 0.033654 0.070913
0 0.737981 0.641827 0.031250 0.036058
0 0.149038 0.642428 0.021635 0.034856
0 0.977163 0.496995 0.024038 0.039663
0 0.851562 0.485577 0.044471 0.064904
0 0.183293 0.641226 0.027644 0.046875
0 0.058293 0.348558 0.025240 0.028846
0 0.060697 0.649038 0.020433 0.036058
0 0.990673 0.503954 0.019375 0.034808
0 0.232434 0.505745 0.029772 0.032788
0 0.046785 0.644838 0.025637 0.035060
