0 0.353966 0.449519 0.049279 0.064904
0 0.622596 0.464543 0.038462 0.037260
0 0.513221 0.532452 0.026442 0.036058
0 0.438101 0.452524 0.034856 0.051683
0 0.396635 0.462740 0.033654 0.036058
0 0.352163 0.520433 0.048077 0.055288
0 0.438702 0.527644 0.031250 0.043269
0 0.580529 0.462740 0.033654 0.031250
0 0.549880 0.530048 0.022837 0.045673
0 0.553486 0.451923 0.020433 0.052885
0 0.393630 0.528245 0.034856 0.046875
0 0.483774 0.463341 0.042067 0.034856
0 0.524038 0.462139 0.024038 0.037260
0 0.610577 0.536659 0.036058 0.034856
0 0.477163 0.539663 0.036058 0.033654
0 0.572596 0.538654 0.030673 0.028822
