0 0.291466 0.484976 0.042067 0.068510
0 0.701322 0.486779 0.032452 0.067308
0 0.329928 0.505409 0.032452 0.042067
0 0.251202 0.483774 0.031250 0.058894
0 0.488582 0.618990 0.044471 0.067308
0 0.530649 0.626202 0.039663 0.067308
0 0.734375 0.510216 0.028846 0.056490
0 0.476562 0.340745 0.030048 0.056490
0 0.487981 0.484375 0.036058 0.043269
0 0.653846 0.485577 0.043269 0.062500
0 0.559495 0.483774 0.061298 0.037260
0 0.513221 0.362981 0.026442 0.038462
0 0.439303 0.339543 0.027644 0.046875
0 0.417668 0.481370 0.049279 0.030048
0 0.504808 0.438702 0.048077 0.038462
0 0.462740 0.444111 0.028846 0.034856
0 0.493990 0.529447 0.024038 0.042067
0 0.490673 0.403900 0.030288 0.056526
