0 0.511418 0.451923 0.042067 0.108173
0 0.405048 0.585337 0.038462 0.093750
0 0.972957 0.466346 0.046875 0.093750
0 0.676683 0.430288 0.026442 0.057692
0 0.842548 0.426683 0.031250 0.060096
0 0.206130 0.579327 0.046875 0.043269
0 0.329327 0.582933 0.028846 0.036058
0 0.404447 0.426082 0.032452 0.061298
0 0.287260 0.567909 0.040865 0.056490
0 0.301082 0.424880 0.025240 0.061298
0 0.273438 0.432692 0.025240 0.038462
0 0.463341 0.581731 0.032452 0.031250
0 0.197716 0.424880 0.022837 0.054087
0 0.611178 0.435697 0.025240 0.032452
0 0.803486 0.427885 0.027644 0.055288
0 0.155048 0.578726 0.043269 0.039663
0 0.777644 0.439303 0.024038 0.030048
0 0.643630 0.439303 0.030048 0.030048
0 0.745793 0.438702 0.020433 0.050481
0 0.149639 0.432091 0.022837 0.044471
0 0.897236 0.443510 0.027644 0.026442
0 0.046875 0.413462 0.040865 0.048077
0 0.442909 0.434495 0.030048 0.032452
0 0.578726 0.439303 0.022837 0.034856
0 0.365986 0.442909 0.027644 0.030048
0 0.715343 0.443425 0.048474 0.035889
0 0.549279 0.442308 0.031250 0.031250
0 0.331731 0.443510 0.033654 0.026442
0 0.172476 0.436298 0.022837 0.031250
0 0.230769 0.438702 0.031250 0.026442
0 0.371587 0.581430 0.040673 0.051875
0 0.430733 0.577326 0.032091 0.044411
0 0.935673 0.438714 0.042644 0.034639
0 0.875889 0.427097 0.028942 0.063209
