0 0.440505 0.293269 0.037260 0.079327
0 0.151442 0.719952 0.038462 0.076923
0 0.327524 0.299279 0.046875 0.048077
0 0.025240 0.329327 0.031250 0.108173
0 0.129207 0.505409 0.027644 0.049279
0 0.283053 0.299279 0.030048 0.048077
0 0.406851 0.512019 0.022837 0.036058
0 0.369591 0.300481 0.027644 0.045673
0 0.436899 0.501803 0.025240 0.066106
0 0.463942 0.504808 0.024038 0.060096
0 0.371995 0.715144 0.025240 0.055288
0 0.039062 0.489784 0.034856 0.066106
0 0.513221 0.515024 0.024038 0.034856
0 0.747596 0.573317 0.021635 0.055288
0 0.231370 0.280649 0.030048 0.073317
0 0.079327 0.725361 0.028846 0.039663
0 0.984976 0.585337 0.020433 0.031250
0 0.591947 0.584736 0.020433 0.034856
0 0.298077 0.504207 0.024038 0.037260
0 0.404447 0.301082 0.034856 0.044471
0 0.039663 0.709135 0.028846 0.060096
0 0.359976 0.501202 0.025240 0.064904
0 0.840144 0.588341 0.021635 0.025240
0 0.060096 0.302885 0.028846 0.038462
0 0.584135 0.508413 0.019231 0.050481
0 0.664663 0.573918 0.024038 0.054087
0 0.551683 0.540865 0.036058 0.112981
0 0.489784 0.515024 0.018029 0.034856
0 0.212740 0.710337 0.028846 0.062500
0 0.073918 0.510817 0.027644 0.040865
0 0.192909 0.497596 0.034856 0.062500
0 0.090144 0.290865 0.019231 0.057692
0 0.123798 0.300481 0.031250 0.040865
0 0.680288 0.298077 0.026442 0.038462
0 0.227764 0.510817 0.027644 0.040865
0 0.769231 0.583534 0.021635 0.034856
0 0.882212 0.585938 0.016827 0.030048
0 0.289663 0.700721 0.016827 0.033654
0 0.506010 0.296274 0.024038 0.054087
0 0.265024 0.696514 0.018029 0.044471
0 0.239183 0.728365 0.024038 0.033654
0 0.715745 0.586538 0.025240 0.033654
0 0.861178 0.577524 0.018029 0.044471
0 0.628606 0.296875 0.024038 0.036058
0 0.590144 0.302284 0.028846 0.032452
0 0.962740 0.585938 0.019231 0.027644
0 0.540264 0.286058 0.025240 0.055288
0 0.917386 0.579014 0.022800 0.050577
0 0.817909 0.575120 0.020433 0.049279
0 0.403846 0.717548 0.026442 0.043269
0 0.635817 0.573918 0.026442 0.044471
0 0.752404 0.301082 0.028846 0.034856
0 0.612981 0.583534 0.016827 0.032452
0 0.937933 0.588203 0.020625 0.030805
0 0.325721 0.715745 0.024038 0.027644
0 0.820312 0.301082 0.022837 0.030048
0 0.474760 0.579327 0.031250 0.038462
0 0.792067 0.297476 0.026442 0.032452
0 0.722957 0.297476 0.025240 0.034856
0 0.691106 0.588341 0.019231 0.027644
0 0.422476 0.686899 0.030048 0.015625
0 0.651442 0.284856 0.021635 0.055288
0 0.261929 0.282578 0.029724 0.072248
0 0.389459 0.503966 0.025457 0.054976
0 0.536262 0.503365 0.021082 0.053558
0 0.578227 0.576274 0.028714 0.042236
0 0.901701 0.585006 0.016118 0.030517
0 0.559357 0.302037 0.021719 0.032897
0 0.849327 0.287139 0.013654 0.075938
