0 0.601562 0.478966 0.051683 0.082933
0 0.841346 0.480168 0.040865 0.087740
0 0.748798 0.480769 0.040865 0.086538
0 0.365986 0.526442 0.044471 0.098558
0 0.689303 0.489183 0.054087 0.072115
0 0.150841 0.468149 0.068510 0.099760
0 0.411659 0.501803 0.042067 0.051683
0 0.641226 0.489183 0.020433 0.064904
0 0.320312 0.487380 0.025240 0.075721
0 0.207933 0.492188 0.024038 0.063702
0 0.250601 0.505409 0.042067 0.051683
0 0.462740 0.502404 0.048077 0.043269
0 0.791466 0.497596 0.042067 0.040865
0 0.288462 0.504808 0.033654 0.050481
0 0.343089 0.498936 0.031034 0.051238
