0 0.054087 0.554087 0.028846 0.067308
0 0.155649 0.414062 0.022837 0.051683
0 0.180288 0.561899 0.019231 0.032452
0 0.890625 0.416466 0.016827 0.039663
0 0.098558 0.409856 0.026442 0.050481
0 0.183894 0.427885 0.024038 0.031250
0 0.298077 0.430288 0.016827 0.031250
0 0.713341 0.445913 0.022837 0.093750
0 0.025240 0.412861 0.026442 0.058894
0 0.320312 0.414062 0.020433 0.046875
0 0.439303 0.566106 0.013221 0.038462
0 0.102163 0.559495 0.031250 0.070913
0 0.201322 0.564303 0.018029 0.027644
0 0.829327 0.415264 0.016827 0.034856
0 0.607572 0.408053 0.020433 0.063702
0 0.485919 0.414453 0.015108 0.050060
0 0.390974 0.416827 0.031947 0.054808
0 0.637620 0.571514 0.027644 0.044471
0 0.484375 0.567909 0.019231 0.034856
0 0.225361 0.566106 0.020433 0.024038
0 0.050481 0.414062 0.024038 0.054087
0 0.867788 0.409856 0.019231 0.048077
0 0.646635 0.430288 0.019231 0.100962
0 0.811298 0.409856 0.014423 0.052885
0 0.265625 0.568510 0.019231 0.031250
0 0.590144 0.592548 0.024038 0.091346
0 0.285457 0.570913 0.018029 0.038462
0 0.379808 0.566707 0.019231 0.032452
0 0.236779 0.419471 0.016827 0.048077
0 0.756611 0.420072 0.022837 0.046875
0 0.016226 0.549880 0.030048 0.054087
0 0.341346 0.555288 0.019231 0.055288
0 0.546875 0.572716 0.024038 0.030048
0 0.957332 0.423678 0.015625 0.037260
0 0.558894 0.423678 0.019231 0.042067
0 0.847957 0.417668 0.015625 0.032452
0 0.535457 0.410457 0.018029 0.054087
0 0.516226 0.426683 0.018029 0.028846
0 0.785457 0.425481 0.022837 0.028846
0 0.982572 0.418870 0.025240 0.042067
0 0.453726 0.420607 0.030048 0.057560
0 0.402043 0.569712 0.018029 0.036058
0 0.416190 0.412386 0.017476 0.060349
0 0.246394 0.561298 0.014423 0.038462
0 0.274038 0.423678 0.019231 0.044471
0 0.510823 0.553870 0.026454 0.065337
0 0.212740 0.431490 0.019231 0.031250
0 0.421875 0.553486 0.014423 0.046875
0 0.673263 0.428876 0.017272 0.031118
0 0.936298 0.418269 0.019231 0.043269
0 0.613582 0.564904 0.020433 0.038462
0 0.343149 0.420072 0.018029 0.039663
0 0.460475 0.575883 0.028137 0.053714
0 0.911058 0.409255 0.012019 0.044471
0 0.626202 0.410457 0.016827 0.049279
0 0.165192 0.555066 0.023149 0.066743
0 0.077260 0.584375 0.011827 0.016995
0 0.363215 0.571935 0.016743 0.030048
0 0.525523 0.579075 0.027103 0.108365
0 0.571701 0.569471 0.019459 0.024639
0 0.250421 0.418251 0.020000 0.056911
0 0.693167 0.427879 0.020084 0.032776
0 0.432897 0.426316 0.016659 0.029363
0 0.500469 0.416875 0.013654 0.038942
