0 0.915264 0.513822 0.027644 0.090144
0 0.167067 0.471154 0.036058 0.055288
0 0.506611 0.484976 0.025240 0.032452
0 0.407452 0.468750 0.021635 0.057692
0 0.540264 0.486178 0.032452 0.044471
0 0.886418 0.485577 0.022837 0.031250
0 0.203125 0.483774 0.019231 0.027644
0 0.014423 0.474760 0.024038 0.040865
0 0.375000 0.483173 0.026442 0.031250
0 0.812500 0.474760 0.021635 0.052885
0 0.431490 0.483774 0.024038 0.034856
0 0.231971 0.509615 0.021635 0.091346
0 0.098558 0.476562 0.024038 0.037260
0 0.264423 0.489784 0.021635 0.025240
0 0.661058 0.483173 0.026442 0.028846
0 0.065505 0.483173 0.027644 0.028846
0 0.713942 0.472957 0.028846 0.058894
0 0.626803 0.481971 0.027644 0.038462
0 0.039062 0.468750 0.015625 0.052885
0 0.949519 0.482572 0.021635 0.032452
0 0.458534 0.474760 0.018029 0.052885
0 0.762019 0.477764 0.024038 0.032452
0 0.483173 0.477163 0.014423 0.048077
0 0.784856 0.481370 0.021635 0.037260
0 0.349760 0.477764 0.021635 0.034856
0 0.310096 0.478966 0.045673 0.037260
0 0.978528 0.483816 0.038137 0.037344
0 0.689303 0.483774 0.018029 0.030048
0 0.859375 0.478966 0.024038 0.034856
0 0.833101 0.471647 0.019207 0.052091
