0 0.265024 0.531851 0.032452 0.094952
0 0.511418 0.522236 0.027644 0.075721
0 0.130409 0.350361 0.030048 0.061298
0 0.253606 0.361178 0.036058 0.042067
0 0.199519 0.631611 0.024038 0.066106
0 0.097957 0.488582 0.022837 0.056490
0 0.866587 0.355769 0.024038 0.055288
0 0.627404 0.361779 0.028846 0.038462
0 0.596755 0.361178 0.025240 0.042067
0 0.548077 0.494591 0.026442 0.049279
0 0.162260 0.359976 0.021635 0.037260
0 0.350361 0.487981 0.022837 0.067308
0 0.201923 0.504808 0.024038 0.033654
0 0.141827 0.641226 0.021635 0.039663
0 0.424279 0.630409 0.021635 0.068510
0 0.375601 0.362981 0.022837 0.040865
0 0.983173 0.355168 0.021635 0.032452
0 0.348558 0.355168 0.021635 0.056490
0 0.573918 0.504207 0.020433 0.034856
0 0.026442 0.486178 0.026442 0.063702
0 0.658654 0.360577 0.026442 0.040865
0 0.284255 0.647837 0.027644 0.040865
0 0.042668 0.641226 0.020433 0.037260
0 0.549880 0.353365 0.022837 0.062500
0 0.471755 0.359976 0.022837 0.042067
0 0.174279 0.503606 0.021635 0.031250
0 0.064904 0.644832 0.021635 0.032452
0 0.071514 0.503005 0.022837 0.032452
0 0.664663 0.494591 0.019231 0.051683
0 0.042668 0.360577 0.022837 0.038462
0 0.132212 0.484976 0.019231 0.066106
0 0.932692 0.502404 0.024038 0.045673
0 0.394832 0.648438 0.022837 0.039663
0 0.905649 0.510817 0.030048 0.100962
0 0.165865 0.645433 0.026442 0.031250
0 0.803486 0.503606 0.020433 0.036058
0 0.069111 0.353365 0.015625 0.055288
0 0.697716 0.502404 0.032452 0.038462
0 0.310697 0.355168 0.010817 0.049279
0 0.295673 0.503005 0.024038 0.044471
0 0.254207 0.642428 0.015625 0.046875
0 0.523438 0.347957 0.020433 0.063702
0 0.931490 0.357572 0.031250 0.049279
0 0.115986 0.628606 0.025240 0.055288
0 0.227764 0.503606 0.018029 0.043269
0 0.287260 0.360577 0.019231 0.043269
0 0.744591 0.360577 0.022837 0.038462
0 0.463341 0.495192 0.032452 0.057692
0 0.048678 0.500601 0.018029 0.034856
0 0.018630 0.631010 0.027644 0.057692
0 0.840745 0.492188 0.018029 0.058894
0 0.390625 0.503606 0.031250 0.036058
0 0.575120 0.355168 0.013221 0.051683
0 0.228365 0.634615 0.019231 0.060096
0 0.822716 0.503606 0.015625 0.033654
0 0.768630 0.353966 0.013221 0.046875
0 0.315625 0.501869 0.015865 0.037392
0 0.323918 0.644231 0.030048 0.040865
0 0.862981 0.504207 0.024038 0.032452
0 0.772109 0.494111 0.039916 0.067548
0 0.191707 0.360577 0.027644 0.031250
0 0.830529 0.365385 0.038462 0.033654
0 0.328125 0.362380 0.016827 0.034856
0 0.018630 0.346755 0.025240 0.070913
0 0.616334 0.490974 0.020216 0.055697
0 0.400841 0.364183 0.022837 0.033654
0 0.957933 0.358173 0.014423 0.045673
0 0.794471 0.364183 0.028846 0.031250
0 0.435697 0.503005 0.022837 0.039663
0 0.417668 0.497596 0.013221 0.052885
0 0.153846 0.494591 0.014423 0.049279
0 0.490733 0.497644 0.019928 0.043173
0 0.450174 0.349501 0.026599 0.063546
0 0.493582 0.361136 0.028438 0.038786
0 0.684772 0.365198 0.034736 0.043233
0 0.597951 0.494117 0.023474 0.057969
0 0.333167 0.502650 0.020637 0.038666
0 0.891641 0.507782 0.026671 0.035012
