0 0.281851 0.408053 0.044471 0.097356
0 0.173077 0.296274 0.079327 0.070913
0 0.324519 0.689904 0.050481 0.084135
0 0.820913 0.657452 0.045673 0.050481
0 0.237380 0.368389 0.042067 0.068510
0 0.292067 0.290264 0.038462 0.080529
0 0.760216 0.658053 0.044471 0.046875
0 0.617788 0.671274 0.055288 0.063702
0 0.265625 0.658053 0.038462 0.044471
0 0.705529 0.658053 0.040865 0.044471
0 0.511178 0.661611 0.045288 0.043269
0 0.149639 0.502404 0.044471 0.067308
0 0.391599 0.664062 0.067308 0.049279
0 0.206130 0.669471 0.049279 0.045673
0 0.458534 0.651442 0.044471 0.064904
0 0.146034 0.373798 0.049279 0.060096
0 0.668870 0.647837 0.027644 0.064904
0 0.371394 0.296875 0.016827 0.050481
0 0.416466 0.308894 0.054087 0.057692
0 0.261418 0.506611 0.020433 0.061298
0 0.370793 0.519832 0.042067 0.037260
0 0.239784 0.308894 0.039663 0.043269
0 0.290865 0.515024 0.028846 0.039663
0 0.416466 0.516827 0.042067 0.040865
0 0.332332 0.501202 0.032452 0.079327
0 0.153245 0.650841 0.051683 0.078125
0 0.336538 0.302885 0.043269 0.036058
0 0.329928 0.385216 0.039663 0.039663
0 0.189303 0.381611 0.034856 0.034856
0 0.373197 0.368389 0.034856 0.058894
0 0.189904 0.495793 0.033654 0.070913
0 0.227163 0.519832 0.038462 0.034856
0 0.567915 0.663317 0.069291 0.039399
