0 0.283053 0.784255 0.030048 0.123798
0 0.042067 0.786058 0.028846 0.115385
0 0.410300 0.340162 0.025817 0.106070
0 0.045673 0.484976 0.016827 0.030048
0 0.559495 0.648438 0.022837 0.080529
0 0.028846 0.177885 0.024038 0.067308
0 0.412861 0.620793 0.022837 0.034856
0 0.472356 0.790865 0.026442 0.084135
0 0.183894 0.759615 0.031250 0.096154
0 0.485577 0.468149 0.024038 0.049279
0 0.103365 0.356370 0.021635 0.075721
0 0.451923 0.756010 0.014423 0.045673
0 0.092548 0.221154 0.019231 0.076923
0 0.584736 0.608774 0.020433 0.051683
0 0.515625 0.621394 0.016827 0.036058
0 0.341947 0.195913 0.018029 0.036058
0 0.322716 0.515625 0.032452 0.110577
0 0.359976 0.612380 0.022837 0.054087
0 0.464543 0.640024 0.025240 0.080529
0 0.879207 0.475962 0.018029 0.036058
0 0.179688 0.623155 0.018029 0.034940
0 0.552885 0.207933 0.026442 0.088942
0 0.385817 0.623798 0.021635 0.040865
0 0.472957 0.199519 0.022837 0.028846
0 0.350361 0.759014 0.020433 0.034856
0 0.260817 0.185096 0.019231 0.057692
0 0.220553 0.628005 0.018029 0.037260
0 0.565505 0.472957 0.013221 0.054087
0 0.311899 0.646034 0.027644 0.075721
0 0.196298 0.184459 0.029856 0.054014
0 0.241112 0.198504 0.027897 0.031623
0 0.500601 0.185096 0.025240 0.052885
0 0.550481 0.757812 0.016827 0.046875
0 0.394832 0.746394 0.027644 0.067308
0 0.072716 0.762620 0.020433 0.034856
0 0.154447 0.651442 0.020433 0.086538
0 0.428486 0.475361 0.030048 0.032452
0 0.492788 0.618389 0.021635 0.042067
0 0.430288 0.743389 0.019231 0.061298
0 0.150841 0.469351 0.027644 0.061298
0 0.367188 0.197115 0.027644 0.031250
0 0.608774 0.617788 0.018029 0.036058
0 0.718149 0.471154 0.020433 0.048077
0 0.117188 0.612380 0.018029 0.056490
0 0.829928 0.467548 0.015625 0.050481
0 0.272837 0.339543 0.026442 0.034856
0 0.899639 0.474760 0.018029 0.038462
0 0.946514 0.475361 0.022837 0.037260
0 0.312500 0.763822 0.021635 0.032452
0 0.148438 0.321514 0.018029 0.056490
0 0.502404 0.751202 0.024038 0.067308
0 0.091346 0.483774 0.019231 0.037260
0 0.378005 0.476562 0.022837 0.032452
0 0.617188 0.194712 0.020433 0.038462
0 0.851562 0.477163 0.025240 0.033654
0 0.281851 0.195913 0.015625 0.031250
0 0.207332 0.475361 0.020433 0.037260
0 0.241412 0.613113 0.016478 0.053149
0 0.638822 0.182091 0.022837 0.061298
0 0.061737 0.473558 0.012897 0.048077
0 0.111178 0.756010 0.020433 0.048077
0 0.238582 0.317909 0.025240 0.061298
0 0.221022 0.186082 0.015625 0.052885
0 0.401442 0.476562 0.016827 0.034856
0 0.125601 0.323918 0.015625 0.049279
0 0.445913 0.201322 0.021635 0.034856
0 0.537260 0.623197 0.021635 0.034856
0 0.586538 0.482572 0.019231 0.027644
0 0.212139 0.330529 0.013221 0.045673
0 0.198317 0.614183 0.016827 0.052885
0 0.138594 0.618149 0.010817 0.038726
0 0.635216 0.626202 0.027644 0.043269
0 0.176082 0.464543 0.020433 0.063702
0 0.035457 0.605769 0.020433 0.052885
0 0.528245 0.766827 0.020433 0.038462
0 0.274994 0.483954 0.020781 0.030745
0 0.025841 0.322115 0.018029 0.064904
0 0.172476 0.324519 0.025240 0.067308
0 0.319712 0.180288 0.019231 0.057692
0 0.576923 0.746394 0.026442 0.060096
0 0.371995 0.332933 0.015625 0.048077
0 0.764423 0.478365 0.019231 0.036058
0 0.331130 0.759615 0.015625 0.036058
0 0.976562 0.458534 0.037260 0.070913
0 0.513822 0.463942 0.018029 0.057692
0 0.921875 0.476562 0.021635 0.042067
0 0.095607 0.612332 0.022945 0.056394
0 0.784255 0.476562 0.020433 0.034856
0 0.050481 0.320312 0.019231 0.058894
0 0.112380 0.193510 0.015625 0.036058
0 0.739784 0.479567 0.022837 0.040865
0 0.347416 0.326935 0.033774 0.072091
0 0.230998 0.464291 0.022091 0.068005
0 0.093750 0.750601 0.014423 0.061298
0 0.538522 0.476400 0.027236 0.036863
0 0.075925 0.627981 0.018029 0.030865
0 0.231785 0.765517 0.015565 0.029351
0 0.055288 0.186899 0.019231 0.049279
0 0.027644 0.481370 0.014423 0.030048
0 0.073317 0.196514 0.014423 0.030048
0 0.576298 0.197867 0.018029 0.032031
0 0.272410 0.627061 0.015877 0.027584
0 0.805288 0.462139 0.019231 0.058894
0 0.129808 0.193510 0.019231 0.036058
0 0.596346 0.184952 0.021058 0.059976
0 0.007812 0.545673 0.015625 0.033654
0 0.608173 0.480168 0.021635 0.030048
0 0.440505 0.617788 0.018029 0.024038
0 0.292770 0.623504 0.018498 0.030325
0 0.256599 0.614814 0.012909 0.052103
0 0.058155 0.615397 0.011719 0.048245
0 0.074393 0.472308 0.012079 0.058534
0 0.190763 0.466346 0.015541 0.056298
0 0.253179 0.482230 0.022969 0.030036
0 0.298594 0.483269 0.027115 0.031418
0 0.393576 0.326118 0.014772 0.060144
0 0.428365 0.342308 0.019928 0.035937
0 0.298167 0.195228 0.016310 0.030745
0 0.656388 0.200306 0.022656 0.030805
0 0.374585 0.762644 0.014603 0.033245
0 0.212452 0.754435 0.027308 0.051514
