0 0.900841 0.479567 0.049279 0.088942
0 0.028245 0.525841 0.039663 0.082933
0 0.954928 0.489784 0.037260 0.046875
0 0.185697 0.490385 0.015625 0.052885
0 0.531851 0.491587 0.030048 0.055288
0 0.224159 0.496995 0.051683 0.039663
0 0.796875 0.490986 0.024038 0.054087
0 0.112380 0.489183 0.032452 0.055288
0 0.494591 0.493389 0.018029 0.044471
0 0.156250 0.497596 0.026442 0.033654
0 0.066707 0.496394 0.027644 0.036058
0 0.746995 0.492188 0.046875 0.032452
0 0.823918 0.489784 0.022837 0.054087
0 0.384014 0.487380 0.032452 0.044471
0 0.573317 0.501803 0.028846 0.025240
0 0.430889 0.500601 0.042067 0.034856
0 0.630409 0.493389 0.046875 0.046875
0 0.468750 0.500601 0.024038 0.034856
0 0.266827 0.499399 0.024038 0.034856
0 0.992788 0.504207 0.014423 0.025240
0 0.296274 0.498197 0.025240 0.032452
0 0.602536 0.502831 0.027476 0.026382
