0 0.522236 0.450721 0.042067 0.093750
0 0.043870 0.508413 0.042067 0.067308
0 0.929688 0.524639 0.030048 0.034856
0 0.089543 0.519832 0.030048 0.046875
0 0.885817 0.504808 0.038462 0.076923
0 0.227163 0.518029 0.045673 0.105769
0 0.666466 0.433894 0.032452 0.064904
0 0.169471 0.521635 0.031250 0.038462
0 0.322716 0.525240 0.032452 0.036058
0 0.969952 0.521034 0.038462 0.042067
0 0.401442 0.524038 0.031250 0.036058
0 0.129808 0.519832 0.031250 0.044471
0 0.285457 0.525240 0.027644 0.038462
0 0.623197 0.525841 0.037260 0.030048
0 0.364183 0.525240 0.024038 0.031250
0 0.631611 0.450721 0.030048 0.036058
0 0.833534 0.516226 0.032452 0.020433
0 0.674279 0.509014 0.031250 0.061298
0 0.770433 0.508413 0.024038 0.069712
0 0.712482 0.512019 0.017752 0.064904
0 0.575487 0.455998 0.026406 0.046875
0 0.555517 0.521635 0.027909 0.040865
0 0.259381 0.509255 0.035469 0.070937
0 0.590475 0.521629 0.030637 0.044339
0 0.496466 0.512151 0.038245 0.058894
0 0.522115 0.527410 0.035745 0.025805
0 0.603972 0.447392 0.027921 0.024567
0 0.550523 0.457638 0.026719 0.042416
0 0.741593 0.517716 0.022151 0.056130
