0 0.145433 0.451322 0.031250 0.099760
0 0.137019 0.549880 0.024038 0.054087
0 0.316106 0.143029 0.028846 0.096154
0 0.029447 0.408654 0.027644 0.060096
0 0.528245 0.732572 0.039663 0.087740
0 0.167668 0.587740 0.025240 0.084135
0 0.381010 0.869591 0.031250 0.087740
0 0.588942 0.304688 0.026442 0.080529
0 0.265024 0.138822 0.030048 0.034856
0 0.292668 0.834736 0.022837 0.056490
0 0.215144 0.838341 0.036058 0.068510
0 0.215745 0.265625 0.022837 0.060096
0 0.781250 0.410457 0.031250 0.054087
0 0.194712 0.560697 0.024038 0.039663
0 0.143630 0.140625 0.030048 0.040865
0 0.206731 0.138822 0.026442 0.034856
0 0.744591 0.548678 0.022837 0.058894
0 0.549880 0.418870 0.022837 0.039663
0 0.682091 0.562500 0.020433 0.038462
0 0.733774 0.159856 0.022837 0.081731
0 0.279447 0.564303 0.020433 0.032452
0 0.782903 0.141827 0.027344 0.033654
0 0.113582 0.566707 0.020433 0.030048
0 0.033654 0.695312 0.024038 0.054087
0 0.034255 0.837139 0.027644 0.058894
0 0.608173 0.701923 0.028846 0.036058
0 0.487380 0.553486 0.030048 0.054087
0 0.137620 0.274038 0.025240 0.050481
0 0.602163 0.149639 0.028846 0.094952
0 0.646635 0.138221 0.021635 0.031250
0 0.965745 0.699519 0.022837 0.036058
0 0.604567 0.874399 0.024038 0.085337
0 0.627404 0.552284 0.031250 0.054087
0 0.868389 0.562500 0.044471 0.036058
0 0.232572 0.563702 0.032452 0.038462
0 0.088341 0.706731 0.032452 0.038462
0 0.328726 0.554087 0.020433 0.050481
0 0.654447 0.275841 0.020433 0.034856
0 0.764988 0.278281 0.021635 0.038462
0 0.237380 0.280048 0.018029 0.033654
0 0.668269 0.835938 0.024038 0.058894
0 0.548678 0.840745 0.013221 0.046875
0 0.694111 0.417067 0.020433 0.031250
0 0.491587 0.278245 0.019231 0.034856
0 0.078125 0.126803 0.021635 0.058894
0 0.529447 0.413462 0.013221 0.045673
0 0.373197 0.136418 0.027644 0.042067
0 0.802284 0.131010 0.010817 0.050481
0 0.387620 0.694111 0.037260 0.061298
0 0.428486 0.702524 0.032452 0.039663
0 0.317308 0.705529 0.028846 0.036058
0 0.301683 0.552284 0.024038 0.054087
0 0.504207 0.411659 0.022837 0.056490
0 0.597957 0.412260 0.020433 0.057692
0 0.771034 0.703726 0.015625 0.030048
0 0.802885 0.835938 0.026442 0.054087
0 0.315505 0.278245 0.018029 0.039663
0 0.174880 0.141827 0.025240 0.033654
0 0.665865 0.129207 0.012019 0.051683
0 0.686911 0.280649 0.045216 0.037260
0 0.030649 0.266827 0.020433 0.060096
0 0.681490 0.139423 0.016827 0.033654
0 0.531851 0.137620 0.037260 0.039663
0 0.895433 0.701322 0.024038 0.037260
0 0.939303 0.688702 0.022837 0.060096
0 0.837740 0.278245 0.021635 0.037260
0 0.424279 0.136418 0.024038 0.034856
0 0.244591 0.702524 0.020433 0.034856
0 0.656851 0.701923 0.020433 0.038462
0 0.052284 0.278846 0.015625 0.038462
0 0.702524 0.126803 0.025240 0.058894
0 0.262620 0.278846 0.022837 0.038462
0 0.465745 0.264423 0.022837 0.064904
0 0.720553 0.840745 0.034856 0.044471
0 0.511418 0.279447 0.018029 0.032452
0 0.290264 0.701322 0.020433 0.037260
0 0.819712 0.137019 0.014423 0.033654
0 0.769832 0.585337 0.025240 0.076923
0 0.732572 0.703125 0.022837 0.033654
0 0.386418 0.280048 0.022837 0.088942
0 0.068510 0.561298 0.021635 0.036058
0 0.814303 0.548077 0.022837 0.057692
0 0.704327 0.706130 0.031250 0.034856
0 0.627404 0.128005 0.016827 0.054087
0 0.378005 0.559495 0.020433 0.034856
0 0.558894 0.561298 0.016827 0.036058
0 0.193510 0.280649 0.016827 0.032452
0 0.718149 0.405048 0.027644 0.072115
0 0.024639 0.581731 0.025240 0.096154
0 0.526442 0.850962 0.024038 0.026442
0 0.182692 0.707332 0.026442 0.034856
0 0.224159 0.426683 0.022837 0.031250
0 0.347957 0.281250 0.020433 0.031250
0 0.219351 0.691106 0.030048 0.064904
0 0.436298 0.424880 0.024038 0.030048
0 0.862981 0.278245 0.028846 0.034856
0 0.403245 0.559495 0.022837 0.039663
0 0.058293 0.701923 0.022837 0.040865
0 0.841947 0.416466 0.018029 0.037260
0 0.065505 0.420072 0.030048 0.037260
0 0.810096 0.281851 0.024038 0.032452
0 0.836538 0.123197 0.019231 0.054087
0 0.400841 0.129207 0.013221 0.051683
0 0.774038 0.850361 0.021635 0.030048
0 0.540264 0.561899 0.018029 0.034856
0 0.751202 0.843750 0.024038 0.040865
0 0.075144 0.282452 0.025288 0.081731
0 0.194712 0.424880 0.024038 0.032452
0 0.575721 0.406851 0.019231 0.066106
0 0.820913 0.694712 0.021635 0.057692
0 0.757812 0.136418 0.018029 0.032452
0 0.858173 0.125601 0.024038 0.056490
0 0.656250 0.417067 0.021635 0.036058
0 0.676082 0.411659 0.013221 0.044471
0 0.753606 0.698918 0.012019 0.046875
0 0.246995 0.840745 0.015625 0.044471
0 0.515625 0.567308 0.021635 0.033654
0 0.410457 0.263822 0.018029 0.054087
0 0.063101 0.843750 0.020433 0.036058
0 0.616587 0.277043 0.019231 0.032452
0 0.655649 0.563702 0.020433 0.031250
0 0.111178 0.281250 0.025240 0.031250
0 0.341346 0.424279 0.021635 0.040865
0 0.427885 0.272837 0.012019 0.045673
0 0.444111 0.284856 0.020433 0.031250
0 0.576322 0.847356 0.027644 0.031250
0 0.792668 0.690505 0.022837 0.054087
0 0.268029 0.704327 0.019231 0.033654
0 0.457206 0.847578 0.028618 0.043089
0 0.462740 0.703125 0.028846 0.036058
0 0.828125 0.843149 0.019231 0.030048
0 0.864784 0.701322 0.030048 0.039663
0 0.850361 0.843750 0.025240 0.033654
0 0.634615 0.265625 0.016827 0.052885
0 0.139423 0.847356 0.024038 0.033654
0 0.243990 0.424880 0.016827 0.032452
0 0.460938 0.418870 0.020433 0.037260
0 0.813702 0.421875 0.026442 0.028846
0 0.481370 0.420072 0.020433 0.032452
0 0.260817 0.555889 0.014423 0.049279
0 0.987380 0.689303 0.018029 0.054087
0 0.409748 0.424123 0.024351 0.038413
0 0.628005 0.847356 0.020433 0.028846
0 0.118389 0.423678 0.022837 0.032452
0 0.082332 0.846755 0.018029 0.030048
0 0.057091 0.128606 0.020433 0.060096
0 0.324519 0.846755 0.019231 0.037260
0 0.033654 0.119591 0.026442 0.078125
0 0.152043 0.707933 0.022837 0.036058
0 0.266226 0.847356 0.018029 0.028846
0 0.320312 0.421274 0.020433 0.037260
0 0.634014 0.705529 0.022837 0.031250
0 0.091947 0.558894 0.013221 0.043269
0 0.266827 0.436899 0.014423 0.025240
0 0.435697 0.578125 0.013221 0.028846
0 0.169471 0.271034 0.016827 0.051683
0 0.501803 0.849159 0.022837 0.027644
0 0.564303 0.269231 0.022837 0.052885
0 0.647236 0.847957 0.018029 0.034856
0 0.105168 0.847356 0.022837 0.036058
0 0.879808 0.853365 0.014423 0.019231
0 0.093750 0.424279 0.019231 0.038462
0 0.498197 0.132812 0.015625 0.044471
0 0.787260 0.274038 0.016827 0.050481
0 0.091358 0.276935 0.010096 0.037933
0 0.181262 0.276689 0.012067 0.040397
0 0.300962 0.137031 0.020433 0.032019
0 0.793966 0.557314 0.019351 0.041719
0 0.834423 0.557819 0.024880 0.040204
0 0.833065 0.724129 0.014856 0.029868
0 0.500331 0.704675 0.031767 0.036034
0 0.355697 0.847482 0.025481 0.034844
0 0.479856 0.847121 0.023654 0.041454
0 0.052290 0.553444 0.015469 0.051262
0 0.393978 0.422428 0.024928 0.039351
0 0.332302 0.268197 0.017175 0.072212
0 0.369645 0.279784 0.028546 0.085865
