0 0.322115 0.504207 0.048077 0.063702
0 0.743990 0.503005 0.045673 0.068510
0 0.140024 0.506611 0.032452 0.066106
0 0.049279 0.500601 0.048077 0.080529
0 0.833534 0.508413 0.027644 0.036058
0 0.950120 0.489183 0.025240 0.038462
0 0.917067 0.520433 0.028846 0.040865
0 0.790865 0.523438 0.036058 0.044471
0 0.879207 0.508413 0.032452 0.055288
0 0.505409 0.519231 0.046875 0.048077
0 0.179087 0.501803 0.024038 0.068510
0 0.096755 0.515024 0.037260 0.046875
0 0.684495 0.520433 0.032452 0.019231
0 0.392428 0.511418 0.039663 0.034856
0 0.599159 0.513822 0.039663 0.032452
0 0.211538 0.521635 0.031250 0.040865
0 0.251202 0.516827 0.048077 0.040865
