0 0.039062 0.515625 0.032452 0.067308
0 0.530048 0.515024 0.038462 0.070913
0 0.197716 0.526442 0.027644 0.036058
0 0.440505 0.519832 0.039663 0.066106
0 0.494591 0.534255 0.025240 0.032452
0 0.163462 0.519832 0.028846 0.054087
0 0.136418 0.530048 0.020433 0.033654
0 0.878005 0.528245 0.022837 0.042067
0 0.090313 0.517067 0.020433 0.055288
0 0.112981 0.520433 0.021635 0.062500
0 0.854543 0.517728 0.022837 0.058894
0 0.811899 0.515625 0.025240 0.060096
0 0.941707 0.529447 0.030048 0.046875
0 0.908053 0.523438 0.025240 0.042067
0 0.067380 0.531298 0.026106 0.033005
0 0.470691 0.534255 0.028810 0.033990
0 0.561947 0.529820 0.031034 0.036947
