0 0.027043 0.481971 0.037260 0.096154
0 0.415264 0.505409 0.025240 0.039663
0 0.935096 0.507212 0.019231 0.036058
0 0.834736 0.495793 0.027644 0.061298
0 0.256611 0.534255 0.027644 0.092548
0 0.445913 0.508413 0.024038 0.031250
0 0.602163 0.503606 0.026442 0.057692
0 0.704327 0.510817 0.026442 0.036058
0 0.785457 0.493990 0.022837 0.057692
0 0.810096 0.509615 0.019231 0.033654
0 0.063702 0.491587 0.024038 0.069712
0 0.355168 0.513221 0.027644 0.043269
0 0.331731 0.508413 0.019231 0.038462
0 0.165264 0.513221 0.018029 0.038462
0 0.894231 0.495192 0.019231 0.057692
0 0.734976 0.501803 0.027644 0.063702
0 0.631611 0.503606 0.018029 0.055288
0 0.189303 0.511418 0.020433 0.032452
0 0.139423 0.539062 0.028846 0.090144
0 0.579327 0.511418 0.019231 0.030048
0 0.091346 0.509615 0.021635 0.036058
0 0.962139 0.509615 0.027644 0.038462
0 0.988582 0.492788 0.018029 0.043269
0 0.674279 0.512019 0.026442 0.033654
0 0.475361 0.521034 0.022837 0.030048
0 0.558293 0.505409 0.013221 0.046875
0 0.866587 0.507812 0.026442 0.044471
0 0.534255 0.496995 0.027644 0.056490
0 0.231370 0.512019 0.018029 0.093750
0 0.914062 0.498798 0.020433 0.067308
0 0.307091 0.494591 0.022837 0.061298
0 0.284255 0.507212 0.022837 0.045673
0 0.209736 0.513822 0.020433 0.034856
0 0.114183 0.510817 0.021635 0.038462
