0 0.789363 0.522632 0.047115 0.061803
0 0.495793 0.528846 0.027644 0.064904
0 0.245192 0.529447 0.031250 0.042067
0 0.302885 0.534255 0.060096 0.044471
0 0.071514 0.502404 0.066106 0.093750
0 0.201322 0.521034 0.039663 0.051683
0 0.648438 0.531851 0.032452 0.030048
0 0.605769 0.531851 0.031250 0.032452
0 0.688101 0.524639 0.027644 0.056490
0 0.543269 0.528245 0.038462 0.058894
0 0.357572 0.539663 0.034856 0.036058
0 0.870793 0.540865 0.027644 0.036058
0 0.438702 0.539663 0.062500 0.036058
0 0.731370 0.536058 0.056490 0.036058
0 0.393630 0.535457 0.022837 0.037260
0 0.843149 0.535457 0.020433 0.034856
0 0.905649 0.540865 0.037260 0.028846
0 0.131010 0.536058 0.024038 0.026442
0 0.944712 0.538462 0.038462 0.024038
0 0.816250 0.536436 0.022909 0.032512
