0 0.393029 0.489784 0.050481 0.063702
0 0.146707 0.492728 0.047668 0.053894
0 0.757812 0.515625 0.054087 0.055288
0 0.814303 0.492788 0.039663 0.060096
0 0.623798 0.489784 0.038462 0.061298
0 0.280048 0.489183 0.060096 0.076923
0 0.859375 0.504207 0.033654 0.051683
0 0.438101 0.505409 0.034856 0.030048
0 0.489183 0.495192 0.036058 0.062500
0 0.668870 0.502404 0.034856 0.026442
0 0.579928 0.503005 0.027644 0.046875
0 0.537861 0.507812 0.056490 0.044471
0 0.710938 0.509615 0.032452 0.040865
0 0.161496 0.519489 0.023281 0.021791
