0 0.296274 0.440505 0.042067 0.085337
0 0.756611 0.582933 0.046875 0.076923
0 0.327524 0.553486 0.082933 0.051683
0 0.450721 0.418269 0.036058 0.038462
0 0.763822 0.439904 0.034856 0.088942
0 0.413462 0.417067 0.031250 0.040865
0 0.486178 0.409255 0.022837 0.054087
0 0.681490 0.547476 0.026442 0.042067
0 0.337740 0.420673 0.033654 0.040865
0 0.451923 0.554688 0.036058 0.044471
0 0.373197 0.419471 0.032452 0.036058
0 0.407452 0.562500 0.033654 0.026442
0 0.563702 0.554688 0.028846 0.037260
0 0.635817 0.548077 0.043269 0.052885
0 0.668870 0.409255 0.018029 0.051683
0 0.728365 0.418269 0.031250 0.031250
0 0.640024 0.412260 0.032452 0.050481
0 0.572716 0.412260 0.018029 0.043269
0 0.596755 0.558894 0.030048 0.028846
0 0.488582 0.560096 0.027644 0.033654
0 0.606370 0.420072 0.027644 0.030048
0 0.538498 0.420403 0.045745 0.035517
0 0.694111 0.420072 0.025240 0.030048
0 0.712139 0.561298 0.034856 0.031250
0 0.234375 0.561899 0.031250 0.020433
0 0.520433 0.559495 0.036058 0.030048
0 0.231971 0.406851 0.028846 0.020433
0 0.368888 0.560817 0.021430 0.033990
