0 0.590745 0.513822 0.027644 0.109375
0 0.489784 0.501803 0.034856 0.087740
0 0.932692 0.467548 0.031250 0.043269
0 0.099159 0.509615 0.039663 0.103365
0 0.677284 0.463341 0.042067 0.063702
0 0.353966 0.464543 0.032452 0.058894
0 0.969952 0.471755 0.038462 0.037260
0 0.433894 0.477163 0.033654 0.036058
0 0.813702 0.463341 0.033654 0.073317
0 0.217320 0.467819 0.028942 0.053113
0 0.391226 0.472957 0.025240 0.037260
0 0.254808 0.471755 0.019231 0.039663
0 0.713942 0.469952 0.021635 0.036058
0 0.885216 0.469351 0.032452 0.039663
0 0.176683 0.469952 0.016827 0.050481
0 0.023438 0.467548 0.032452 0.048077
0 0.132704 0.478365 0.025745 0.031250
0 0.845553 0.472356 0.025240 0.033654
0 0.524639 0.481370 0.020433 0.025240
0 0.289062 0.481971 0.022837 0.033654
0 0.557692 0.477163 0.028846 0.031250
0 0.738173 0.470180 0.024135 0.037187
0 0.466136 0.475847 0.031767 0.037200
0 0.153948 0.478185 0.018714 0.025120
0 0.196677 0.481088 0.010998 0.027248
