0 0.265024 0.522837 0.042067 0.100962
0 0.698918 0.481370 0.068510 0.066106
0 0.393029 0.489784 0.028846 0.039663
0 0.588942 0.487380 0.031250 0.058894
0 0.431490 0.489784 0.040865 0.039663
0 0.968750 0.496394 0.036058 0.048077
0 0.359976 0.475962 0.025240 0.060096
0 0.106370 0.495192 0.034856 0.040865
0 0.835938 0.492788 0.046875 0.038462
0 0.780649 0.493389 0.037260 0.032452
0 0.040264 0.493389 0.032452 0.042067
0 0.512019 0.491587 0.033654 0.033654
0 0.203125 0.494591 0.031250 0.037260
0 0.551082 0.495192 0.034856 0.040865
0 0.072115 0.497596 0.028846 0.031250
0 0.936899 0.492788 0.022837 0.033654
0 0.881611 0.487981 0.027644 0.043269
0 0.322115 0.496394 0.028846 0.040865
0 0.170673 0.481370 0.033654 0.066106
0 0.238906 0.496995 0.033990 0.038918
0 0.296172 0.494165 0.024868 0.034243
0 0.737933 0.498720 0.038438 0.039555
0 0.917993 0.481370 0.028365 0.067548
