0 0.654447 0.563101 0.049279 0.068510
0 0.409856 0.561298 0.064904 0.074519
0 0.709736 0.561899 0.044471 0.080529
0 0.469952 0.560096 0.055288 0.074519
0 0.278846 0.555889 0.057692 0.073317
0 0.341346 0.420072 0.048077 0.066106
0 0.343149 0.569712 0.056490 0.067308
0 0.524639 0.560096 0.044471 0.079327
0 0.484375 0.421274 0.048077 0.068510
0 0.616587 0.418870 0.043269 0.075721
0 0.424279 0.426683 0.045673 0.079327
0 0.596755 0.559495 0.056490 0.068510
0 0.546875 0.426082 0.069712 0.082933
0 0.270433 0.418269 0.072115 0.069712
0 0.673678 0.424279 0.068510 0.069712
0 0.712668 0.423570 0.031034 0.086827
0 0.743696 0.561563 0.028089 0.098269
0 0.548450 0.601094 0.024014 0.036202
