0 0.132812 0.471154 0.056490 0.079327
0 0.044471 0.467548 0.052885 0.052885
0 0.862380 0.483774 0.030048 0.032452
0 0.447115 0.503005 0.050481 0.140625
0 0.942909 0.514423 0.063702 0.096154
0 0.828726 0.469351 0.025240 0.049279
0 0.790264 0.471755 0.039663 0.061298
0 0.206130 0.463942 0.020433 0.069712
0 0.640625 0.468750 0.028846 0.062500
0 0.496394 0.484375 0.033654 0.036058
0 0.304688 0.473558 0.025240 0.067308
0 0.605769 0.482572 0.036058 0.037260
0 0.270944 0.468900 0.035733 0.066863
0 0.343750 0.472957 0.045673 0.049279
0 0.754207 0.481971 0.025240 0.038462
0 0.569111 0.479567 0.032452 0.043269
0 0.688594 0.482536 0.048678 0.037332
0 0.531851 0.478966 0.030048 0.042067
0 0.172542 0.480944 0.031526 0.035469
0 0.238107 0.481412 0.029026 0.039579
0 0.721358 0.474062 0.022236 0.055793
0 0.903425 0.481977 0.041082 0.032416
