0 0.911659 0.542668 0.027644 0.063702
0 0.453125 0.540264 0.045673 0.066106
0 0.689303 0.584736 0.032452 0.090144
0 0.751803 0.531851 0.034856 0.058894
0 0.084135 0.410457 0.026442 0.034856
0 0.204327 0.415865 0.033654 0.036058
0 0.367188 0.548077 0.034856 0.069712
0 0.124399 0.557091 0.037260 0.092548
0 0.352764 0.402644 0.037260 0.062500
0 0.281250 0.415865 0.031250 0.036058
0 0.647837 0.415264 0.048077 0.025240
0 0.618389 0.547476 0.020433 0.044471
0 0.584736 0.539062 0.030048 0.066106
0 0.040865 0.410457 0.045673 0.032452
0 0.244591 0.414663 0.027644 0.024038
0 0.564904 0.407452 0.016827 0.045673
0 0.544471 0.555288 0.036058 0.038462
0 0.392428 0.414663 0.025240 0.028846
0 0.200950 0.553486 0.048534 0.032452
0 0.417668 0.408053 0.015625 0.046875
0 0.965745 0.554688 0.032452 0.037260
0 0.792668 0.554087 0.032452 0.033654
0 0.835938 0.535457 0.037260 0.061298
0 0.323317 0.558293 0.028846 0.037260
0 0.494591 0.553486 0.027644 0.030048
0 0.938101 0.540264 0.022837 0.061298
0 0.234976 0.548678 0.015625 0.044471
0 0.458534 0.401442 0.030048 0.067308
0 0.502404 0.411659 0.031250 0.037260
0 0.126142 0.389832 0.035288 0.060601
0 0.876803 0.555288 0.027644 0.033654
0 0.290084 0.542885 0.037500 0.062716
0 0.078726 0.532452 0.027644 0.057692
0 0.596154 0.411659 0.031250 0.032452
0 0.042067 0.546274 0.028846 0.049279
0 0.015625 0.549279 0.016827 0.045673
0 0.154375 0.411929 0.023149 0.022656
0 0.532025 0.419862 0.030204 0.024627
0 0.658636 0.555084 0.040661 0.030048
0 0.105811 0.541250 0.024796 0.058486
0 0.150944 0.556256 0.022776 0.041286
0 0.259688 0.546430 0.022260 0.061490
