0 0.293269 0.287260 0.028846 0.110577
0 0.204327 0.552885 0.019231 0.048077
0 0.529447 0.697115 0.022837 0.043269
0 0.033053 0.397837 0.027644 0.067308
0 0.222356 0.414663 0.024038 0.038462
0 0.741587 0.453125 0.028846 0.093750
0 0.063101 0.412260 0.022837 0.040865
0 0.400240 0.701923 0.021635 0.031250
0 0.503005 0.686899 0.022837 0.061298
0 0.162861 0.701322 0.020433 0.034856
0 0.099760 0.546274 0.026442 0.066106
0 0.088942 0.276442 0.021635 0.033654
0 0.137620 0.414663 0.027644 0.043269
0 0.546875 0.277644 0.021635 0.033654
0 0.480168 0.564303 0.032452 0.097356
0 0.031851 0.683894 0.022837 0.064904
0 0.734375 0.548678 0.031250 0.056490
0 0.492788 0.304688 0.026442 0.080529
0 0.189904 0.275841 0.021635 0.032452
0 0.225361 0.541466 0.018029 0.068510
0 0.781851 0.551683 0.025240 0.043269
0 0.053486 0.698918 0.018029 0.037260
0 0.352764 0.279447 0.018029 0.030048
0 0.123798 0.561298 0.019231 0.036058
0 0.176683 0.564904 0.024038 0.050481
0 0.385817 0.428486 0.033654 0.063702
0 0.379207 0.700721 0.013221 0.055288
0 0.646635 0.405649 0.024038 0.070913
0 0.165865 0.409856 0.014423 0.050481
0 0.124399 0.682091 0.018029 0.066106
0 0.148438 0.561899 0.022837 0.046875
0 0.474760 0.727764 0.021635 0.099760
0 0.089543 0.410457 0.018029 0.049279
0 0.743990 0.274639 0.021635 0.037260
0 0.686298 0.276442 0.026442 0.036058
0 0.567909 0.684495 0.020433 0.066106
0 0.212740 0.698918 0.016827 0.039663
0 0.808293 0.266827 0.020433 0.055288
0 0.466346 0.418269 0.024038 0.036058
0 0.789663 0.413462 0.028846 0.040865
0 0.491587 0.406851 0.021635 0.063702
0 0.255409 0.699519 0.020433 0.040865
0 0.233774 0.724159 0.020433 0.087740
0 0.586538 0.273438 0.024038 0.051683
0 0.350361 0.701322 0.027644 0.037260
0 0.309495 0.688702 0.020433 0.060096
0 0.957332 0.404447 0.039663 0.066106
0 0.333534 0.277043 0.015625 0.034856
0 0.143630 0.262620 0.020433 0.054087
0 0.293870 0.548077 0.025240 0.021635
0 0.524639 0.561298 0.015625 0.038462
0 0.563702 0.545673 0.021635 0.064904
0 0.413462 0.419471 0.021635 0.043269
0 0.578125 0.414663 0.024038 0.048077
0 0.274038 0.700120 0.016827 0.037260
0 0.964543 0.274038 0.018029 0.031250
0 0.237981 0.279447 0.016827 0.042067
0 0.651442 0.563702 0.016827 0.028846
0 0.099159 0.687500 0.025240 0.060096
0 0.620793 0.408053 0.018029 0.051683
0 0.659255 0.272236 0.020433 0.037260
0 0.765625 0.277043 0.016827 0.034856
0 0.873197 0.276442 0.022837 0.021635
0 0.216346 0.279447 0.024038 0.034856
0 0.432091 0.275841 0.020433 0.037260
0 0.893029 0.404447 0.033654 0.058894
0 0.618990 0.275240 0.021635 0.019231
0 0.361779 0.554688 0.016827 0.042067
0 0.073317 0.700721 0.019231 0.036058
0 0.398407 0.281136 0.032392 0.035829
0 0.712740 0.284856 0.026442 0.048077
0 0.786058 0.278245 0.019231 0.034856
0 0.337139 0.558293 0.025240 0.044471
0 0.986178 0.265625 0.018029 0.052885
0 0.411659 0.559495 0.025240 0.046875
0 0.902644 0.261418 0.024038 0.054087
0 0.438101 0.558894 0.018029 0.045673
0 0.828125 0.412260 0.038462 0.038462
0 0.051082 0.555889 0.020433 0.046875
0 0.632212 0.555288 0.014423 0.045673
0 0.670673 0.549279 0.021635 0.057692
0 0.290865 0.700721 0.016827 0.036058
0 0.189303 0.703125 0.022837 0.033654
0 0.035457 0.262019 0.025240 0.060096
0 0.428486 0.691106 0.025240 0.055288
0 0.249399 0.543870 0.022837 0.063702
0 0.143029 0.695312 0.012019 0.044471
0 0.112981 0.265625 0.021635 0.060096
0 0.542668 0.540865 0.018029 0.072115
0 0.762620 0.552284 0.013221 0.046875
0 0.454928 0.695913 0.010817 0.045673
0 0.524038 0.271034 0.021635 0.044471
0 0.164062 0.271635 0.013221 0.038462
0 0.515625 0.420072 0.021635 0.037260
0 0.831731 0.279447 0.024038 0.030048
0 0.372596 0.266226 0.019231 0.051683
0 0.673077 0.410457 0.024038 0.051683
0 0.189904 0.414663 0.024038 0.038462
0 0.941106 0.296875 0.019231 0.074519
0 0.061899 0.269832 0.020433 0.037260
0 0.566707 0.271635 0.015625 0.050481
0 0.326923 0.411659 0.024038 0.046875
0 0.585337 0.707332 0.014423 0.025240
0 0.070312 0.559495 0.018029 0.032452
0 0.701322 0.423678 0.020433 0.030048
0 0.611779 0.558894 0.019231 0.043269
0 0.248798 0.415264 0.024038 0.030048
0 0.548678 0.689904 0.013221 0.057692
0 0.544471 0.421875 0.024038 0.036058
0 0.458534 0.269832 0.022837 0.061298
0 0.442909 0.420673 0.020433 0.031250
0 0.383413 0.559495 0.019231 0.030048
0 0.018029 0.531250 0.031250 0.081731
0 0.309363 0.398588 0.025120 0.071671
0 0.358690 0.417242 0.038053 0.040276
0 0.599567 0.419459 0.021803 0.037308
0 0.724255 0.416502 0.022909 0.041010
0 0.850980 0.279627 0.018474 0.028822
0 0.920986 0.404688 0.035841 0.058005
0 0.923017 0.271869 0.018462 0.035469
0 0.647224 0.262260 0.024760 0.065769
0 0.503377 0.562350 0.021779 0.031166
0 0.458227 0.565198 0.018257 0.029820
0 0.318383 0.274483 0.021623 0.038438
0 0.419014 0.273822 0.013077 0.044038
0 0.479471 0.277819 0.012813 0.039772
