0 0.562500 0.350361 0.081731 0.063702
0 0.162861 0.349159 0.061298 0.063702
0 0.206731 0.503005 0.043269 0.032452
0 0.524639 0.639423 0.032452 0.050481
0 0.299279 0.354567 0.031250 0.050481
0 0.287861 0.528846 0.034856 0.074519
0 0.161659 0.502404 0.030048 0.038462
0 0.866587 0.358774 0.033654 0.042067
0 0.272837 0.640625 0.026442 0.043269
0 0.516827 0.506010 0.021635 0.028846
0 0.642428 0.647236 0.025240 0.032452
0 0.680288 0.638822 0.033654 0.068510
0 0.240385 0.632212 0.024038 0.052885
0 0.746394 0.348558 0.033654 0.060096
0 0.603966 0.638822 0.032452 0.051683
0 0.833534 0.360577 0.032452 0.031250
0 0.465697 0.495793 0.025144 0.051683
0 0.328726 0.642428 0.015625 0.039663
0 0.404447 0.498197 0.058894 0.046875
0 0.249399 0.507212 0.030048 0.031250
0 0.793870 0.353966 0.022837 0.042067
0 0.209135 0.647837 0.026442 0.031250
0 0.408053 0.362380 0.027644 0.034856
0 0.541466 0.506010 0.025240 0.026442
0 0.621394 0.361178 0.033654 0.027644
0 0.408053 0.640625 0.027644 0.045673
0 0.151442 0.644832 0.028846 0.034856
0 0.673678 0.361178 0.025240 0.027644
0 0.327524 0.354567 0.018029 0.038462
0 0.376202 0.362981 0.033654 0.028846
0 0.362380 0.649038 0.020433 0.024038
0 0.463341 0.351562 0.027644 0.027644
0 0.561298 0.650240 0.038462 0.024038
0 0.242788 0.361178 0.026442 0.034856
0 0.316707 0.515024 0.018029 0.020433
0 0.091346 0.488582 0.033654 0.025240
0 0.305288 0.650841 0.024038 0.022837
0 0.708534 0.365986 0.027644 0.032452
0 0.206563 0.367031 0.032019 0.026851
0 0.264694 0.365433 0.026118 0.031034
0 0.445655 0.506334 0.020565 0.028173
0 0.487921 0.498089 0.018269 0.048221
0 0.429249 0.652025 0.023305 0.026671
0 0.385349 0.654099 0.018389 0.025120
0 0.188131 0.634153 0.029002 0.058786
0 0.512446 0.389543 0.739603 0.032428
