0 0.683293 0.566707 0.032452 0.051683
0 0.588341 0.569712 0.030048 0.048077
0 0.724159 0.565505 0.034856 0.054087
0 0.511418 0.505409 0.030048 0.030048
0 0.475962 0.430288 0.014423 0.043269
0 0.492188 0.570913 0.027644 0.048077
0 0.333534 0.426683 0.025240 0.052885
0 0.617788 0.424880 0.043269 0.046875
0 0.308894 0.563702 0.043269 0.050481
0 0.276442 0.508413 0.026442 0.028846
0 0.265625 0.426683 0.031250 0.057692
0 0.470553 0.501803 0.032452 0.044471
0 0.398438 0.509014 0.027644 0.027644
0 0.388822 0.584736 0.037260 0.051683
0 0.657452 0.431490 0.026442 0.033654
0 0.686899 0.437500 0.030048 0.028846
0 0.626202 0.571514 0.021635 0.039663
0 0.746394 0.509014 0.033654 0.032452
0 0.641226 0.507212 0.022837 0.026442
0 0.251803 0.497596 0.020433 0.048077
0 0.370192 0.507812 0.021635 0.027644
0 0.530649 0.577524 0.022837 0.030048
0 0.506611 0.436899 0.039663 0.032452
0 0.366587 0.433894 0.033654 0.036058
0 0.312500 0.501202 0.031250 0.045673
0 0.541466 0.424880 0.022837 0.056490
0 0.350361 0.573918 0.032452 0.030048
0 0.460938 0.573918 0.030048 0.037260
0 0.301683 0.436298 0.031250 0.031250
0 0.712139 0.505409 0.027644 0.030048
0 0.343149 0.497596 0.020433 0.045673
0 0.671875 0.496995 0.038462 0.046875
0 0.443510 0.433293 0.033654 0.037260
0 0.401442 0.433894 0.033654 0.036058
0 0.439303 0.510817 0.030048 0.026442
0 0.654447 0.577524 0.025240 0.030048
0 0.556755 0.510216 0.055817 0.027644
0 0.555288 0.578726 0.021635 0.030048
0 0.593149 0.501202 0.015625 0.048077
0 0.220553 0.415865 0.013221 0.045673
0 0.227163 0.505409 0.014423 0.032452
0 0.619513 0.506040 0.019459 0.027584
0 0.423444 0.586833 0.040204 0.050517
