0 0.527644 0.525240 0.043269 0.088942
0 0.287260 0.636418 0.050481 0.063702
0 0.367788 0.486779 0.043269 0.069712
0 0.263822 0.364784 0.049279 0.109375
0 0.450721 0.489784 0.043269 0.066106
0 0.915264 0.485577 0.063702 0.072115
0 0.409255 0.644231 0.037260 0.043269
0 0.207248 0.494002 0.086010 0.056563
0 0.535457 0.629808 0.054087 0.069712
0 0.332332 0.641226 0.034856 0.039663
0 0.701322 0.641827 0.030048 0.040865
0 0.312500 0.503005 0.040865 0.034856
0 0.128606 0.643029 0.031250 0.043269
0 0.643630 0.487981 0.058894 0.074519
0 0.603365 0.641827 0.028846 0.036058
0 0.186298 0.642428 0.036058 0.032452
0 0.496394 0.394832 0.038462 0.102163
0 0.370192 0.643630 0.031250 0.039663
0 0.039062 0.495793 0.044471 0.051683
0 0.031851 0.646635 0.034856 0.038462
0 0.411058 0.500601 0.031250 0.044471
0 0.774639 0.644231 0.030048 0.033654
0 0.109375 0.504207 0.036058 0.037260
0 0.219351 0.376202 0.039663 0.064904
0 0.361178 0.355769 0.015625 0.045673
0 0.076322 0.349760 0.034856 0.064904
0 0.792668 0.493389 0.027644 0.063702
0 0.757212 0.503005 0.033654 0.037260
0 0.832933 0.643029 0.026442 0.036058
0 0.097356 0.632812 0.028846 0.066106
0 0.039062 0.359976 0.034856 0.046875
0 0.732572 0.643630 0.027644 0.032452
0 0.665264 0.644231 0.034856 0.038462
0 0.123197 0.362981 0.034856 0.033654
0 0.173678 0.368990 0.051683 0.050481
0 0.459135 0.638822 0.043269 0.037260
0 0.424880 0.344351 0.032452 0.068510
0 0.069712 0.631611 0.026442 0.063702
0 0.266827 0.495793 0.019231 0.046875
0 0.227764 0.643029 0.037260 0.038462
0 0.386418 0.360577 0.030048 0.033654
0 0.893029 0.635817 0.033654 0.057692
0 0.600361 0.501202 0.027644 0.033654
0 0.967548 0.618990 0.033654 0.038462
0 0.455529 0.346755 0.024038 0.063702
0 0.929087 0.631611 0.036058 0.056490
0 0.321575 0.361178 0.051803 0.034856
0 0.533053 0.368389 0.020433 0.046875
0 0.687500 0.501202 0.028846 0.036058
0 0.633413 0.636418 0.019231 0.054087
0 0.078125 0.496394 0.021635 0.050481
0 0.572716 0.500601 0.025240 0.034856
0 0.806490 0.631010 0.021635 0.057692
0 0.868389 0.499399 0.030048 0.054087
0 0.479375 0.355252 0.017981 0.053197
0 0.714147 0.506454 0.024495 0.029423
0 0.817200 0.505222 0.027308 0.036815
0 0.582855 0.626827 0.040853 0.062356
