0 0.285066 0.572632 0.048353 0.110769
0 0.352163 0.552885 0.031250 0.067308
0 0.650968 0.552740 0.071166 0.072404
0 0.379207 0.549279 0.022837 0.067308
0 0.418269 0.552284 0.028846 0.030048
0 0.355769 0.418269 0.028846 0.024038
0 0.310697 0.416466 0.030048 0.056490
0 0.495793 0.416466 0.027644 0.044471
0 0.500601 0.554688 0.042067 0.070913
0 0.427885 0.411659 0.057692 0.061298
0 0.727764 0.566707 0.032452 0.037260
0 0.577524 0.555889 0.046875 0.058894
0 0.536058 0.579928 0.014423 0.034856
0 0.693516 0.565769 0.014483 0.037596
0 0.461070 0.442644 0.023269 0.044880
0 0.316923 0.555541 0.030793 0.069447
