0 0.840745 0.494591 0.025240 0.063702
0 0.694712 0.492788 0.021635 0.062500
0 0.091346 0.489784 0.019231 0.051683
0 0.495793 0.531250 0.020433 0.069712
0 0.021034 0.486178 0.025240 0.056490
0 0.715745 0.505409 0.018029 0.034856
0 0.930288 0.504808 0.019231 0.028846
0 0.869591 0.507812 0.015625 0.037260
0 0.888822 0.493389 0.018029 0.058894
0 0.474760 0.510817 0.021635 0.031250
0 0.376803 0.509014 0.027644 0.032452
0 0.910457 0.492788 0.015625 0.045673
0 0.112981 0.503606 0.019231 0.031250
0 0.984976 0.514423 0.022837 0.026442
0 0.141226 0.506611 0.020433 0.032452
0 0.450120 0.514423 0.020433 0.028846
0 0.273438 0.508413 0.015625 0.033654
0 0.214543 0.504808 0.018029 0.026442
0 0.194111 0.504207 0.020433 0.025240
0 0.168269 0.497596 0.021635 0.048077
0 0.427885 0.519832 0.021635 0.097356
0 0.346755 0.501202 0.020433 0.045673
0 0.762620 0.498798 0.022837 0.055288
0 0.313101 0.496995 0.025240 0.056490
0 0.784255 0.513221 0.018029 0.031250
0 0.404447 0.516827 0.022837 0.033654
0 0.516827 0.515625 0.016827 0.031250
0 0.738582 0.497596 0.015625 0.055288
0 0.539062 0.512620 0.025240 0.032452
0 0.947278 0.536112 0.014772 0.084075
0 0.963612 0.511977 0.013954 0.031190
