0 0.746394 0.562500 0.026442 0.088942
0 0.207933 0.566707 0.028846 0.097356
0 0.337139 0.551683 0.030048 0.105769
0 0.086538 0.524639 0.033654 0.070913
0 0.510216 0.558293 0.020433 0.078125
0 0.587139 0.386418 0.032452 0.063702
0 0.117788 0.534856 0.026442 0.045673
0 0.378005 0.388221 0.027644 0.060096
0 0.488582 0.390024 0.030048 0.049279
0 0.704327 0.396635 0.021635 0.036058
0 0.828125 0.393029 0.028846 0.038462
0 0.733774 0.399038 0.034856 0.040865
0 0.534255 0.393029 0.022837 0.038462
0 0.775841 0.536058 0.022837 0.040865
0 0.126803 0.388822 0.037260 0.061298
0 0.348558 0.394231 0.021635 0.036058
0 0.689904 0.522837 0.028846 0.064904
0 0.798077 0.393029 0.021635 0.038462
0 0.143630 0.535457 0.022837 0.044471
0 0.283654 0.539663 0.026442 0.043269
0 0.409255 0.396034 0.022837 0.037260
0 0.175481 0.535457 0.026442 0.037260
0 0.798678 0.526442 0.020433 0.060096
0 0.222356 0.399038 0.024038 0.033654
0 0.880409 0.394832 0.027644 0.037260
0 0.532452 0.534856 0.014423 0.045673
0 0.621995 0.399639 0.025240 0.030048
0 0.964543 0.381611 0.022837 0.058894
0 0.719952 0.535457 0.024038 0.044471
0 0.427284 0.531851 0.013221 0.051683
0 0.405048 0.527043 0.021635 0.061298
0 0.253606 0.397837 0.033654 0.036058
0 0.469351 0.527644 0.018029 0.060096
0 0.069712 0.411058 0.024038 0.028846
0 0.933894 0.394231 0.021635 0.036058
0 0.828726 0.540264 0.032452 0.034856
0 0.438101 0.395433 0.030048 0.033654
0 0.026442 0.393029 0.024038 0.026442
0 0.515625 0.388822 0.012019 0.046875
0 0.328125 0.396034 0.019231 0.037260
0 0.164062 0.400240 0.025240 0.033654
0 0.034856 0.525240 0.026442 0.024038
0 0.619591 0.539062 0.022837 0.039663
0 0.574519 0.540264 0.019231 0.032452
0 0.444712 0.539062 0.019231 0.039663
0 0.489183 0.539062 0.019231 0.032452
0 0.593750 0.525841 0.019231 0.058894
0 0.551082 0.536659 0.020433 0.039663
0 0.194712 0.400841 0.024038 0.030048
0 0.679087 0.394832 0.026442 0.032452
0 0.911659 0.395433 0.022837 0.036058
0 0.652043 0.397837 0.025240 0.028846
0 0.283654 0.370192 0.021635 0.040865
0 0.315553 0.539573 0.023654 0.035469
