0 0.182091 0.489784 0.051683 0.099760
0 0.255409 0.478365 0.054087 0.064904
0 0.563702 0.477764 0.045673 0.085337
0 0.802284 0.486779 0.054087 0.120192
0 0.626202 0.481370 0.043269 0.063702
0 0.352764 0.486178 0.032452 0.058894
0 0.734375 0.515625 0.036058 0.052885
0 0.303486 0.492788 0.034856 0.038462
0 0.423678 0.483173 0.039663 0.067308
0 0.495793 0.490385 0.037260 0.048077
0 0.527644 0.477163 0.021635 0.072115
0 0.448365 0.515883 0.031034 0.045445
0 0.655631 0.480048 0.038425 0.065385
0 0.708642 0.478389 0.069087 0.076106
0 0.770162 0.475799 0.026599 0.106406
