0 0.195312 0.486779 0.039663 0.038462
0 0.827524 0.332933 0.039663 0.060096
0 0.146635 0.485577 0.028846 0.036058
0 0.109375 0.472957 0.031250 0.068510
0 0.312500 0.471154 0.026442 0.050481
0 0.717548 0.468149 0.024038 0.054087
0 0.474159 0.340144 0.025240 0.038462
0 0.723558 0.329928 0.024038 0.063702
0 0.083534 0.340745 0.027644 0.042067
0 0.565505 0.618389 0.018029 0.058894
0 0.956130 0.474159 0.018029 0.054087
0 0.260817 0.485577 0.021635 0.038462
0 0.534856 0.327524 0.026442 0.068510
0 0.128606 0.626803 0.040865 0.039663
0 0.375000 0.617188 0.033654 0.056490
0 0.086538 0.622596 0.028846 0.048077
0 0.309495 0.339543 0.025240 0.039663
0 0.410457 0.623798 0.022837 0.040865
0 0.282452 0.366587 0.024038 0.084135
0 0.149639 0.339543 0.025240 0.039663
0 0.446514 0.489183 0.027644 0.033654
0 0.555288 0.486178 0.019231 0.034856
0 0.223558 0.625000 0.026442 0.040865
0 0.188101 0.650841 0.032452 0.087740
0 0.514423 0.483173 0.021635 0.036058
0 0.925481 0.506611 0.028846 0.080529
0 0.809495 0.469351 0.022837 0.051683
0 0.564303 0.328726 0.022837 0.063702
0 0.588942 0.333534 0.014423 0.046875
0 0.419471 0.475361 0.019231 0.046875
0 0.285457 0.487981 0.022837 0.031250
0 0.593149 0.625601 0.025240 0.032452
0 0.870192 0.486178 0.021635 0.034856
0 0.074519 0.485577 0.028846 0.040865
0 0.840144 0.483173 0.026442 0.033654
0 0.579327 0.471755 0.024038 0.056490
0 0.650240 0.475361 0.014423 0.044471
0 0.299279 0.628005 0.028846 0.037260
0 0.536058 0.627404 0.031250 0.040865
0 0.500601 0.343149 0.025240 0.034856
0 0.265625 0.625601 0.031250 0.037260
0 0.033053 0.335938 0.027644 0.020433
0 0.443510 0.328125 0.028846 0.060096
0 0.456731 0.611779 0.021635 0.062500
0 0.770433 0.334135 0.014423 0.050481
0 0.867188 0.340745 0.027644 0.039663
0 0.330529 0.628606 0.028846 0.031250
0 0.654447 0.348558 0.027644 0.033654
0 0.338942 0.341947 0.026442 0.039663
0 0.223558 0.343149 0.024038 0.037260
0 0.629207 0.615986 0.034856 0.063702
0 0.894231 0.342548 0.024038 0.028846
0 0.536058 0.472957 0.014423 0.054087
0 0.365986 0.341947 0.027644 0.042067
0 0.189904 0.343149 0.040865 0.042067
0 0.748798 0.340745 0.016827 0.032452
0 0.604567 0.471154 0.024038 0.052885
0 0.632212 0.483173 0.016827 0.026442
0 0.685697 0.481971 0.025240 0.033654
0 0.745793 0.481370 0.020433 0.039663
0 0.231370 0.477163 0.020433 0.052885
0 0.621394 0.344351 0.026442 0.039663
0 0.252404 0.343149 0.024038 0.032452
0 0.112981 0.340745 0.024038 0.034856
0 0.978365 0.481971 0.021635 0.043269
0 0.435096 0.614183 0.019231 0.062500
0 0.346154 0.479567 0.031250 0.038462
0 0.902236 0.482127 0.023654 0.030673
