0 0.349760 0.525841 0.031250 0.097356
0 0.801683 0.487981 0.048077 0.069712
0 0.928486 0.504808 0.030048 0.045673
0 0.633413 0.492188 0.043269 0.056490
0 0.849760 0.503005 0.043269 0.039663
0 0.057692 0.489183 0.033654 0.076923
0 0.436298 0.489784 0.026442 0.063702
0 0.091947 0.495192 0.018029 0.057692
0 0.893029 0.504808 0.028846 0.033654
0 0.405048 0.490385 0.026442 0.060096
0 0.516226 0.496995 0.032452 0.044471
0 0.209135 0.504808 0.033654 0.048077
0 0.670673 0.496394 0.019231 0.057692
0 0.237380 0.495793 0.015625 0.051683
0 0.378005 0.501202 0.025240 0.036058
0 0.261418 0.500601 0.025240 0.039663
0 0.962139 0.475962 0.022837 0.031250
0 0.701322 0.502404 0.027644 0.043269
0 0.564904 0.500601 0.024038 0.046875
0 0.745793 0.521635 0.020433 0.038462
