0 0.353966 0.506611 0.025240 0.034856
0 0.316707 0.490385 0.030048 0.060096
0 0.514423 0.490986 0.038462 0.058894
0 0.385817 0.490385 0.031250 0.057692
0 0.419471 0.503606 0.028846 0.028846
0 0.907452 0.490385 0.033654 0.060096
0 0.143029 0.505409 0.024038 0.032452
0 0.551082 0.503005 0.022837 0.025240
0 0.869591 0.491587 0.025240 0.057692
0 0.945312 0.489784 0.027644 0.056490
0 0.626803 0.486779 0.025240 0.062500
0 0.600361 0.503005 0.018029 0.030048
0 0.754207 0.493389 0.022837 0.049279
0 0.117788 0.506611 0.021635 0.032452
0 0.203125 0.507212 0.033654 0.026442
0 0.792067 0.501803 0.031250 0.037260
0 0.673678 0.506010 0.034856 0.036058
0 0.731827 0.489020 0.013966 0.047632
0 0.577524 0.495793 0.020433 0.044471
0 0.169471 0.496995 0.024038 0.042067
0 0.055288 0.496995 0.021635 0.022837
0 0.827524 0.493389 0.025240 0.049279
0 0.711088 0.490547 0.012560 0.054916
