0 0.393029 0.580529 0.048077 0.031250
0 0.409255 0.457332 0.034856 0.075721
0 0.265024 0.427885 0.032452 0.052885
0 0.782452 0.427885 0.038462 0.055288
0 0.682692 0.579928 0.036058 0.027644
0 0.642428 0.579327 0.030048 0.026442
0 0.750601 0.566707 0.022837 0.046875
0 0.507812 0.361178 0.034856 0.042067
0 0.472356 0.566707 0.026442 0.049279
0 0.219351 0.559495 0.025240 0.058894
0 0.192909 0.562500 0.027644 0.050481
0 0.774639 0.603365 0.025240 0.076923
0 0.720553 0.597957 0.030048 0.082933
0 0.226562 0.435697 0.030048 0.034856
0 0.514423 0.571514 0.024038 0.042067
0 0.296875 0.426082 0.024038 0.056490
0 0.712139 0.426683 0.044471 0.038462
0 0.605769 0.570913 0.028846 0.048077
0 0.542067 0.578726 0.026442 0.025240
0 0.573317 0.579327 0.024038 0.026442
0 0.438101 0.572716 0.018029 0.039663
0 0.329327 0.432091 0.021635 0.037260
0 0.189904 0.427885 0.028846 0.052885
0 0.253005 0.585337 0.032452 0.052885
0 0.481971 0.430288 0.043269 0.050481
0 0.546875 0.367188 0.024038 0.027644
0 0.300481 0.579928 0.038462 0.092548
0 0.448317 0.368990 0.031250 0.024038
0 0.810697 0.576923 0.034856 0.028846
0 0.362981 0.436899 0.033654 0.030048
0 0.746995 0.429087 0.018029 0.024038
0 0.525240 0.456731 0.024038 0.028846
0 0.580529 0.428486 0.057692 0.049279
0 0.600361 0.385817 0.027644 0.036058
0 0.568347 0.367320 0.026959 0.032885
0 0.471364 0.373786 0.024387 0.019952
