0 0.490385 0.533654 0.038462 0.091346
0 0.635216 0.503606 0.027644 0.045673
0 0.918870 0.505409 0.025240 0.044471
0 0.956130 0.503606 0.032452 0.045673
0 0.607572 0.504207 0.022837 0.039663
0 0.724760 0.491587 0.028846 0.072115
0 0.395433 0.493389 0.026442 0.073317
0 0.066707 0.509615 0.027644 0.038462
0 0.161659 0.507212 0.032452 0.036058
0 0.131010 0.490986 0.024038 0.066106
0 0.885216 0.487380 0.032452 0.075721
0 0.802284 0.487380 0.020433 0.066106
0 0.200721 0.506611 0.026442 0.037260
0 0.301082 0.509615 0.027644 0.033654
0 0.462740 0.506611 0.016827 0.042067
0 0.558293 0.503606 0.022837 0.038462
0 0.348558 0.507812 0.028846 0.042067
0 0.099760 0.509014 0.028846 0.042067
0 0.581731 0.495793 0.016827 0.051683
0 0.772837 0.487981 0.026442 0.067308
0 0.439904 0.509014 0.019231 0.034856
0 0.523438 0.501202 0.022837 0.055288
0 0.237981 0.526442 0.026442 0.067308
0 0.674279 0.506010 0.038462 0.036058
0 0.419471 0.507812 0.016827 0.034856
0 0.270433 0.511418 0.028846 0.034856
0 0.036058 0.497596 0.033654 0.086538
0 0.375000 0.501202 0.012019 0.050481
0 0.846755 0.498197 0.025240 0.022837
