0 0.087139 0.506611 0.020433 0.032452
0 0.147236 0.508413 0.020433 0.033654
0 0.727163 0.496394 0.024038 0.060096
0 0.889423 0.503606 0.031250 0.043269
0 0.658053 0.504207 0.025240 0.042067
0 0.111779 0.486178 0.016827 0.063702
0 0.432091 0.488582 0.020433 0.066106
0 0.339543 0.496995 0.025240 0.056490
0 0.841346 0.493389 0.024038 0.051683
0 0.207332 0.507812 0.015625 0.037260
0 0.507212 0.507812 0.016827 0.039663
0 0.456130 0.501803 0.018029 0.037260
0 0.244591 0.496394 0.015625 0.055288
0 0.603966 0.495192 0.022837 0.060096
0 0.171659 0.507500 0.021202 0.036635
0 0.265024 0.501803 0.020433 0.042067
0 0.016226 0.483774 0.018029 0.078125
0 0.689904 0.486178 0.026442 0.051683
0 0.629808 0.506010 0.021635 0.036058
0 0.969952 0.493389 0.040865 0.078125
0 0.365385 0.490986 0.019231 0.061298
0 0.583534 0.495793 0.018029 0.058894
0 0.481532 0.508666 0.025565 0.048582
0 0.043269 0.512019 0.024038 0.055288
0 0.862380 0.502404 0.015625 0.031250
0 0.227163 0.508413 0.016827 0.036058
0 0.405048 0.491587 0.024038 0.062500
0 0.382812 0.504207 0.015625 0.032452
0 0.067308 0.493389 0.012019 0.061298
0 0.130409 0.497031 0.013221 0.044399
0 0.771040 0.495889 0.046550 0.063798
0 0.187434 0.506484 0.011815 0.035709
0 0.052704 0.510793 0.022163 0.105409
0 0.418215 0.502782 0.011334 0.043594
0 0.703918 0.523474 0.009856 0.032764
