0 0.588942 0.581130 0.040865 0.039663
0 0.308293 0.432692 0.037260 0.055288
0 0.589543 0.510817 0.042067 0.036058
0 0.442308 0.506611 0.048077 0.056490
0 0.453125 0.436298 0.036058 0.057692
0 0.665865 0.510216 0.031250 0.042067
0 0.385817 0.490385 0.033654 0.038462
0 0.302284 0.501202 0.046875 0.060096
0 0.728365 0.509615 0.045673 0.060096
0 0.308293 0.578125 0.058894 0.072115
0 0.583534 0.439904 0.042067 0.040865
0 0.731370 0.584736 0.032452 0.044471
0 0.442308 0.579928 0.038462 0.058894
0 0.731370 0.439303 0.039663 0.039663
0 0.516827 0.508413 0.024038 0.038462
0 0.343305 0.491412 0.029375 0.200613
0 0.267662 0.501935 0.037680 0.227212
