0 0.045072 0.415264 0.044471 0.070913
0 0.052284 0.559495 0.054087 0.063702
0 0.779447 0.563101 0.032452 0.042067
0 0.484976 0.563101 0.027644 0.046875
0 0.920673 0.570913 0.021635 0.028846
0 0.084135 0.437500 0.031250 0.050481
0 0.843149 0.560096 0.027644 0.055288
0 0.522236 0.573918 0.037260 0.034856
0 0.950120 0.573317 0.034856 0.031250
0 0.813702 0.569111 0.024038 0.025240
0 0.667067 0.573317 0.026442 0.026442
0 0.637620 0.570312 0.027644 0.025240
0 0.175481 0.572716 0.019231 0.032452
0 0.894231 0.558894 0.021635 0.048077
0 0.376202 0.572716 0.026442 0.025240
0 0.178486 0.437500 0.015625 0.040865
0 0.129808 0.572115 0.024038 0.031250
0 0.714543 0.572115 0.022837 0.031250
0 0.322115 0.574519 0.026442 0.033654
0 0.231971 0.562500 0.026442 0.045673
0 0.400841 0.572115 0.020433 0.031250
0 0.347957 0.575120 0.025240 0.032452
0 0.428486 0.575120 0.027644 0.030048
0 0.870793 0.570913 0.020433 0.026442
0 0.114183 0.428486 0.019231 0.037260
0 0.206731 0.574519 0.019231 0.026442
0 0.097356 0.567909 0.026442 0.034856
0 0.142428 0.420072 0.027644 0.054087
0 0.457332 0.577524 0.020433 0.022837
0 0.691106 0.573317 0.021635 0.028846
