0 0.340008 0.502727 0.298707 0.070896
0 0.286400 0.607061 0.174802 0.097589
0 0.482895 0.609070 0.104714 0.098163
0 0.434293 0.709960 0.502295 0.068025
0 0.397580 0.782865 0.371297 0.054248
0 0.398832 0.858352 0.362119 0.064007
0 0.415519 0.925517 0.273675 0.068025
0 0.439091 0.317164 0.327493 0.063720
0 0.390280 0.233639 0.236546 0.070034
0 0.719650 0.428100 0.418857 0.076062
0 0.333542 0.411165 0.303296 0.044489
0 0.430538 0.368829 0.584898 0.040184
0 0.349812 0.152698 0.155611 0.069460
0 0.194201 0.133898 0.147267 0.028990
0 0.447434 0.100172 0.450980 0.040758
