0 0.586567 0.034443 0.479766 0.041906
0 0.509387 0.104621 0.710889 0.072044
0 0.327284 0.169489 0.160617 0.035878
0 0.687735 0.168197 0.130580 0.028129
0 0.724656 0.325201 0.347935 0.275545
0 0.287651 0.308697 0.269086 0.242537
0 0.193575 0.524110 0.093450 0.039036
0 0.412390 0.522675 0.151439 0.043054
0 0.242595 0.576062 0.191489 0.046498
0 0.654777 0.579937 0.184814 0.044489
0 0.269712 0.730339 0.185649 0.109931
0 0.322069 0.659013 0.169378 0.028703
0 0.639549 0.712256 0.177722 0.150689
0 0.702336 0.852612 0.353358 0.082951
0 0.600960 0.938863 0.147267 0.077497
0 0.258031 0.835247 0.212349 0.079793
0 0.258031 0.940442 0.219024 0.082951
