0 0.402795 0.243685 0.243221 0.123995
0 0.596996 0.090844 0.169378 0.097302
0 0.501669 0.162026 0.547768 0.035878
0 0.505423 0.397962 0.093867 0.058840
0 0.507509 0.466274 0.100542 0.057692
0 0.508970 0.535304 0.100960 0.057405
0 0.672507 0.396814 0.049228 0.054248
0 0.675428 0.464265 0.055069 0.052526
0 0.675845 0.532721 0.055903 0.056257
0 0.351898 0.464122 0.057989 0.057405
0 0.354401 0.398249 0.051314 0.060563
0 0.351272 0.335821 0.101794 0.041906
0 0.211723 0.378875 0.142261 0.033869
0 0.213600 0.415758 0.140175 0.030138
0 0.209846 0.450775 0.143513 0.033008
0 0.211306 0.487371 0.145599 0.035591
0 0.210263 0.516504 0.142678 0.029564
0 0.218398 0.551952 0.149771 0.030999
0 0.206508 0.584386 0.127660 0.027555
0 0.220275 0.620264 0.163538 0.035017
0 0.355444 0.532865 0.056738 0.058840
0 0.357739 0.601607 0.048811 0.056831
0 0.528786 0.602038 0.138089 0.060563
0 0.666041 0.599168 0.038798 0.053674
0 0.808093 0.600746 0.105966 0.057405
0 0.801210 0.532865 0.107217 0.055396
0 0.802253 0.465557 0.103463 0.051665
0 0.801001 0.397675 0.092616 0.056544
0 0.819149 0.333238 0.139758 0.039036
0 0.663955 0.330798 0.123071 0.034730
0 0.501252 0.325775 0.131414 0.042480
0 0.181685 0.328932 0.117230 0.037887
0 0.169378 0.703645 0.084272 0.031860
0 0.171464 0.754449 0.042553 0.034156
0 0.170839 0.818599 0.039633 0.036739
0 0.164581 0.887916 0.048811 0.034156
