0 0.423237 0.684271 0.209846 0.062572
0 0.343346 0.778416 0.313725 0.051665
0 0.700668 0.778416 0.289946 0.039036
0 0.520442 0.832951 0.694618 0.040184
0 0.468711 0.729908 0.565290 0.031573
0 0.459741 0.561567 0.146016 0.052526
0 0.584063 0.478186 0.733417 0.033869
0 0.707134 0.441016 0.163538 0.028990
0 0.610346 0.404420 0.585732 0.031573
0 0.218189 0.389351 0.056738 0.065155
0 0.530038 0.369834 0.472674 0.037600
0 0.385899 0.293054 0.140175 0.033295
0 0.590947 0.228330 0.143930 0.037600
0 0.428869 0.144087 0.125991 0.036739
0 0.798915 0.138634 0.191907 0.031573
0 0.814560 0.071757 0.187317 0.059127
0 0.559032 0.071613 0.236128 0.076636
