0 0.501877 0.617107 0.111806 0.032721
0 0.499583 0.683266 0.110555 0.062285
0 0.711723 0.682549 0.243638 0.063146
0 0.513976 0.771096 0.135169 0.065155
0 0.653108 0.789323 0.105549 0.037313
0 0.558615 0.853760 0.219441 0.033008
0 0.290989 0.641073 0.190655 0.080080
0 0.270129 0.564007 0.173133 0.059701
0 0.268043 0.427095 0.209011 0.045924
0 0.257405 0.495695 0.197747 0.049369
0 0.295786 0.334960 0.254485 0.092423
0 0.290572 0.242250 0.248227 0.045924
0 0.225907 0.188720 0.117230 0.038749
0 0.304965 0.091561 0.240300 0.055683
0 0.624531 0.094145 0.270338 0.051091
0 0.577597 0.021670 0.183980 0.038749
0 0.305590 0.024254 0.225699 0.042767
