0 0.406341 0.371125 0.275344 0.054535
0 0.474134 0.275832 0.406758 0.086108
0 0.555695 0.149684 0.568210 0.047359
0 0.531915 0.202784 0.520651 0.045063
0 0.540050 0.086395 0.576971 0.049369
0 0.417814 0.433984 0.366708 0.049943
0 0.544431 0.490098 0.614101 0.049656
0 0.454944 0.536165 0.548602 0.043054
0 0.366500 0.623565 0.252399 0.126579
0 0.466208 0.726607 0.323321 0.044489
0 0.575720 0.848307 0.221944 0.040471
0 0.526074 0.895522 0.101794 0.029277
0 0.323947 0.848450 0.123905 0.049943
0 0.300167 0.912744 0.176471 0.070608
