0 0.266792 0.035304 0.211514 0.044776
0 0.279516 0.086251 0.225282 0.051378
0 0.324572 0.139495 0.309554 0.046498
0 0.538798 0.190873 0.730496 0.040758
0 0.306633 0.237371 0.225282 0.041332
0 0.354401 0.309127 0.380893 0.048794
0 0.295995 0.362084 0.254068 0.049656
0 0.578640 0.459673 0.635795 0.101320
0 0.210263 0.422359 0.095953 0.047933
0 0.274093 0.559127 0.196913 0.047072
0 0.264706 0.613519 0.188152 0.047359
0 0.479975 0.613232 0.179808 0.047359
0 0.553817 0.678243 0.697121 0.039610
0 0.250939 0.730769 0.116395 0.043628
0 0.387151 0.727899 0.067584 0.044202
0 0.268252 0.796355 0.110138 0.045063
0 0.566750 0.797216 0.131414 0.038175
0 0.338965 0.848881 0.245724 0.046785
0 0.666875 0.920637 0.298290 0.088691
0 0.354401 0.902124 0.291615 0.051091
