0 0.399040 0.710677 0.526074 0.070608
0 0.429704 0.794202 0.519816 0.044202
0 0.358782 0.853042 0.355444 0.055683
0 0.389445 0.912600 0.390071 0.049082
0 0.570505 0.595293 0.424280 0.074627
0 0.454735 0.656429 0.208594 0.042480
0 0.309136 0.402268 0.087610 0.105339
0 0.535252 0.404707 0.085106 0.107922
0 0.194201 0.157290 0.109720 0.291045
0 0.611389 0.186137 0.604506 0.047359
0 0.589070 0.237801 0.556529 0.042193
0 0.524823 0.290614 0.429704 0.049082
0 0.520442 0.135333 0.420943 0.042193
0 0.524823 0.079076 0.447226 0.052526
0 0.520442 0.033582 0.440134 0.038462
