0 0.527326 0.167623 0.397163 0.033295
0 0.475386 0.210390 0.284105 0.043628
0 0.568210 0.285448 0.284522 0.034730
0 0.385273 0.267222 0.061327 0.052813
0 0.520234 0.320465 0.182728 0.028990
0 0.540050 0.540040 0.521902 0.035878
0 0.581560 0.576923 0.578223 0.033295
0 0.551523 0.609931 0.387985 0.033869
0 0.590321 0.656142 0.417188 0.051665
0 0.581352 0.700057 0.243221 0.036165
0 0.685857 0.810276 0.318732 0.030425
0 0.647267 0.844862 0.193158 0.026119
0 0.632457 0.776550 0.344597 0.030138
0 0.543179 0.910735 0.089278 0.039610
