0 0.535878 0.380023 0.723821 0.068312
0 0.497705 0.301952 0.659157 0.083238
0 0.536295 0.225890 0.770547 0.049943
0 0.548811 0.175517 0.761368 0.049656
0 0.483938 0.126292 0.657489 0.045350
0 0.499374 0.072761 0.691698 0.049082
0 0.602628 0.476894 0.561118 0.032434
0 0.872132 0.588261 0.116395 0.084099
0 0.720484 0.593140 0.123488 0.082377
0 0.570296 0.591131 0.132666 0.084099
0 0.441176 0.589696 0.142261 0.086969
0 0.239257 0.625861 0.178139 0.052526
0 0.238214 0.683697 0.136838 0.040758
0 0.260951 0.565155 0.136421 0.044202
0 0.437839 0.521096 0.078849 0.050230
0 0.580935 0.520379 0.085524 0.048794
0 0.734251 0.520379 0.066750 0.043054
0 0.861285 0.520092 0.093033 0.042480
0 0.859616 0.680683 0.084689 0.040471
0 0.737589 0.679248 0.090947 0.047359
0 0.583020 0.683410 0.115561 0.049369
0 0.436170 0.680396 0.116395 0.039897
0 0.534209 0.816447 0.793909 0.076636
