0 0.450146 0.246125 0.087610 0.027842
0 0.450980 0.281573 0.095119 0.028703
0 0.482895 0.332090 0.157280 0.035017
0 0.681477 0.245121 0.212349 0.035591
0 0.639758 0.278559 0.139758 0.027842
0 0.524614 0.395522 0.638715 0.027555
0 0.515019 0.431831 0.616187 0.035304
0 0.397580 0.469288 0.386316 0.035591
0 0.510013 0.514638 0.611181 0.032147
0 0.359199 0.551808 0.312891 0.035304
0 0.295369 0.601751 0.184397 0.040471
0 0.411765 0.638347 0.418857 0.033869
0 0.287234 0.735792 0.133083 0.035304
0 0.347726 0.775832 0.241552 0.039036
0 0.440968 0.898536 0.089278 0.048507
0 0.289111 0.898680 0.089278 0.047072
