0 0.731331 0.424799 0.325407 0.074053
0 0.340634 0.403559 0.435962 0.039036
0 0.425115 0.305540 0.192741 0.047359
0 0.622653 0.323909 0.188986 0.074914
0 0.813100 0.308410 0.175219 0.042193
0 0.825198 0.230913 0.107635 0.061711
0 0.634335 0.233639 0.175636 0.062572
0 0.411556 0.204076 0.163121 0.041906
0 0.428244 0.249856 0.206508 0.039897
0 0.219024 0.230195 0.189403 0.060850
0 0.221318 0.302956 0.187317 0.045637
0 0.206300 0.127153 0.162286 0.064868
0 0.419065 0.144661 0.142261 0.067738
0 0.601585 0.145953 0.130997 0.062859
0 0.785357 0.149397 0.127242 0.068025
0 0.760951 0.065299 0.058406 0.067451
0 0.565499 0.062428 0.063830 0.066303
0 0.380058 0.066447 0.069253 0.067451
0 0.211306 0.049943 0.170630 0.043628
0 0.414685 0.016073 0.178557 0.030425
0 0.600960 0.012055 0.133917 0.024110
0 0.808719 0.014925 0.153108 0.028703
