0 0.416980 0.785878 0.133917 0.096441
0 0.571131 0.784730 0.135169 0.105626
0 0.219232 0.752296 0.179808 0.036165
0 0.203379 0.672359 0.151439 0.041619
0 0.525031 0.667623 0.445140 0.032147
0 0.626825 0.703071 0.443471 0.027842
0 0.575720 0.624282 0.599082 0.051091
0 0.570713 0.537887 0.586567 0.068886
0 0.422820 0.464265 0.303296 0.042767
0 0.468502 0.373852 0.242804 0.045063
0 0.457447 0.420637 0.222361 0.038749
0 0.774927 0.355482 0.255736 0.077210
0 0.807468 0.266073 0.313308 0.099311
0 0.493325 0.248995 0.290780 0.090413
0 0.463496 0.323622 0.234460 0.049082
0 0.819983 0.179392 0.340843 0.065442
0 0.781602 0.119546 0.261577 0.043341
0 0.438048 0.110936 0.211097 0.024971
0 0.468502 0.178243 0.239466 0.064294
0 0.201919 0.164466 0.141844 0.033295
0 0.221527 0.116676 0.196078 0.043341
0 0.217564 0.249569 0.181477 0.041619
0 0.214226 0.314150 0.174802 0.035304
0 0.216312 0.371269 0.177305 0.042193
0 0.566333 0.025402 0.204839 0.038175
