0 0.332499 0.193312 0.067584 0.015786
0 0.346266 0.214409 0.094285 0.022962
0 0.406550 0.327784 0.122236 0.018370
0 0.434293 0.362945 0.151022 0.016935
0 0.754068 0.399397 0.072174 0.012342
0 0.785982 0.414610 0.132666 0.014064
0 0.326450 0.413031 0.247393 0.022388
0 0.326241 0.446900 0.240300 0.020666
0 0.346475 0.499569 0.204005 0.026693
0 0.536295 0.505023 0.135586 0.031286
0 0.721736 0.498995 0.186900 0.018083
0 0.298498 0.533582 0.103880 0.016648
0 0.421360 0.534587 0.095119 0.022101
0 0.580309 0.537457 0.168544 0.028990
0 0.445348 0.721297 0.199833 0.024110
0 0.447643 0.754592 0.201919 0.026980
0 0.444514 0.787170 0.199833 0.016935
0 0.449729 0.819317 0.209428 0.018657
0 0.774927 0.352755 0.221527 0.043054
