0 0.634960 0.315011 0.272841 0.068025
0 0.430538 0.292767 0.111806 0.032721
0 0.424280 0.214983 0.101794 0.051665
0 0.621402 0.231200 0.251564 0.103042
0 0.695035 0.073766 0.394660 0.126292
0 0.610555 0.160161 0.474343 0.041906
0 0.432833 0.037887 0.119733 0.063720
0 0.248644 0.027268 0.201919 0.048794
0 0.443680 0.377440 0.481018 0.041332
0 0.532332 0.465557 0.668335 0.106200
0 0.412390 0.526263 0.182311 0.027842
0 0.270755 0.562428 0.144347 0.032434
0 0.611389 0.578932 0.525240 0.060276
0 0.532958 0.661883 0.372549 0.056831
0 0.421360 0.696613 0.134335 0.028129
0 0.696287 0.697905 0.155194 0.028416
0 0.678557 0.771814 0.212349 0.097589
0 0.678974 0.852755 0.200668 0.061424
0 0.415937 0.772675 0.290363 0.101607
0 0.177722 0.749856 0.110972 0.033582
0 0.186483 0.902842 0.124322 0.030712
0 0.397163 0.929966 0.263663 0.076923
0 0.715895 0.924512 0.280350 0.072331
