0 0.493116 0.565155 0.092616 0.062572
0 0.727368 0.563863 0.103045 0.065155
0 0.730705 0.634328 0.087192 0.064294
0 0.729036 0.701206 0.085524 0.060276
0 0.723821 0.769661 0.079266 0.058840
0 0.478723 0.766935 0.084689 0.060276
0 0.484773 0.702067 0.083438 0.060850
0 0.483730 0.632463 0.081352 0.063433
0 0.220067 0.498134 0.103880 0.040471
0 0.507718 0.496125 0.110138 0.039897
0 0.722987 0.496986 0.088444 0.037600
0 0.489362 0.450775 0.684189 0.043915
0 0.459741 0.379879 0.216938 0.035304
0 0.266792 0.346297 0.156446 0.096728
0 0.387359 0.279851 0.385065 0.033869
0 0.401544 0.160304 0.357530 0.064581
0 0.291823 0.092710 0.145599 0.066016
0 0.306842 0.022675 0.329996 0.039610
0 0.308928 0.227325 0.330830 0.040758
0 0.211097 0.563002 0.052566 0.058266
0 0.214643 0.631745 0.046308 0.056831
0 0.210471 0.701206 0.040467 0.056831
0 0.211932 0.767078 0.047559 0.057118
