0 0.575511 0.276263 0.643721 0.046211
0 0.562578 0.328071 0.611181 0.048794
0 0.393826 0.381028 0.438048 0.050230
0 0.416145 0.466561 0.522737 0.072044
0 0.388611 0.550660 0.419274 0.040471
0 0.733208 0.570034 0.256571 0.073479
0 0.368586 0.636194 0.397580 0.044489
0 0.226742 0.683697 0.102211 0.039610
0 0.338131 0.785591 0.142261 0.047072
0 0.338965 0.837830 0.131414 0.040184
0 0.343763 0.890356 0.139341 0.043054
0 0.345015 0.937428 0.167710 0.043628
0 0.549437 0.956946 0.182728 0.068886
0 0.530663 0.896096 0.146016 0.054535
0 0.727576 0.916045 0.137672 0.086395
0 0.719441 0.776119 0.136421 0.051091
0 0.548811 0.804392 0.176471 0.063433
0 0.365040 0.735362 0.163538 0.033295
0 0.525031 0.737801 0.126408 0.041619
0 0.719441 0.735362 0.120567 0.043054
0 0.198582 0.735792 0.091781 0.045063
0 0.579474 0.151550 0.446391 0.113662
0 0.435962 0.233927 0.398832 0.049369
0 0.283688 0.111223 0.103463 0.031286
0 0.408636 0.074483 0.331665 0.037600
0 0.413225 0.026693 0.284105 0.042480
0 0.170630 0.077210 0.086775 0.043628
