0 0.405715 0.562715 0.127242 0.051952
0 0.398832 0.651837 0.090947 0.064294
0 0.399040 0.719862 0.088027 0.066016
0 0.522737 0.649684 0.085941 0.062859
0 0.522945 0.720149 0.082186 0.064868
0 0.511681 0.768226 0.110555 0.031286
0 0.694410 0.765069 0.140592 0.028416
0 0.708803 0.648393 0.110972 0.067164
0 0.713600 0.721297 0.109720 0.065442
0 0.277430 0.651263 0.093450 0.066590
0 0.151648 0.650689 0.093033 0.068886
0 0.150814 0.720723 0.097205 0.064294
0 0.275761 0.719719 0.086775 0.065729
0 0.263246 0.768944 0.114310 0.034443
0 0.390071 0.766361 0.123488 0.039610
0 0.140175 0.766504 0.116813 0.035878
0 0.146850 0.835964 0.079266 0.063433
0 0.274510 0.835964 0.078431 0.062285
0 0.398832 0.835534 0.081769 0.060276
0 0.524614 0.837113 0.080517 0.062859
0 0.711932 0.835964 0.113058 0.064581
0 0.712766 0.907290 0.103880 0.067738
0 0.521277 0.906860 0.082186 0.070321
0 0.399666 0.905425 0.077597 0.065729
0 0.272424 0.905568 0.082603 0.066016
0 0.151648 0.906573 0.082186 0.066877
0 0.133500 0.951923 0.111806 0.027268
0 0.260951 0.953789 0.110555 0.030425
0 0.385065 0.954076 0.110972 0.030999
0 0.508135 0.953932 0.109303 0.029564
0 0.695035 0.953789 0.139341 0.031573
0 0.826033 0.369546 0.063413 0.042193
0 0.536921 0.358639 0.521485 0.033008
