0 0.715478 0.430540 0.284522 0.214696
0 0.423237 0.430540 0.244055 0.216418
0 0.269504 0.426952 0.052566 0.211538
0 0.174176 0.343284 0.108052 0.052813
0 0.350021 0.249426 0.211097 0.129162
0 0.726325 0.256458 0.308719 0.138634
0 0.318523 0.108639 0.189821 0.142078
0 0.282436 0.020092 0.263663 0.042480
0 0.173967 0.205080 0.123488 0.057118
0 0.426783 0.646527 0.244472 0.210964
0 0.722570 0.647532 0.294535 0.214122
0 0.272841 0.594001 0.041719 0.101894
0 0.270755 0.695896 0.049228 0.097302
0 0.173133 0.558553 0.113475 0.057979
