0 0.509387 0.068025 0.626617 0.043054
0 0.726533 0.166332 0.264914 0.096728
0 0.447643 0.149254 0.154360 0.098737
0 0.474343 0.019518 0.551523 0.037887
0 0.349186 0.266361 0.176053 0.047646
0 0.731331 0.266361 0.163538 0.048794
0 0.776596 0.388490 0.269086 0.167910
0 0.305799 0.370121 0.236128 0.133467
0 0.315811 0.541906 0.229453 0.105626
0 0.767209 0.559414 0.255319 0.113662
0 0.760951 0.680970 0.236128 0.080654
0 0.762620 0.793197 0.234460 0.128875
0 0.302253 0.654420 0.214018 0.052239
0 0.320818 0.706372 0.239466 0.049369
0 0.294326 0.744690 0.193158 0.031860
0 0.333542 0.882750 0.281602 0.209242
0 0.768461 0.929822 0.242804 0.094432
