0 0.539007 0.347158 0.342929 0.105339
0 0.573217 0.263634 0.403004 0.043915
0 0.270755 0.194030 0.110972 0.051091
0 0.394660 0.194173 0.099291 0.043915
0 0.551731 0.143800 0.644556 0.083812
0 0.303087 0.041332 0.114727 0.041906
0 0.473091 0.044202 0.191907 0.049943
0 0.262203 0.258611 0.088027 0.045924
0 0.639341 0.434414 0.400083 0.045063
0 0.325615 0.437141 0.204839 0.047072
0 0.336462 0.486366 0.176471 0.046785
0 0.634752 0.503014 0.375052 0.077784
0 0.597831 0.584529 0.297872 0.067451
0 0.344597 0.562428 0.178557 0.039897
0 0.253859 0.701062 0.130580 0.105339
0 0.433250 0.838978 0.340843 0.139495
0 0.219024 0.818169 0.077597 0.104191
