0 0.532123 0.448622 0.264080 0.075775
0 0.334376 0.426952 0.085524 0.047933
0 0.481435 0.531142 0.256154 0.035878
0 0.379015 0.581946 0.263246 0.066303
0 0.706508 0.580654 0.170630 0.068886
0 0.381310 0.664753 0.221944 0.064868
0 0.378181 0.763921 0.209846 0.062859
0 0.626408 0.763921 0.117230 0.057692
0 0.399249 0.327354 0.244472 0.068025
0 0.407176 0.256315 0.260325 0.060276
0 0.698373 0.189007 0.172716 0.064581
0 0.428452 0.176665 0.168544 0.047933
0 0.324990 0.121556 0.200250 0.057118
0 0.245932 0.036739 0.100542 0.041332
0 0.386942 0.036309 0.103045 0.034156
