0 0.651231 0.098737 0.447226 0.076923
0 0.663329 0.159300 0.469754 0.026980
0 0.611389 0.229047 0.355027 0.032721
0 0.609720 0.263634 0.365874 0.033008
0 0.605131 0.333381 0.345015 0.035878
0 0.612849 0.372991 0.360451 0.051378
0 0.605340 0.416619 0.361285 0.034156
0 0.400501 0.518370 0.345432 0.035591
0 0.453275 0.576923 0.448477 0.078071
0 0.500000 0.649828 0.501877 0.034443
0 0.773884 0.691734 0.285357 0.048794
0 0.570296 0.714983 0.100125 0.025832
0 0.703379 0.739093 0.140175 0.033869
0 0.305173 0.686137 0.114727 0.033582
0 0.298290 0.785448 0.118481 0.038175
