0 0.234251 0.015356 0.166458 0.031286
0 0.528577 0.051091 0.745932 0.034443
0 0.398415 0.095580 0.503963 0.037887
0 0.496245 0.148249 0.707134 0.042767
0 0.444723 0.200775 0.587401 0.044489
0 0.451606 0.251722 0.605340 0.039610
0 0.476220 0.299512 0.643721 0.035878
0 0.322069 0.332664 0.332916 0.026406
0 0.509387 0.380884 0.716729 0.030999
0 0.203588 0.417049 0.111806 0.026980
0 0.507927 0.465557 0.475177 0.051091
0 0.408636 0.518944 0.318315 0.043054
0 0.528577 0.588691 0.563204 0.067164
0 0.338757 0.656429 0.184397 0.047072
0 0.591573 0.720006 0.337088 0.058266
0 0.328118 0.702067 0.171464 0.028129
