0 0.719650 0.163031 0.382979 0.135476
0 0.353358 0.111079 0.360451 0.049369
0 0.503129 0.039610 0.554860 0.067164
0 0.698582 0.294489 0.357530 0.130884
0 0.455569 0.243255 0.117647 0.039323
0 0.458907 0.377727 0.120150 0.035591
0 0.731331 0.428530 0.408010 0.130310
0 0.684814 0.549656 0.319983 0.103330
0 0.456195 0.504305 0.127242 0.047646
0 0.459533 0.612514 0.125574 0.034443
0 0.711097 0.636625 0.361702 0.067164
0 0.702753 0.702497 0.302461 0.060563
0 0.689403 0.764782 0.284105 0.054822
0 0.459950 0.798220 0.124739 0.030999
0 0.695870 0.851894 0.309554 0.130310
