0 0.341469 0.654994 0.319983 0.064868
0 0.334376 0.749426 0.218189 0.110792
0 0.338340 0.842997 0.226116 0.066016
0 0.759908 0.574627 0.163121 0.048794
0 0.486650 0.576349 0.125574 0.053961
0 0.200042 0.575631 0.110555 0.053674
0 0.342303 0.529851 0.160617 0.053961
0 0.653525 0.522388 0.323321 0.043054
0 0.474969 0.413462 0.234877 0.053100
0 0.447851 0.368542 0.455987 0.043054
0 0.351690 0.303530 0.340426 0.071470
0 0.327701 0.214122 0.204005 0.040184
0 0.593242 0.216992 0.201919 0.046498
0 0.804965 0.214122 0.188152 0.040758
0 0.560701 0.161739 0.665832 0.033582
0 0.372340 0.117250 0.292449 0.044489
