0 0.457030 0.451062 0.576137 0.074340
0 0.584481 0.514064 0.364622 0.029277
0 0.336045 0.562859 0.148102 0.028129
0 0.484564 0.618972 0.348352 0.038175
0 0.557781 0.663031 0.630788 0.052239
0 0.414685 0.737084 0.255319 0.063720
0 0.539633 0.803674 0.491030 0.064868
0 0.306633 0.870982 0.126825 0.041619
0 0.545056 0.871986 0.206508 0.044776
0 0.318315 0.330798 0.297038 0.039897
0 0.632040 0.356774 0.324572 0.074627
0 0.502295 0.278272 0.669170 0.039323
0 0.518773 0.147101 0.703796 0.174225
0 0.467459 0.027411 0.163121 0.038175
