0 0.423655 0.281142 0.425115 0.073192
0 0.303713 0.360792 0.192741 0.037313
0 0.665415 0.362658 0.311222 0.044489
0 0.652065 0.432405 0.192741 0.092710
0 0.348561 0.414323 0.277430 0.046785
0 0.321026 0.494546 0.232374 0.097015
0 0.695661 0.051091 0.160617 0.047072
0 0.729036 0.101320 0.213183 0.049943
0 0.693158 0.156286 0.158949 0.053100
0 0.714852 0.213691 0.178139 0.058266
0 0.492699 0.205080 0.176053 0.037600
0 0.468711 0.157721 0.132249 0.042767
0 0.492699 0.102755 0.122653 0.045924
0 0.471840 0.052813 0.088444 0.044776
