0 0.557989 0.109788 0.635378 0.036452
0 0.588444 0.145235 0.532749 0.034443
0 0.577806 0.181257 0.505632 0.035878
0 0.678974 0.212830 0.355861 0.039897
0 0.415519 0.254162 0.317063 0.049082
0 0.484564 0.360792 0.382562 0.038462
0 0.537964 0.396670 0.481852 0.043054
0 0.632666 0.447044 0.324990 0.029564
0 0.683771 0.477612 0.207760 0.024110
0 0.569670 0.516935 0.556946 0.030425
0 0.574259 0.547790 0.555277 0.035304
0 0.573217 0.581659 0.491448 0.030138
0 0.366083 0.614667 0.440134 0.034730
0 0.255736 0.651406 0.264497 0.033008
0 0.715686 0.646527 0.097205 0.035304
0 0.469754 0.709099 0.692532 0.046211
0 0.461202 0.753731 0.675428 0.035591
0 0.541510 0.796785 0.743429 0.026980
0 0.462036 0.827928 0.580309 0.027268
0 0.492282 0.877009 0.733417 0.053100
