0 0.627451 0.478186 0.444723 0.204937
0 0.276179 0.391791 0.149353 0.033295
0 0.552774 0.311280 0.206925 0.074340
0 0.310805 0.293485 0.248644 0.038175
0 0.239257 0.247991 0.197330 0.049369
0 0.580935 0.204650 0.397580 0.090700
0 0.273884 0.190873 0.212349 0.069460
0 0.573425 0.097589 0.356696 0.118255
0 0.250104 0.054104 0.257405 0.040471
0 0.345849 0.018800 0.368794 0.028990
0 0.654777 0.672933 0.452649 0.084099
0 0.367543 0.617824 0.341260 0.037026
0 0.368586 0.747273 0.343346 0.040471
0 0.460576 0.856487 0.526491 0.147532
