0 0.750521 0.040040 0.234460 0.077210
0 0.755319 0.144805 0.250730 0.119116
0 0.736128 0.225890 0.200668 0.037887
0 0.791197 0.287887 0.288277 0.068886
0 0.383187 0.271527 0.249896 0.031573
0 0.624948 0.376292 0.217772 0.044776
0 0.773884 0.440299 0.294535 0.067738
0 0.760743 0.556257 0.297455 0.154420
0 0.393826 0.446613 0.289529 0.079219
0 0.399666 0.690729 0.287025 0.066877
0 0.748644 0.684271 0.244055 0.082090
0 0.767000 0.778846 0.272424 0.099598
0 0.367126 0.809271 0.153525 0.032434
0 0.748853 0.878875 0.218607 0.092997
0 0.377972 0.911165 0.243638 0.057692
0 0.717564 0.957233 0.231122 0.050517
