0 0.293075 0.556544 0.190655 0.057405
0 0.295369 0.485362 0.191072 0.071757
0 0.310597 0.429535 0.081352 0.042767
0 0.691489 0.450918 0.294118 0.070034
0 0.508135 0.362945 0.315394 0.074914
0 0.460993 0.293197 0.215269 0.061711
0 0.498540 0.246986 0.280350 0.036452
0 0.314560 0.212256 0.276179 0.039897
0 0.544431 0.179248 0.463913 0.042193
0 0.554443 0.087400 0.585732 0.120838
0 0.296829 0.022101 0.185649 0.037313
0 0.648936 0.681975 0.204005 0.064868
0 0.641427 0.618398 0.183146 0.042767
0 0.299541 0.619403 0.196078 0.039610
0 0.296829 0.683553 0.188152 0.060563
0 0.313517 0.765643 0.234043 0.064581
0 0.651231 0.768370 0.207760 0.063720
0 0.644556 0.823622 0.145181 0.034730
0 0.298081 0.826206 0.153108 0.044489
