0 0.241135 0.079506 0.277013 0.109644
0 0.248644 0.182262 0.291197 0.049369
0 0.254485 0.226177 0.176053 0.040758
0 0.467668 0.176234 0.088444 0.045350
0 0.306842 0.312285 0.249061 0.103904
0 0.637255 0.277268 0.292449 0.031573
0 0.624739 0.331515 0.123905 0.070608
0 0.628285 0.389064 0.091781 0.041045
0 0.885690 0.293197 0.125991 0.061711
0 0.246350 0.550230 0.173133 0.061424
0 0.462036 0.529564 0.193992 0.036739
0 0.731331 0.646240 0.202753 0.066877
0 0.743221 0.732491 0.215686 0.066016
0 0.536504 0.867968 0.240300 0.064294
0 0.463287 0.919202 0.093867 0.027842
0 0.284731 0.868542 0.175636 0.066016
0 0.216103 0.803243 0.173550 0.038175
0 0.167918 0.855626 0.044639 0.020666
