0 0.546099 0.403990 0.704214 0.226464
0 0.168961 0.302813 0.043388 0.040758
0 0.525657 0.573335 0.647476 0.096728
0 0.521694 0.679392 0.644556 0.108496
0 0.327076 0.761338 0.245307 0.062859
0 0.261368 0.826493 0.116395 0.062285
0 0.410722 0.827641 0.111389 0.062285
0 0.562370 0.826493 0.120985 0.059414
0 0.704839 0.823909 0.115561 0.059414
0 0.702545 0.961251 0.112641 0.057405
0 0.555277 0.960964 0.107635 0.056831
0 0.404047 0.961682 0.109720 0.058266
0 0.258239 0.962687 0.105966 0.060850
0 0.257196 0.894231 0.111389 0.057118
0 0.383813 0.893370 0.124322 0.058840
0 0.457447 0.269518 0.617856 0.041332
0 0.520025 0.153272 0.739675 0.164179
0 0.388402 0.033726 0.479766 0.062285
