0 0.300375 0.332664 0.199416 0.040758
0 0.598665 0.237371 0.339591 0.118829
0 0.274093 0.236653 0.307050 0.127727
0 0.213600 0.026550 0.079266 0.037026
0 0.584481 0.082377 0.217772 0.122847
0 0.349186 0.101320 0.246141 0.105052
0 0.557155 0.485505 0.615353 0.230482
0 0.194827 0.400115 0.062578 0.046498
0 0.432833 0.652842 0.414268 0.037600
0 0.206300 0.652842 0.056320 0.040471
0 0.512516 0.704793 0.602003 0.046211
0 0.419900 0.757750 0.429287 0.043054
0 0.564664 0.892509 0.677931 0.132319
0 0.370046 0.809989 0.285357 0.037887
0 0.195661 0.805827 0.055903 0.037600
