0 0.573008 0.358927 0.625365 0.153559
0 0.427201 0.252440 0.326241 0.049082
0 0.306008 0.177956 0.149771 0.059127
0 0.350855 0.048364 0.232791 0.061711
0 0.661869 0.074053 0.229036 0.106200
0 0.949729 0.477468 0.142261 0.059989
0 0.284105 0.525258 0.102628 0.035591
0 0.641635 0.542480 0.594910 0.076923
0 0.526700 0.611653 0.601168 0.051091
0 0.501877 0.658582 0.109303 0.060563
0 0.434084 0.470293 0.340008 0.045637
0 0.509387 0.727181 0.568210 0.051952
0 0.620985 0.797646 0.095536 0.054535
0 0.375887 0.795350 0.268669 0.053387
0 0.567376 0.858352 0.156028 0.063433
0 0.261786 0.850459 0.283271 0.056831
0 0.441802 0.889208 0.162703 0.043054
