0 0.394451 0.241389 0.397580 0.101033
0 0.405090 0.310276 0.243638 0.035591
0 0.377347 0.365528 0.355861 0.041619
0 0.732582 0.420924 0.361285 0.144948
0 0.422612 0.512055 0.424698 0.047072
0 0.748436 0.584673 0.294535 0.050517
0 0.382979 0.584386 0.362119 0.052239
0 0.472674 0.750000 0.115144 0.105052
0 0.603671 0.749713 0.088444 0.101033
0 0.744264 0.748852 0.146016 0.100459
0 0.733834 0.866533 0.125156 0.099311
0 0.593242 0.868972 0.090113 0.111079
0 0.479349 0.865959 0.119316 0.100459
0 0.351481 0.831803 0.063830 0.049943
0 0.354819 0.717279 0.073008 0.045924
0 0.223404 0.716131 0.107217 0.044776
0 0.332708 0.104621 0.173967 0.042767
0 0.587192 0.123278 0.257405 0.070896
